rfq_id,buyer_id,raw_rfq_text,product_category,material,grade,dimension,quantity,unit,buyer_location,delivery_days,application,urgency,historical_engagement,estimated_order_value,intent_label
R00001,B0033,"Please quote for 798 hydraulic cylinders, Stainless Steel, MS, 150 mm. Location: Kolkata. Required by 26 days.",Hydraulic Cylinders,Stainless Steel,MS,150 mm,798,units,Kolkata,26,OEM project,Flexible,1.0,235858.47,Low
R00002,B0608,"Please quote for 11589 electric motors, Aluminium, IE3, 25 HP. Location: Nagpur. Required by 42 days.",Electric Motors,Aluminium,IE3,25 HP,11589,units,Nagpur,42,General manufacturing,Flexible,0.64,4573586.94,Medium
R00003,B0603,"Need 8789 sheet metal parts for general manufacturing, Mild Steel SS304, 2 mm. Delivery required in Bengaluru within 40 days. Please share quotation.",Sheet Metal Parts,Mild Steel,SS304,2 mm,8789,units,Bengaluru,40,General manufacturing,Flexible,0.77,2560790.62,Medium
R00004,B0113,"Looking for 1795 units of Aluminium electric motors (IE2), size 5 HP, for our construction plant in Nashik. Need delivery in 17 days.",Electric Motors,Aluminium,IE2,5 HP,1795,units,Nashik,17,Construction,Normal,0.62,521769.28,Medium
R00005,B0634,"Please quote for 10509 industrial pumps, Cast Iron, SS304, 10 HP. Location: Mumbai. Required by 32 days.",Industrial Pumps,Cast Iron,SS304,10 HP,10509,units,Mumbai,32,General manufacturing,Flexible,0.94,3989770.73,Medium
R00006,B0036,"Looking for 10875 units of Rubber conveyor belts (Food Grade), size 1000 mm, for our industrial plant plant in Nagpur. Need delivery in 26 days.",Conveyor Belts,Rubber,Food Grade,1000 mm,10875,units,Nagpur,26,Industrial plant,Flexible,0.83,3146720.18,High
R00007,B1210,"Looking for 11409 units of Stainless Steel hydraulic cylinders (MS), size 50 mm, for our general manufacturing plant in Nagpur. Need delivery in 42 days.",Hydraulic Cylinders,Stainless Steel,MS,50 mm,11409,units,Nagpur,42,General manufacturing,Flexible,0.54,1034526.34,Medium
R00008,B1151,"Looking for 9041 units of Mild Steel steel brackets (MS), size 3 mm, for our general manufacturing plant in Hyderabad. Need delivery in 39 days.",Steel Brackets,Mild Steel,MS,3 mm,9041,units,Hyderabad,39,General manufacturing,Flexible,0.81,1120934.02,Medium
R00009,B0493,"Please quote for 5159 ball valves, Stainless Steel, SS304, 3 inch. Location: Nagpur. Required by 24 days.",Ball Valves,Stainless Steel,SS304,3 inch,5159,units,Nagpur,24,Automotive,Normal,0.8,1444028.25,High
R00010,B0798,"Need 2710 electric motors for automotive, Cast Iron IE2, 5 HP. Delivery required in Chennai within 17 days. Please share quotation.",Electric Motors,Cast Iron,IE2,5 HP,2710,units,Chennai,17,Automotive,Normal,1.0,562387.41,Medium
R00011,B0099,"Need 1249 ball valves for industrial plant, Carbon Steel CS, 1 inch. Delivery required in Mumbai within 45 days. Please share quotation.",Ball Valves,Carbon Steel,CS,1 inch,1249,units,Mumbai,45,Industrial plant,Flexible,0.38,537239.72,Low
R00012,B0402,"Please quote for 10339 industrial pumps, Cast Iron, SS304, 10 HP. Location: Nagpur. Required by 7 days.",Industrial Pumps,Cast Iron,SS304,10 HP,10339,units,Nagpur,7,Construction,Urgent,0.95,3330997.03,High
R00013,B0801,"Need 6055 gearboxes for construction, Cast Iron Helical, 10 HP. Delivery required in Delhi within 43 days. Please share quotation.",Gearboxes,Cast Iron,Helical,10 HP,6055,units,Delhi,43,Construction,Flexible,0.06,1861556.1,Medium
R00014,B1485,"Please quote for 11020 sheet metal parts, Mild Steel, SS304, 5 mm. Location: Nashik. Required by 41 days.",Sheet Metal Parts,Mild Steel,SS304,5 mm,11020,units,Nashik,41,Industrial plant,Flexible,0.83,4835302.76,Medium
R00015,B0400,"Need 11477 gearboxes for construction, Cast Iron Helical, 10 HP. Delivery required in Nagpur within 7 days. Please share quotation.",Gearboxes,Cast Iron,Helical,10 HP,11477,units,Nagpur,7,Construction,Urgent,0.2,1677289.6,High
R00016,B0951,"Need 5883 conveyor belts for construction, Rubber Grade A, 800 mm. Delivery required in Nashik within 15 days. Please share quotation.",Conveyor Belts,Rubber,Grade A,800 mm,5883,units,Nashik,15,Construction,Normal,0.2,2735830.71,High
R00017,B0651,"Need 2696 steel brackets for automotive, Stainless Steel SS304, 8 mm. Delivery required in Pune within 27 days. Please share quotation.",Steel Brackets,Stainless Steel,SS304,8 mm,2696,units,Pune,27,Automotive,Flexible,0.47,1321528.57,Medium
R00018,B1186,"Looking for 3595 units of Stainless Steel hydraulic cylinders (MS), size 50 mm, for our oem project plant in Chennai. Need delivery in 7 days.",Hydraulic Cylinders,Stainless Steel,MS,50 mm,3595,units,Chennai,7,OEM project,Urgent,0.05,1730612.01,High
R00019,B0964,"Please quote for 7084 gearboxes, Steel, Helical, 2 HP. Location: Ahmedabad. Required by 21 days.",Gearboxes,Steel,Helical,2 HP,7084,units,Ahmedabad,21,Automotive,Normal,0.11,487205.01,Medium
R00020,B1207,"Please quote for 8431 steel brackets, Mild Steel, MS, 8 mm. Location: Nashik. Required by 14 days.",Steel Brackets,Mild Steel,MS,8 mm,8431,units,Nashik,14,Automotive,Normal,0.83,2157966.37,High
R00021,B0897,"Need 6899 ball valves for oem project, Stainless Steel SS316, 3 inch. Delivery required in Nashik within 39 days. Please share quotation.",Ball Valves,Stainless Steel,SS316,3 inch,6899,units,Nashik,39,OEM project,Flexible,0.76,2412263.17,Medium
R00022,B0047,"Looking for 2923 units of Rubber conveyor belts (Grade A), size 1000 mm, for our general manufacturing plant in Kolkata. Need delivery in 23 days.",Conveyor Belts,Rubber,Grade A,1000 mm,2923,units,Kolkata,23,General manufacturing,Normal,0.79,1405052.03,Medium
R00023,B0032,"Looking for 7856 units of Steel gearboxes (Helical), size 5 HP, for our general manufacturing plant in Pune. Need delivery in 28 days.",Gearboxes,Steel,Helical,5 HP,7856,units,Pune,28,General manufacturing,Flexible,0.76,709720.49,High
R00024,B1351,"Looking for 2820 units of Cast Iron gearboxes (Helical), size 10 HP, for our construction plant in Nashik. Need delivery in 17 days.",Gearboxes,Cast Iron,Helical,10 HP,2820,units,Nashik,17,Construction,Normal,0.01,975152.11,Medium
R00025,B1169,"Need 4360 hydraulic cylinders for industrial plant, Stainless Steel MS, 150 mm. Delivery required in Hyderabad within 39 days. Please share quotation.",Hydraulic Cylinders,Stainless Steel,MS,150 mm,4360,units,Hyderabad,39,Industrial plant,Flexible,0.33,451796.58,Low
R00026,B0034,"Need 9696 gearboxes for industrial plant, Steel Helical, 10 HP. Delivery required in Kolkata within 20 days. Please share quotation.",Gearboxes,Steel,Helical,10 HP,9696,units,Kolkata,20,Industrial plant,Normal,0.13,2738427.07,Medium
R00027,B0598,"Please quote for 11354 industrial pumps, Cast Iron, SS304, 20 HP. Location: Delhi. Required by 45 days.",Industrial Pumps,Cast Iron,SS304,20 HP,11354,units,Delhi,45,OEM project,Flexible,0.13,1593763.54,Medium
R00028,B1342,"Looking for 5701 units of Steel hydraulic cylinders (MS), size 100 mm, for our oem project plant in Chennai. Need delivery in 43 days.",Hydraulic Cylinders,Steel,MS,100 mm,5701,units,Chennai,43,OEM project,Flexible,0.09,211984.56,Low
R00029,B0563,"Looking for 6417 units of Stainless Steel steel brackets (MS), size 5 mm, for our oem project plant in Chennai. Need delivery in 15 days.",Steel Brackets,Stainless Steel,MS,5 mm,6417,units,Chennai,15,OEM project,Normal,0.78,2024433.74,High
R00030,B1472,"Need 8739 ball valves for oem project, Carbon Steel SS316, 3 inch. Delivery required in Chennai within 27 days. Please share quotation.",Ball Valves,Carbon Steel,SS316,3 inch,8739,units,Chennai,27,OEM project,Flexible,0.84,2296492.43,High
R00031,B0756,"Need 645 steel brackets for oem project, Mild Steel SS304, 5 mm. Delivery required in Kolkata within 23 days. Please share quotation.",Steel Brackets,Mild Steel,SS304,5 mm,645,units,Kolkata,23,OEM project,Normal,0.7,258228.66,Low
R00032,B1110,"Need 11942 industrial pumps for general manufacturing, Cast Iron SS316, 10 HP. Delivery required in Nagpur within 24 days. Please share quotation.",Industrial Pumps,Cast Iron,SS316,10 HP,11942,units,Nagpur,24,General manufacturing,Normal,0.78,1841535.24,High
R00033,B0603,"Need 3010 hydraulic cylinders for general manufacturing, Stainless Steel SS304, 100 mm. Delivery required in Kolkata within 28 days. Please share quotation.",Hydraulic Cylinders,Stainless Steel,SS304,100 mm,3010,units,Kolkata,28,General manufacturing,Flexible,0.64,1238039.37,Medium
R00034,B0672,"Need 3207 steel brackets for automotive, Mild Steel MS, 3 mm. Delivery required in Kolkata within 39 days. Please share quotation.",Steel Brackets,Mild Steel,MS,3 mm,3207,units,Kolkata,39,Automotive,Flexible,0.53,1111719.87,Medium
R00035,B1085,"Please quote for 6394 hydraulic cylinders, Stainless Steel, MS, 100 mm. Location: Nashik. Required by 39 days.",Hydraulic Cylinders,Stainless Steel,MS,100 mm,6394,units,Nashik,39,Industrial plant,Flexible,0.78,810054.63,Medium
R00036,B0792,"Please quote for 1760 hydraulic cylinders, Steel, MS, 150 mm. Location: Kolkata. Required by 28 days.",Hydraulic Cylinders,Steel,MS,150 mm,1760,units,Kolkata,28,Construction,Flexible,0.32,257255.13,Low
R00037,B1182,"Need 3693 hydraulic cylinders for construction, Stainless Steel SS304, 100 mm. Delivery required in Pune within 15 days. Please share quotation.",Hydraulic Cylinders,Stainless Steel,SS304,100 mm,3693,units,Pune,15,Construction,Normal,0.93,982001.55,High
R00038,B0177,"Looking for 2720 units of Carbon Steel ball valves (CS), size 2 inch, for our oem project plant in Pune. Need delivery in 15 days.",Ball Valves,Carbon Steel,CS,2 inch,2720,units,Pune,15,OEM project,Normal,0.21,1090330.27,Medium
R00039,B0440,"Looking for 7453 units of Aluminium electric motors (IE3), size 10 HP, for our construction plant in Mumbai. Need delivery in 23 days.",Electric Motors,Aluminium,IE3,10 HP,7453,units,Mumbai,23,Construction,Normal,0.48,2364853.1,Medium
R00040,B0224,"Looking for 5218 units of Stainless Steel ball valves (SS316), size 2 inch, for our oem project plant in Pune. Need delivery in 4 days.",Ball Valves,Stainless Steel,SS316,2 inch,5218,units,Pune,4,OEM project,Urgent,0.95,1715625.08,High
R00041,B0124,"Please quote for 7501 ball valves, Stainless Steel, SS316, 1 inch. Location: Hyderabad. Required by 42 days.",Ball Valves,Stainless Steel,SS316,1 inch,7501,units,Hyderabad,42,OEM project,Flexible,0.73,1852642.76,Medium
R00042,B0281,"Looking for 5934 units of Mild Steel steel brackets (SS304), size 5 mm, for our oem project plant in Nashik. Need delivery in 18 days.",Steel Brackets,Mild Steel,SS304,5 mm,5934,units,Nashik,18,OEM project,Normal,0.56,582356.65,Medium
R00043,B1447,"Looking for 9581 units of Steel gearboxes (Helical), size 5 HP, for our general manufacturing plant in Kolkata. Need delivery in 29 days.",Gearboxes,Steel,Helical,5 HP,9581,units,Kolkata,29,General manufacturing,Flexible,0.51,827272.88,Medium
R00044,B0170,"Please quote for 5219 electric motors, Cast Iron, IE3, 10 HP. Location: Nagpur. Required by 21 days.",Electric Motors,Cast Iron,IE3,10 HP,5219,units,Nagpur,21,Industrial plant,Normal,0.43,401631.97,Medium
R00045,B0485,"Need 665 hydraulic cylinders for construction, Steel MS, 50 mm. Delivery required in Pune within 12 days. Please share quotation.",Hydraulic Cylinders,Steel,MS,50 mm,665,units,Pune,12,Construction,Normal,0.64,87382.99,Low
R00046,B0374,"Please quote for 3433 ball valves, Carbon Steel, SS316, 1 inch. Location: Pune. Required by 23 days.",Ball Valves,Carbon Steel,SS316,1 inch,3433,units,Pune,23,Construction,Normal,0.1,770117.2,Medium
R00047,B0920,"Please quote for 9628 electric motors, Cast Iron, IE3, 10 HP. Location: Nagpur. Required by 34 days.",Electric Motors,Cast Iron,IE3,10 HP,9628,units,Nagpur,34,Industrial plant,Flexible,0.79,1218914.89,Medium
R00048,B0143,"Please quote for 124 electric motors, Cast Iron, IE2, 25 HP. Location: Nashik. Required by 26 days.",Electric Motors,Cast Iron,IE2,25 HP,124,units,Nashik,26,OEM project,Flexible,0.22,19616.6,Low
R00049,B0190,"Need 1050 steel brackets for oem project, Stainless Steel SS304, 3 mm. Delivery required in Nashik within 15 days. Please share quotation.",Steel Brackets,Stainless Steel,SS304,3 mm,1050,units,Nashik,15,OEM project,Normal,0.38,174654.2,Low
R00050,B0966,"Looking for 6825 units of Stainless Steel industrial pumps (CI), size 5 HP, for our industrial plant plant in Ahmedabad. Need delivery in 34 days.",Industrial Pumps,Stainless Steel,CI,5 HP,6825,units,Ahmedabad,34,Industrial plant,Flexible,0.52,1881012.96,Medium
R00051,B0278,"Looking for 5755 units of Carbon Steel ball valves (SS304), size 1 inch, for our construction plant in Chennai. Need delivery in 32 days.",Ball Valves,Carbon Steel,SS304,1 inch,5755,units,Chennai,32,Construction,Flexible,0.15,848877.18,Medium
R00052,B0109,"Please quote for 1498 industrial pumps, Cast Iron, SS304, 20 HP. Location: Kolkata. Required by 45 days.",Industrial Pumps,Cast Iron,SS304,20 HP,1498,units,Kolkata,45,General manufacturing,Flexible,0.87,103481.8,Low
R00053,B1194,"Need 1057 sheet metal parts for industrial plant, Mild Steel SS304, 2 mm. Delivery required in Chennai within 16 days. Please share quotation.",Sheet Metal Parts,Mild Steel,SS304,2 mm,1057,units,Chennai,16,Industrial plant,Normal,0.96,307537.03,Low
R00054,B0875,"Looking for 2562 units of Cast Iron industrial pumps (SS304), size 5 HP, for our oem project plant in Nagpur. Need delivery in 39 days.",Industrial Pumps,Cast Iron,SS304,5 HP,2562,units,Nagpur,39,OEM project,Flexible,0.66,175212.17,Low
R00055,B1107,"Need 9041 ball valves for industrial plant, Carbon Steel SS304, 3 inch. Delivery required in Nashik within 18 days. Please share quotation.",Ball Valves,Carbon Steel,SS304,3 inch,9041,units,Nashik,18,Industrial plant,Normal,0.32,3606353.75,Medium
R00056,B0682,"Looking for 8033 units of Cast Iron electric motors (IE3), size 5 HP, for our industrial plant plant in Chennai. Need delivery in 34 days.",Electric Motors,Cast Iron,IE3,5 HP,8033,units,Chennai,34,Industrial plant,Flexible,0.87,236081.43,Medium
R00057,B0505,"Please quote for 9909 sheet metal parts, Mild Steel, MS, 5 mm. Location: Nagpur. Required by 31 days.",Sheet Metal Parts,Mild Steel,MS,5 mm,9909,units,Nagpur,31,Automotive,Flexible,0.9,461858.6,Medium
R00058,B0058,"Please quote for 8053 sheet metal parts, Stainless Steel, MS, 2 mm. Location: Bengaluru. Required by 11 days.",Sheet Metal Parts,Stainless Steel,MS,2 mm,8053,units,Bengaluru,11,OEM project,Normal,0.75,666150.58,High
R00059,B1243,"Please quote for 11967 ball valves, Stainless Steel, SS316, 2 inch. Location: Pune. Required by 38 days.",Ball Valves,Stainless Steel,SS316,2 inch,11967,units,Pune,38,Industrial plant,Flexible,0.88,3422811.02,Medium
R00060,B0083,"Need 11849 sheet metal parts for oem project, Stainless Steel MS, 10 mm. Delivery required in Bengaluru within 45 days. Please share quotation.",Sheet Metal Parts,Stainless Steel,MS,10 mm,11849,units,Bengaluru,45,OEM project,Flexible,0.02,5493969.4,Medium
R00061,B0431,"Please quote for 1363 electric motors, Aluminium, IE3, 25 HP. Location: Nagpur. Required by 39 days.",Electric Motors,Aluminium,IE3,25 HP,1363,units,Nagpur,39,Construction,Flexible,0.57,133904.23,Low
R00062,B1048,"Need 9476 ball valves for construction, Stainless Steel SS304, 3 inch. Delivery required in Nashik within 40 days. Please share quotation.",Ball Valves,Stainless Steel,SS304,3 inch,9476,units,Nashik,40,Construction,Flexible,0.06,1450286.73,Medium
R00063,B0310,"Please quote for 1374 conveyor belts, Rubber, Food Grade, 800 mm. Location: Delhi. Required by 40 days.",Conveyor Belts,Rubber,Food Grade,800 mm,1374,units,Delhi,40,General manufacturing,Flexible,0.15,59411.63,Low
R00064,B1380,"Need 11495 conveyor belts for general manufacturing, Rubber Grade A, 1000 mm. Delivery required in Chennai within 29 days. Please share quotation.",Conveyor Belts,Rubber,Grade A,1000 mm,11495,units,Chennai,29,General manufacturing,Flexible,0.12,4486049.22,Medium
R00065,B1084,"Looking for 2980 units of Steel gearboxes (Helical), size 2 HP, for our oem project plant in Pune. Need delivery in 10 days.",Gearboxes,Steel,Helical,2 HP,2980,units,Pune,10,OEM project,Urgent,0.93,1006120.96,High
R00066,B1363,"Looking for 9389 units of Rubber conveyor belts (Grade A), size 800 mm, for our general manufacturing plant in Delhi. Need delivery in 30 days.",Conveyor Belts,Rubber,Grade A,800 mm,9389,units,Delhi,30,General manufacturing,Flexible,0.78,2239884.54,High
R00067,B0691,"Need 1665 ball valves for automotive, Stainless Steel SS316, 1 inch. Delivery required in Mumbai within 21 days. Please share quotation.",Ball Valves,Stainless Steel,SS316,1 inch,1665,units,Mumbai,21,Automotive,Normal,0.58,145676.48,Low
R00068,B0717,"Please quote for 4717 hydraulic cylinders, Steel, MS, 150 mm. Location: Hyderabad. Required by 11 days.",Hydraulic Cylinders,Steel,MS,150 mm,4717,units,Hyderabad,11,Automotive,Normal,0.38,924669.05,Medium
R00069,B0200,"Need 10947 ball valves for construction, Stainless Steel SS304, 3 inch. Delivery required in Nagpur within 41 days. Please share quotation.",Ball Valves,Stainless Steel,SS304,3 inch,10947,units,Nagpur,41,Construction,Flexible,0.97,308732.75,Medium
R00070,B0056,"Looking for 6964 units of Stainless Steel ball valves (SS316), size 1 inch, for our construction plant in Bengaluru. Need delivery in 38 days.",Ball Valves,Stainless Steel,SS316,1 inch,6964,units,Bengaluru,38,Construction,Flexible,0.94,574948.74,Medium
R00071,B0341,"Please quote for 901 steel brackets, Stainless Steel, SS304, 5 mm. Location: Hyderabad. Required by 10 days.",Steel Brackets,Stainless Steel,SS304,5 mm,901,units,Hyderabad,10,Construction,Urgent,0.62,138219.5,Medium
R00072,B0220,"Looking for 9699 units of Mild Steel sheet metal parts (SS304), size 5 mm, for our industrial plant plant in Pune. Need delivery in 29 days.",Sheet Metal Parts,Mild Steel,SS304,5 mm,9699,units,Pune,29,Industrial plant,Flexible,0.32,4594156.08,Medium
R00073,B1017,"Please quote for 11658 steel brackets, Stainless Steel, SS304, 8 mm. Location: Ahmedabad. Required by 5 days.",Steel Brackets,Stainless Steel,SS304,8 mm,11658,units,Ahmedabad,5,Industrial plant,Urgent,0.91,5297933.89,High
R00074,B0354,"Need 10225 sheet metal parts for general manufacturing, Stainless Steel SS304, 5 mm. Delivery required in Mumbai within 26 days. Please share quotation.",Sheet Metal Parts,Stainless Steel,SS304,5 mm,10225,units,Mumbai,26,General manufacturing,Flexible,0.25,1603494.03,Medium
R00075,B0080,"Need 7133 ball valves for automotive, Stainless Steel SS316, 2 inch. Delivery required in Pune within 10 days. Please share quotation.",Ball Valves,Stainless Steel,SS316,2 inch,7133,units,Pune,10,Automotive,Urgent,0.03,1903140.4,High
R00076,B1489,"Please quote for 6551 gearboxes, Cast Iron, Helical, 5 HP. Location: Ahmedabad. Required by 8 days.",Gearboxes,Cast Iron,Helical,5 HP,6551,units,Ahmedabad,8,General manufacturing,Urgent,0.37,1756250.54,High
R00077,B0505,"Need 11813 ball valves for automotive, Stainless Steel CS, 1 inch. Delivery required in Mumbai within 24 days. Please share quotation.",Ball Valves,Stainless Steel,CS,1 inch,11813,units,Mumbai,24,Automotive,Normal,0.46,2804669.66,Medium
R00078,B0403,"Need 4734 conveyor belts for construction, PU Grade A, 500 mm. Delivery required in Bengaluru within 36 days. Please share quotation.",Conveyor Belts,PU,Grade A,500 mm,4734,units,Bengaluru,36,Construction,Flexible,0.02,354192.25,Low
R00079,B1150,"Need 8672 gearboxes for general manufacturing, Cast Iron Worm, 10 HP. Delivery required in Bengaluru within 31 days. Please share quotation.",Gearboxes,Cast Iron,Worm,10 HP,8672,units,Bengaluru,31,General manufacturing,Flexible,0.33,1024941.17,Medium
R00080,B0284,"Please quote for 4185 conveyor belts, PU, Grade A, 800 mm. Location: Hyderabad. Required by 28 days.",Conveyor Belts,PU,Grade A,800 mm,4185,units,Hyderabad,28,General manufacturing,Flexible,0.85,1137548.45,Medium
R00081,B0239,"Need 6622 industrial pumps for automotive, Stainless Steel SS304, 10 HP. Delivery required in Hyderabad within 30 days. Please share quotation.",Industrial Pumps,Stainless Steel,SS304,10 HP,6622,units,Hyderabad,30,Automotive,Flexible,0.45,2532558.1,Medium
R00082,B1465,"Please quote for 631 sheet metal parts, Stainless Steel, MS, 5 mm. Location: Pune. Required by 44 days.",Sheet Metal Parts,Stainless Steel,MS,5 mm,631,units,Pune,44,Construction,Flexible,0.76,33199.09,Low
R00083,B0610,"Please quote for 10959 electric motors, Aluminium, IE3, 5 HP. Location: Mumbai. Required by 23 days.",Electric Motors,Aluminium,IE3,5 HP,10959,units,Mumbai,23,Industrial plant,Normal,0.83,4468634.51,High
R00084,B1140,"Please quote for 3684 sheet metal parts, Stainless Steel, SS304, 10 mm. Location: Mumbai. Required by 15 days.",Sheet Metal Parts,Stainless Steel,SS304,10 mm,3684,units,Mumbai,15,General manufacturing,Normal,0.29,749569.48,Medium
R00085,B0661,"Looking for 3563 units of Steel gearboxes (Helical), size 2 HP, for our automotive plant in Chennai. Need delivery in 21 days.",Gearboxes,Steel,Helical,2 HP,3563,units,Chennai,21,Automotive,Normal,0.18,1492326.56,Medium
R00086,B0105,"Please quote for 1117 electric motors, Aluminium, IE3, 5 HP. Location: Ahmedabad. Required by 13 days.",Electric Motors,Aluminium,IE3,5 HP,1117,units,Ahmedabad,13,General manufacturing,Normal,0.46,137261.74,Low
R00087,B1118,"Need 919 steel brackets for automotive, Stainless Steel SS304, 5 mm. Delivery required in Nashik within 45 days. Please share quotation.",Steel Brackets,Stainless Steel,SS304,5 mm,919,units,Nashik,45,Automotive,Flexible,0.24,393164.09,Low
R00088,B0145,"Please quote for 7301 sheet metal parts, Mild Steel, MS, 2 mm. Location: Pune. Required by 37 days.",Sheet Metal Parts,Mild Steel,MS,2 mm,7301,units,Pune,37,OEM project,Flexible,0.93,1927058.06,Medium
R00089,B1039,"Looking for 1990 units of Cast Iron electric motors (IE2), size 5 HP, for our oem project plant in Chennai. Need delivery in 25 days.",Electric Motors,Cast Iron,IE2,5 HP,1990,units,Chennai,25,OEM project,Normal,0.44,460425.75,Low
R00090,B0387,"Looking for 4271 units of Stainless Steel industrial pumps (SS304), size 5 HP, for our general manufacturing plant in Kolkata. Need delivery in 5 days.",Industrial Pumps,Stainless Steel,SS304,5 HP,4271,units,Kolkata,5,General manufacturing,Urgent,0.56,1812802.28,High
R00091,B1229,"Please quote for 10964 electric motors, Cast Iron, IE2, 25 HP. Location: Mumbai. Required by 13 days.",Electric Motors,Cast Iron,IE2,25 HP,10964,units,Mumbai,13,OEM project,Normal,0.42,4384529.67,High
R00092,B0182,"Please quote for 11001 steel brackets, Mild Steel, MS, 8 mm. Location: Chennai. Required by 45 days.",Steel Brackets,Mild Steel,MS,8 mm,11001,units,Chennai,45,Automotive,Flexible,0.42,842662.44,Medium
R00093,B0683,"Please quote for 9061 hydraulic cylinders, Stainless Steel, MS, 100 mm. Location: Delhi. Required by 14 days.",Hydraulic Cylinders,Stainless Steel,MS,100 mm,9061,units,Delhi,14,General manufacturing,Normal,0.38,2608934.25,High
R00094,B0580,"Please quote for 10997 ball valves, Carbon Steel, CS, 3 inch. Location: Hyderabad. Required by 14 days.",Ball Valves,Carbon Steel,CS,3 inch,10997,units,Hyderabad,14,Construction,Normal,0.38,3925547.35,High
R00095,B0791,"Need 4372 conveyor belts for construction, PU Food Grade, 500 mm. Delivery required in Chennai within 35 days. Please share quotation.",Conveyor Belts,PU,Food Grade,500 mm,4372,units,Chennai,35,Construction,Flexible,0.16,796790.87,Medium
R00096,B1095,"Looking for 8910 units of Steel hydraulic cylinders (SS304), size 100 mm, for our automotive plant in Kolkata. Need delivery in 11 days.",Hydraulic Cylinders,Steel,SS304,100 mm,8910,units,Kolkata,11,Automotive,Normal,0.53,1127660.65,High
R00097,B0871,"Need 4255 conveyor belts for industrial plant, Rubber Food Grade, 500 mm. Delivery required in Hyderabad within 33 days. Please share quotation.",Conveyor Belts,Rubber,Food Grade,500 mm,4255,units,Hyderabad,33,Industrial plant,Flexible,0.62,1261012.3,Medium
R00098,B0419,"Please quote for 3533 ball valves, Stainless Steel, SS316, 1 inch. Location: Mumbai. Required by 40 days.",Ball Valves,Stainless Steel,SS316,1 inch,3533,units,Mumbai,40,Industrial plant,Flexible,0.41,1452537.9,Medium
R00099,B0194,"Looking for 6698 units of Rubber conveyor belts (Food Grade), size 1000 mm, for our industrial plant plant in Pune. Need delivery in 24 days.",Conveyor Belts,Rubber,Food Grade,1000 mm,6698,units,Pune,24,Industrial plant,Normal,0.33,1922466.74,Medium
R00100,B0396,"Please quote for 4969 industrial pumps, Stainless Steel, SS316, 10 HP. Location: Chennai. Required by 12 days.",Industrial Pumps,Stainless Steel,SS316,10 HP,4969,units,Chennai,12,Construction,Normal,0.29,174668.22,Medium
R00101,B1292,"Need 7721 industrial pumps for oem project, Cast Iron SS316, 5 HP. Delivery required in Chennai within 7 days. Please share quotation.",Industrial Pumps,Cast Iron,SS316,5 HP,7721,units,Chennai,7,OEM project,Urgent,0.55,2945128.49,High
R00102,B0464,"Looking for 2403 units of Cast Iron industrial pumps (SS316), size 20 HP, for our automotive plant in Mumbai. Need delivery in 20 days.",Industrial Pumps,Cast Iron,SS316,20 HP,2403,units,Mumbai,20,Automotive,Normal,0.62,168693.99,Low
R00103,B1427,"Please quote for 6937 gearboxes, Steel, Worm, 10 HP. Location: Nagpur. Required by 45 days.",Gearboxes,Steel,Worm,10 HP,6937,units,Nagpur,45,OEM project,Flexible,0.55,2075893.11,Medium
R00104,B1257,"Need 1499 electric motors for oem project, Cast Iron IE3, 25 HP. Delivery required in Bengaluru within 24 days. Please share quotation.",Electric Motors,Cast Iron,IE3,25 HP,1499,units,Bengaluru,24,OEM project,Normal,0.72,109592.0,Low
R00105,B0466,"Please quote for 4056 steel brackets, Stainless Steel, MS, 5 mm. Location: Hyderabad. Required by 5 days.",Steel Brackets,Stainless Steel,MS,5 mm,4056,units,Hyderabad,5,Construction,Urgent,0.54,1498833.44,High
R00106,B0777,"Looking for 4092 units of Cast Iron gearboxes (Worm), size 5 HP, for our industrial plant plant in Hyderabad. Need delivery in 44 days.",Gearboxes,Cast Iron,Worm,5 HP,4092,units,Hyderabad,44,Industrial plant,Flexible,0.01,1259341.83,Medium
R00107,B0562,"Please quote for 8709 industrial pumps, Cast Iron, SS304, 10 HP. Location: Nagpur. Required by 19 days.",Industrial Pumps,Cast Iron,SS304,10 HP,8709,units,Nagpur,19,Industrial plant,Normal,0.86,3026865.54,High
R00108,B0746,"Looking for 839 units of Steel gearboxes (Worm), size 5 HP, for our construction plant in Bengaluru. Need delivery in 30 days.",Gearboxes,Steel,Worm,5 HP,839,units,Bengaluru,30,Construction,Flexible,0.76,143535.16,Low
R00109,B0757,"Looking for 5245 units of Steel hydraulic cylinders (SS304), size 100 mm, for our oem project plant in Delhi. Need delivery in 15 days.",Hydraulic Cylinders,Steel,SS304,100 mm,5245,units,Delhi,15,OEM project,Normal,0.8,2262577.17,High
R00110,B0110,"Need 5533 gearboxes for automotive, Cast Iron Helical, 5 HP. Delivery required in Ahmedabad within 6 days. Please share quotation.",Gearboxes,Cast Iron,Helical,5 HP,5533,units,Ahmedabad,6,Automotive,Urgent,0.69,718587.4,High
R00111,B1422,"Please quote for 2885 gearboxes, Cast Iron, Helical, 2 HP. Location: Nashik. Required by 21 days.",Gearboxes,Cast Iron,Helical,2 HP,2885,units,Nashik,21,Industrial plant,Normal,0.47,1278199.31,Medium
R00112,B1031,"Looking for 1123 units of Cast Iron gearboxes (Worm), size 10 HP, for our automotive plant in Hyderabad. Need delivery in 4 days.",Gearboxes,Cast Iron,Worm,10 HP,1123,units,Hyderabad,4,Automotive,Urgent,0.53,72213.48,Medium
R00113,B0262,"Need 265 gearboxes for oem project, Cast Iron Helical, 10 HP. Delivery required in Mumbai within 33 days. Please share quotation.",Gearboxes,Cast Iron,Helical,10 HP,265,units,Mumbai,33,OEM project,Flexible,0.87,131436.22,Low
R00114,B0302,"Please quote for 4496 steel brackets, Mild Steel, MS, 3 mm. Location: Chennai. Required by 11 days.",Steel Brackets,Mild Steel,MS,3 mm,4496,units,Chennai,11,General manufacturing,Normal,0.11,1007078.48,Medium
R00115,B1091,"Need 4136 steel brackets for construction, Stainless Steel SS304, 8 mm. Delivery required in Delhi within 33 days. Please share quotation.",Steel Brackets,Stainless Steel,SS304,8 mm,4136,units,Delhi,33,Construction,Flexible,0.46,848778.9,Medium
R00116,B0519,"Looking for 8442 units of Steel hydraulic cylinders (SS304), size 100 mm, for our industrial plant plant in Nashik. Need delivery in 22 days.",Hydraulic Cylinders,Steel,SS304,100 mm,8442,units,Nashik,22,Industrial plant,Normal,0.8,2208951.37,High
R00117,B0158,"Need 7052 electric motors for construction, Aluminium IE2, 25 HP. Delivery required in Ahmedabad within 22 days. Please share quotation.",Electric Motors,Aluminium,IE2,25 HP,7052,units,Ahmedabad,22,Construction,Normal,0.14,3085516.27,Medium
R00118,B0816,"Need 8822 conveyor belts for oem project, Rubber Food Grade, 800 mm. Delivery required in Nagpur within 34 days. Please share quotation.",Conveyor Belts,Rubber,Food Grade,800 mm,8822,units,Nagpur,34,OEM project,Flexible,0.24,3992500.07,Medium
R00119,B1463,"Need 523 electric motors for oem project, Aluminium IE3, 5 HP. Delivery required in Delhi within 38 days. Please share quotation.",Electric Motors,Aluminium,IE3,5 HP,523,units,Delhi,38,OEM project,Flexible,0.66,129636.92,Low
R00120,B0471,"Looking for 4065 units of Stainless Steel industrial pumps (CI), size 10 HP, for our construction plant in Pune. Need delivery in 19 days.",Industrial Pumps,Stainless Steel,CI,10 HP,4065,units,Pune,19,Construction,Normal,0.72,2021436.61,Medium
R00121,B1055,"Need 3780 steel brackets for automotive, Mild Steel SS304, 5 mm. Delivery required in Ahmedabad within 3 days. Please share quotation.",Steel Brackets,Mild Steel,SS304,5 mm,3780,units,Ahmedabad,3,Automotive,Urgent,0.72,1418811.76,High
R00122,B0737,"Looking for 4715 units of Steel gearboxes (Worm), size 10 HP, for our general manufacturing plant in Kolkata. Need delivery in 7 days.",Gearboxes,Steel,Worm,10 HP,4715,units,Kolkata,7,General manufacturing,Urgent,0.26,2169178.6,High
R00123,B1315,"Please quote for 11299 industrial pumps, Stainless Steel, CI, 10 HP. Location: Mumbai. Required by 33 days.",Industrial Pumps,Stainless Steel,CI,10 HP,11299,units,Mumbai,33,OEM project,Flexible,0.65,807127.16,Medium
R00124,B1164,"Please quote for 8812 hydraulic cylinders, Steel, MS, 50 mm. Location: Chennai. Required by 35 days.",Hydraulic Cylinders,Steel,MS,50 mm,8812,units,Chennai,35,OEM project,Flexible,0.43,3576565.72,Medium
R00125,B0477,"Need 7904 steel brackets for general manufacturing, Stainless Steel MS, 5 mm. Delivery required in Nagpur within 11 days. Please share quotation.",Steel Brackets,Stainless Steel,MS,5 mm,7904,units,Nagpur,11,General manufacturing,Normal,0.81,1120950.78,High
R00126,B0212,"Need 2185 gearboxes for industrial plant, Steel Helical, 5 HP. Delivery required in Delhi within 38 days. Please share quotation.",Gearboxes,Steel,Helical,5 HP,2185,units,Delhi,38,Industrial plant,Flexible,0.98,639432.22,Medium
R00127,B0435,"Need 9302 sheet metal parts for oem project, Mild Steel SS304, 2 mm. Delivery required in Delhi within 14 days. Please share quotation.",Sheet Metal Parts,Mild Steel,SS304,2 mm,9302,units,Delhi,14,OEM project,Normal,0.15,2673227.42,High
R00128,B0093,"Need 3788 industrial pumps for automotive, Stainless Steel SS304, 5 HP. Delivery required in Nashik within 3 days. Please share quotation.",Industrial Pumps,Stainless Steel,SS304,5 HP,3788,units,Nashik,3,Automotive,Urgent,0.51,765604.66,High
R00129,B0482,"Please quote for 8994 sheet metal parts, Stainless Steel, MS, 2 mm. Location: Mumbai. Required by 21 days.",Sheet Metal Parts,Stainless Steel,MS,2 mm,8994,units,Mumbai,21,Industrial plant,Normal,0.29,4139841.1,Medium
R00130,B0400,"Looking for 8381 units of Steel hydraulic cylinders (MS), size 150 mm, for our construction plant in Pune. Need delivery in 33 days.",Hydraulic Cylinders,Steel,MS,150 mm,8381,units,Pune,33,Construction,Flexible,0.31,2748355.96,Medium
R00131,B0675,"Please quote for 3273 hydraulic cylinders, Steel, MS, 50 mm. Location: Pune. Required by 32 days.",Hydraulic Cylinders,Steel,MS,50 mm,3273,units,Pune,32,General manufacturing,Flexible,0.59,503698.0,Medium
R00132,B0027,"Please quote for 11309 sheet metal parts, Mild Steel, SS304, 2 mm. Location: Pune. Required by 30 days.",Sheet Metal Parts,Mild Steel,SS304,2 mm,11309,units,Pune,30,General manufacturing,Flexible,0.39,725734.89,Medium
R00133,B1212,"Looking for 1499 units of Stainless Steel hydraulic cylinders (MS), size 150 mm, for our automotive plant in Delhi. Need delivery in 21 days.",Hydraulic Cylinders,Stainless Steel,MS,150 mm,1499,units,Delhi,21,Automotive,Normal,0.77,471850.54,Low
R00134,B1163,"Please quote for 9222 sheet metal parts, Mild Steel, MS, 5 mm. Location: Delhi. Required by 30 days.",Sheet Metal Parts,Mild Steel,MS,5 mm,9222,units,Delhi,30,General manufacturing,Flexible,0.62,2549532.56,Medium
R00135,B1084,"Please quote for 8670 steel brackets, Mild Steel, MS, 3 mm. Location: Delhi. Required by 37 days.",Steel Brackets,Mild Steel,MS,3 mm,8670,units,Delhi,37,General manufacturing,Flexible,0.66,665772.54,Medium
R00136,B0048,"Please quote for 6098 sheet metal parts, Mild Steel, SS304, 2 mm. Location: Nagpur. Required by 30 days.",Sheet Metal Parts,Mild Steel,SS304,2 mm,6098,units,Nagpur,30,Industrial plant,Flexible,0.59,2746906.59,Medium
R00137,B0162,"Please quote for 7091 steel brackets, Stainless Steel, SS304, 3 mm. Location: Bengaluru. Required by 32 days.",Steel Brackets,Stainless Steel,SS304,3 mm,7091,units,Bengaluru,32,OEM project,Flexible,0.85,191828.7,Medium
R00138,B0185,"Please quote for 5938 hydraulic cylinders, Steel, MS, 100 mm. Location: Bengaluru. Required by 35 days.",Hydraulic Cylinders,Steel,MS,100 mm,5938,units,Bengaluru,35,Construction,Flexible,0.75,947573.68,Medium
R00139,B1247,"Please quote for 3049 sheet metal parts, Stainless Steel, SS304, 10 mm. Location: Mumbai. Required by 9 days.",Sheet Metal Parts,Stainless Steel,SS304,10 mm,3049,units,Mumbai,9,OEM project,Urgent,0.59,471249.85,Medium
R00140,B0542,"Please quote for 2685 steel brackets, Mild Steel, MS, 3 mm. Location: Nashik. Required by 41 days.",Steel Brackets,Mild Steel,MS,3 mm,2685,units,Nashik,41,General manufacturing,Flexible,0.73,1099126.57,Medium
R00141,B0006,"Please quote for 5698 electric motors, Aluminium, IE2, 25 HP. Location: Ahmedabad. Required by 26 days.",Electric Motors,Aluminium,IE2,25 HP,5698,units,Ahmedabad,26,General manufacturing,Flexible,0.14,1497336.7,Medium
R00142,B0564,"Need 9432 hydraulic cylinders for automotive, Stainless Steel MS, 150 mm. Delivery required in Pune within 6 days. Please share quotation.",Hydraulic Cylinders,Stainless Steel,MS,150 mm,9432,units,Pune,6,Automotive,Urgent,0.46,1737771.91,High
R00143,B0120,"Need 2930 conveyor belts for oem project, Rubber Food Grade, 800 mm. Delivery required in Kolkata within 13 days. Please share quotation.",Conveyor Belts,Rubber,Food Grade,800 mm,2930,units,Kolkata,13,OEM project,Normal,0.49,452389.97,Medium
R00144,B0765,"Need 7435 steel brackets for industrial plant, Stainless Steel MS, 8 mm. Delivery required in Delhi within 8 days. Please share quotation.",Steel Brackets,Stainless Steel,MS,8 mm,7435,units,Delhi,8,Industrial plant,Urgent,0.48,2083863.72,High
R00145,B0224,"Please quote for 11456 industrial pumps, Cast Iron, CI, 20 HP. Location: Pune. Required by 8 days.",Industrial Pumps,Cast Iron,CI,20 HP,11456,units,Pune,8,Automotive,Urgent,0.09,4869297.68,High
R00146,B0146,"Looking for 734 units of Mild Steel steel brackets (SS304), size 8 mm, for our general manufacturing plant in Bengaluru. Need delivery in 17 days.",Steel Brackets,Mild Steel,SS304,8 mm,734,units,Bengaluru,17,General manufacturing,Normal,0.59,26245.98,Low
R00147,B1323,"Need 11499 industrial pumps for oem project, Stainless Steel SS316, 10 HP. Delivery required in Mumbai within 35 days. Please share quotation.",Industrial Pumps,Stainless Steel,SS316,10 HP,11499,units,Mumbai,35,OEM project,Flexible,0.8,1847395.68,Medium
R00148,B0181,"Please quote for 5666 sheet metal parts, Stainless Steel, MS, 5 mm. Location: Nashik. Required by 41 days.",Sheet Metal Parts,Stainless Steel,MS,5 mm,5666,units,Nashik,41,Construction,Flexible,0.79,2387876.42,Medium
R00149,B1360,"Please quote for 8841 steel brackets, Mild Steel, SS304, 5 mm. Location: Mumbai. Required by 16 days.",Steel Brackets,Mild Steel,SS304,5 mm,8841,units,Mumbai,16,Automotive,Normal,0.4,3464327.59,Medium
R00150,B0311,"Looking for 3515 units of Stainless Steel steel brackets (MS), size 5 mm, for our construction plant in Bengaluru. Need delivery in 31 days.",Steel Brackets,Stainless Steel,MS,5 mm,3515,units,Bengaluru,31,Construction,Flexible,0.53,1540453.72,Medium
R00151,B1110,"Please quote for 7053 gearboxes, Steel, Worm, 2 HP. Location: Chennai. Required by 15 days.",Gearboxes,Steel,Worm,2 HP,7053,units,Chennai,15,OEM project,Normal,0.2,3157472.65,High
R00152,B0567,"Please quote for 6288 electric motors, Aluminium, IE3, 5 HP. Location: Ahmedabad. Required by 28 days.",Electric Motors,Aluminium,IE3,5 HP,6288,units,Ahmedabad,28,Industrial plant,Flexible,0.05,2589562.6,Medium
R00153,B1108,"Looking for 1331 units of Stainless Steel hydraulic cylinders (SS304), size 100 mm, for our industrial plant plant in Bengaluru. Need delivery in 28 days.",Hydraulic Cylinders,Stainless Steel,SS304,100 mm,1331,units,Bengaluru,28,Industrial plant,Flexible,0.9,406157.28,Low
R00154,B0948,"Please quote for 10324 hydraulic cylinders, Steel, MS, 100 mm. Location: Ahmedabad. Required by 4 days.",Hydraulic Cylinders,Steel,MS,100 mm,10324,units,Ahmedabad,4,OEM project,Urgent,0.94,5146050.17,High
R00155,B1272,"Looking for 4852 units of Stainless Steel ball valves (SS304), size 2 inch, for our automotive plant in Chennai. Need delivery in 27 days.",Ball Valves,Stainless Steel,SS304,2 inch,4852,units,Chennai,27,Automotive,Flexible,0.92,1042884.0,Medium
R00156,B0732,"Need 2922 hydraulic cylinders for industrial plant, Stainless Steel MS, 150 mm. Delivery required in Pune within 8 days. Please share quotation.",Hydraulic Cylinders,Stainless Steel,MS,150 mm,2922,units,Pune,8,Industrial plant,Urgent,0.01,1320881.18,High
R00157,B1205,"Looking for 1838 units of Cast Iron gearboxes (Helical), size 5 HP, for our industrial plant plant in Bengaluru. Need delivery in 16 days.",Gearboxes,Cast Iron,Helical,5 HP,1838,units,Bengaluru,16,Industrial plant,Normal,0.44,642316.64,Medium
R00158,B0725,"Please quote for 738 hydraulic cylinders, Steel, SS304, 100 mm. Location: Chennai. Required by 9 days.",Hydraulic Cylinders,Steel,SS304,100 mm,738,units,Chennai,9,General manufacturing,Urgent,0.74,209855.74,Medium
R00159,B1478,"Need 1097 hydraulic cylinders for general manufacturing, Steel MS, 150 mm. Delivery required in Pune within 3 days. Please share quotation.",Hydraulic Cylinders,Steel,MS,150 mm,1097,units,Pune,3,General manufacturing,Urgent,0.2,182047.13,Medium
R00160,B0148,"Please quote for 2085 ball valves, Stainless Steel, SS316, 2 inch. Location: Pune. Required by 16 days.",Ball Valves,Stainless Steel,SS316,2 inch,2085,units,Pune,16,General manufacturing,Normal,0.3,326138.73,Low
R00161,B1162,"Looking for 10102 units of Stainless Steel ball valves (CS), size 2 inch, for our oem project plant in Nagpur. Need delivery in 14 days.",Ball Valves,Stainless Steel,CS,2 inch,10102,units,Nagpur,14,OEM project,Normal,0.15,2014580.38,High
R00162,B1122,"Need 991 hydraulic cylinders for oem project, Stainless Steel MS, 50 mm. Delivery required in Hyderabad within 34 days. Please share quotation.",Hydraulic Cylinders,Stainless Steel,MS,50 mm,991,units,Hyderabad,34,OEM project,Flexible,0.07,291525.07,Low
R00163,B1357,"Need 742 gearboxes for oem project, Steel Worm, 5 HP. Delivery required in Delhi within 33 days. Please share quotation.",Gearboxes,Steel,Worm,5 HP,742,units,Delhi,33,OEM project,Flexible,0.57,355477.36,Low
R00164,B0017,"Need 356 electric motors for general manufacturing, Cast Iron IE3, 5 HP. Delivery required in Pune within 28 days. Please share quotation.",Electric Motors,Cast Iron,IE3,5 HP,356,units,Pune,28,General manufacturing,Flexible,0.16,64223.7,Low
R00165,B0522,"Need 3501 hydraulic cylinders for construction, Steel MS, 100 mm. Delivery required in Hyderabad within 23 days. Please share quotation.",Hydraulic Cylinders,Steel,MS,100 mm,3501,units,Hyderabad,23,Construction,Normal,0.58,841996.39,Medium
R00166,B0864,"Please quote for 5061 steel brackets, Stainless Steel, SS304, 3 mm. Location: Bengaluru. Required by 9 days.",Steel Brackets,Stainless Steel,SS304,3 mm,5061,units,Bengaluru,9,Automotive,Urgent,0.05,1663613.95,High
R00167,B0279,"Please quote for 4169 conveyor belts, Rubber, Food Grade, 1000 mm. Location: Delhi. Required by 3 days.",Conveyor Belts,Rubber,Food Grade,1000 mm,4169,units,Delhi,3,Industrial plant,Urgent,0.93,972020.98,High
R00168,B1216,"Looking for 9237 units of Cast Iron electric motors (IE3), size 10 HP, for our general manufacturing plant in Kolkata. Need delivery in 37 days.",Electric Motors,Cast Iron,IE3,10 HP,9237,units,Kolkata,37,General manufacturing,Flexible,0.31,942877.15,Medium
R00169,B0949,"Need 6886 gearboxes for industrial plant, Cast Iron Helical, 2 HP. Delivery required in Nashik within 3 days. Please share quotation.",Gearboxes,Cast Iron,Helical,2 HP,6886,units,Nashik,3,Industrial plant,Urgent,0.69,983324.68,High
R00170,B0345,"Need 1508 steel brackets for industrial plant, Stainless Steel MS, 3 mm. Delivery required in Bengaluru within 13 days. Please share quotation.",Steel Brackets,Stainless Steel,MS,3 mm,1508,units,Bengaluru,13,Industrial plant,Normal,0.65,342460.1,Medium
R00171,B0230,"Please quote for 2059 steel brackets, Stainless Steel, MS, 8 mm. Location: Kolkata. Required by 39 days.",Steel Brackets,Stainless Steel,MS,8 mm,2059,units,Kolkata,39,General manufacturing,Flexible,0.44,469848.83,Low
R00172,B1139,"Please quote for 9662 hydraulic cylinders, Stainless Steel, MS, 150 mm. Location: Bengaluru. Required by 39 days.",Hydraulic Cylinders,Stainless Steel,MS,150 mm,9662,units,Bengaluru,39,General manufacturing,Flexible,0.04,630100.18,Medium
R00173,B1192,"Looking for 8785 units of Cast Iron industrial pumps (SS304), size 10 HP, for our automotive plant in Nagpur. Need delivery in 16 days.",Industrial Pumps,Cast Iron,SS304,10 HP,8785,units,Nagpur,16,Automotive,Normal,0.9,2320028.48,High
R00174,B1129,"Need 10790 electric motors for industrial plant, Cast Iron IE3, 5 HP. Delivery required in Mumbai within 35 days. Please share quotation.",Electric Motors,Cast Iron,IE3,5 HP,10790,units,Mumbai,35,Industrial plant,Flexible,0.62,495343.9,Low
R00175,B0270,"Please quote for 2567 steel brackets, Stainless Steel, SS304, 8 mm. Location: Pune. Required by 19 days.",Steel Brackets,Stainless Steel,SS304,8 mm,2567,units,Pune,19,Automotive,Normal,0.86,311846.37,Medium
R00176,B1299,"Need 9478 ball valves for automotive, Stainless Steel SS316, 2 inch. Delivery required in Nagpur within 15 days. Please share quotation.",Ball Valves,Stainless Steel,SS316,2 inch,9478,units,Nagpur,15,Automotive,Normal,0.98,769980.62,High
R00177,B1471,"Need 2159 electric motors for construction, Aluminium IE2, 5 HP. Delivery required in Chennai within 34 days. Please share quotation.",Electric Motors,Aluminium,IE2,5 HP,2159,units,Chennai,34,Construction,Flexible,0.04,295730.41,Low
R00178,B1219,"Need 790 steel brackets for general manufacturing, Stainless Steel MS, 5 mm. Delivery required in Hyderabad within 19 days. Please share quotation.",Steel Brackets,Stainless Steel,MS,5 mm,790,units,Hyderabad,19,General manufacturing,Normal,0.93,146409.5,Low
R00179,B0332,"Please quote for 6538 sheet metal parts, Stainless Steel, SS304, 5 mm. Location: Nagpur. Required by 9 days.",Sheet Metal Parts,Stainless Steel,SS304,5 mm,6538,units,Nagpur,9,OEM project,Urgent,0.09,202681.43,Medium
R00180,B0540,"Need 9983 ball valves for oem project, Carbon Steel SS316, 2 inch. Delivery required in Pune within 13 days. Please share quotation.",Ball Valves,Carbon Steel,SS316,2 inch,9983,units,Pune,13,OEM project,Normal,0.84,3962012.44,High
R00181,B1027,"Need 2677 electric motors for automotive, Aluminium IE3, 10 HP. Delivery required in Nashik within 39 days. Please share quotation.",Electric Motors,Aluminium,IE3,10 HP,2677,units,Nashik,39,Automotive,Flexible,0.37,679120.05,Medium
R00182,B0741,"Need 684 hydraulic cylinders for general manufacturing, Stainless Steel SS304, 100 mm. Delivery required in Hyderabad within 17 days. Please share quotation.",Hydraulic Cylinders,Stainless Steel,SS304,100 mm,684,units,Hyderabad,17,General manufacturing,Normal,0.3,142944.97,Low
R00183,B0461,"Please quote for 612 electric motors, Cast Iron, IE3, 25 HP. Location: Chennai. Required by 30 days.",Electric Motors,Cast Iron,IE3,25 HP,612,units,Chennai,30,General manufacturing,Flexible,0.42,67632.71,Low
R00184,B0241,"Need 6195 industrial pumps for industrial plant, Cast Iron CI, 20 HP. Delivery required in Nashik within 32 days. Please share quotation.",Industrial Pumps,Cast Iron,CI,20 HP,6195,units,Nashik,32,Industrial plant,Flexible,0.3,2746806.1,Medium
R00185,B1052,"Please quote for 10922 steel brackets, Mild Steel, SS304, 5 mm. Location: Nashik. Required by 24 days.",Steel Brackets,Mild Steel,SS304,5 mm,10922,units,Nashik,24,OEM project,Normal,0.89,3779070.38,High
R00186,B0174,"Please quote for 10140 industrial pumps, Cast Iron, CI, 20 HP. Location: Mumbai. Required by 42 days.",Industrial Pumps,Cast Iron,CI,20 HP,10140,units,Mumbai,42,General manufacturing,Flexible,0.6,4197119.33,Medium
R00187,B0383,"Looking for 9190 units of Steel gearboxes (Helical), size 2 HP, for our industrial plant plant in Bengaluru. Need delivery in 18 days.",Gearboxes,Steel,Helical,2 HP,9190,units,Bengaluru,18,Industrial plant,Normal,0.67,2217067.91,High
R00188,B1023,"Looking for 4291 units of Steel hydraulic cylinders (MS), size 50 mm, for our industrial plant plant in Delhi. Need delivery in 5 days.",Hydraulic Cylinders,Steel,MS,50 mm,4291,units,Delhi,5,Industrial plant,Urgent,0.03,1462635.98,High
R00189,B0550,"Please quote for 6416 electric motors, Cast Iron, IE3, 25 HP. Location: Nagpur. Required by 20 days.",Electric Motors,Cast Iron,IE3,25 HP,6416,units,Nagpur,20,General manufacturing,Normal,0.77,2884370.26,High
R00190,B1030,"Looking for 7173 units of Steel hydraulic cylinders (SS304), size 50 mm, for our general manufacturing plant in Bengaluru. Need delivery in 39 days.",Hydraulic Cylinders,Steel,SS304,50 mm,7173,units,Bengaluru,39,General manufacturing,Flexible,0.96,2650452.6,Medium
R00191,B0681,"Please quote for 2092 ball valves, Carbon Steel, SS304, 2 inch. Location: Mumbai. Required by 14 days.",Ball Valves,Carbon Steel,SS304,2 inch,2092,units,Mumbai,14,Construction,Normal,0.92,49792.28,Medium
R00192,B0915,"Need 6558 electric motors for construction, Aluminium IE3, 5 HP. Delivery required in Nagpur within 12 days. Please share quotation.",Electric Motors,Aluminium,IE3,5 HP,6558,units,Nagpur,12,Construction,Normal,0.11,1082081.71,High
R00193,B0586,"Need 2259 conveyor belts for oem project, Rubber Food Grade, 800 mm. Delivery required in Delhi within 26 days. Please share quotation.",Conveyor Belts,Rubber,Food Grade,800 mm,2259,units,Delhi,26,OEM project,Flexible,1.0,1056986.3,Medium
R00194,B0846,"Need 6826 electric motors for construction, Aluminium IE2, 5 HP. Delivery required in Mumbai within 22 days. Please share quotation.",Electric Motors,Aluminium,IE2,5 HP,6826,units,Mumbai,22,Construction,Normal,0.66,1620127.12,High
R00195,B0247,"Need 316 sheet metal parts for automotive, Mild Steel MS, 10 mm. Delivery required in Pune within 37 days. Please share quotation.",Sheet Metal Parts,Mild Steel,MS,10 mm,316,units,Pune,37,Automotive,Flexible,0.37,31652.41,Low
R00196,B0944,"Looking for 2582 units of Mild Steel sheet metal parts (SS304), size 5 mm, for our construction plant in Delhi. Need delivery in 26 days.",Sheet Metal Parts,Mild Steel,SS304,5 mm,2582,units,Delhi,26,Construction,Flexible,0.27,678119.07,Medium
R00197,B0303,"Need 3198 sheet metal parts for automotive, Mild Steel MS, 5 mm. Delivery required in Nashik within 44 days. Please share quotation.",Sheet Metal Parts,Mild Steel,MS,5 mm,3198,units,Nashik,44,Automotive,Flexible,0.9,1202916.5,Medium
R00198,B1323,"Need 7064 sheet metal parts for general manufacturing, Stainless Steel MS, 10 mm. Delivery required in Hyderabad within 23 days. Please share quotation.",Sheet Metal Parts,Stainless Steel,MS,10 mm,7064,units,Hyderabad,23,General manufacturing,Normal,0.93,3230316.58,High
R00199,B0312,"Looking for 1050 units of Steel hydraulic cylinders (SS304), size 150 mm, for our construction plant in Pune. Need delivery in 26 days.",Hydraulic Cylinders,Steel,SS304,150 mm,1050,units,Pune,26,Construction,Flexible,0.86,33759.89,Low
R00200,B1418,"Need 3072 steel brackets for industrial plant, Stainless Steel SS304, 5 mm. Delivery required in Bengaluru within 32 days. Please share quotation.",Steel Brackets,Stainless Steel,SS304,5 mm,3072,units,Bengaluru,32,Industrial plant,Flexible,0.77,1488312.07,Medium
R00201,B0801,"Need 2714 conveyor belts for automotive, PU Grade A, 800 mm. Delivery required in Pune within 15 days. Please share quotation.",Conveyor Belts,PU,Grade A,800 mm,2714,units,Pune,15,Automotive,Normal,0.91,255126.46,Medium
R00202,B1351,"Please quote for 10361 industrial pumps, Stainless Steel, CI, 20 HP. Location: Chennai. Required by 18 days.",Industrial Pumps,Stainless Steel,CI,20 HP,10361,units,Chennai,18,Construction,Normal,0.21,4321350.93,Medium
R00203,B0745,"Looking for 10504 units of Rubber conveyor belts (Grade A), size 500 mm, for our oem project plant in Chennai. Need delivery in 17 days.",Conveyor Belts,Rubber,Grade A,500 mm,10504,units,Chennai,17,OEM project,Normal,0.69,217260.57,Medium
R00204,B0101,"Please quote for 3733 conveyor belts, PU, Grade A, 500 mm. Location: Hyderabad. Required by 30 days.",Conveyor Belts,PU,Grade A,500 mm,3733,units,Hyderabad,30,Automotive,Flexible,0.98,238860.7,Medium
R00205,B0256,"Need 8176 industrial pumps for industrial plant, Stainless Steel SS316, 20 HP. Delivery required in Mumbai within 35 days. Please share quotation.",Industrial Pumps,Stainless Steel,SS316,20 HP,8176,units,Mumbai,35,Industrial plant,Flexible,0.4,219088.55,Low
R00206,B0825,"Looking for 1488 units of Steel hydraulic cylinders (MS), size 150 mm, for our general manufacturing plant in Chennai. Need delivery in 45 days.",Hydraulic Cylinders,Steel,MS,150 mm,1488,units,Chennai,45,General manufacturing,Flexible,0.2,214227.23,Low
R00207,B1245,"Looking for 3457 units of Stainless Steel sheet metal parts (MS), size 2 mm, for our industrial plant plant in Delhi. Need delivery in 12 days.",Sheet Metal Parts,Stainless Steel,MS,2 mm,3457,units,Delhi,12,Industrial plant,Normal,0.25,1122402.89,Medium
R00208,B0692,"Need 10915 steel brackets for construction, Mild Steel SS304, 8 mm. Delivery required in Nashik within 14 days. Please share quotation.",Steel Brackets,Mild Steel,SS304,8 mm,10915,units,Nashik,14,Construction,Normal,0.37,3455771.59,High
R00209,B1008,"Looking for 11850 units of Cast Iron industrial pumps (SS304), size 20 HP, for our automotive plant in Chennai. Need delivery in 18 days.",Industrial Pumps,Cast Iron,SS304,20 HP,11850,units,Chennai,18,Automotive,Normal,0.1,2494110.71,Medium
R00210,B1352,"Need 5185 conveyor belts for construction, Rubber Food Grade, 1000 mm. Delivery required in Delhi within 38 days. Please share quotation.",Conveyor Belts,Rubber,Food Grade,1000 mm,5185,units,Delhi,38,Construction,Flexible,0.22,137428.35,Low
R00211,B0130,"Looking for 959 units of Cast Iron gearboxes (Worm), size 10 HP, for our general manufacturing plant in Kolkata. Need delivery in 21 days.",Gearboxes,Cast Iron,Worm,10 HP,959,units,Kolkata,21,General manufacturing,Normal,0.73,187369.43,Low
R00212,B1476,"Looking for 4139 units of Mild Steel sheet metal parts (SS304), size 5 mm, for our industrial plant plant in Nagpur. Need delivery in 7 days.",Sheet Metal Parts,Mild Steel,SS304,5 mm,4139,units,Nagpur,7,Industrial plant,Urgent,0.07,933332.71,High
R00213,B0924,"Please quote for 297 hydraulic cylinders, Stainless Steel, SS304, 100 mm. Location: Nagpur. Required by 45 days.",Hydraulic Cylinders,Stainless Steel,SS304,100 mm,297,units,Nagpur,45,Automotive,Flexible,0.5,90183.64,Low
R00214,B1336,"Looking for 2266 units of Stainless Steel steel brackets (MS), size 3 mm, for our industrial plant plant in Pune. Need delivery in 19 days.",Steel Brackets,Stainless Steel,MS,3 mm,2266,units,Pune,19,Industrial plant,Normal,0.1,722672.02,Medium
R00215,B0930,"Looking for 3326 units of Stainless Steel ball valves (SS316), size 1 inch, for our general manufacturing plant in Nagpur. Need delivery in 18 days.",Ball Valves,Stainless Steel,SS316,1 inch,3326,units,Nagpur,18,General manufacturing,Normal,0.04,970973.01,Medium
R00216,B1336,"Looking for 7005 units of Mild Steel sheet metal parts (MS), size 2 mm, for our industrial plant plant in Chennai. Need delivery in 33 days.",Sheet Metal Parts,Mild Steel,MS,2 mm,7005,units,Chennai,33,Industrial plant,Flexible,0.67,583437.85,Medium
R00217,B0426,"Please quote for 9469 industrial pumps, Cast Iron, SS316, 20 HP. Location: Kolkata. Required by 37 days.",Industrial Pumps,Cast Iron,SS316,20 HP,9469,units,Kolkata,37,OEM project,Flexible,0.68,4010280.9,Medium
R00218,B1305,"Looking for 1522 units of Aluminium electric motors (IE2), size 25 HP, for our construction plant in Hyderabad. Need delivery in 24 days.",Electric Motors,Aluminium,IE2,25 HP,1522,units,Hyderabad,24,Construction,Normal,0.18,604395.49,Medium
R00219,B0580,"Please quote for 2003 ball valves, Stainless Steel, SS304, 1 inch. Location: Nagpur. Required by 7 days.",Ball Valves,Stainless Steel,SS304,1 inch,2003,units,Nagpur,7,Construction,Urgent,0.64,403615.01,Medium
R00220,B0892,"Looking for 838 units of Cast Iron electric motors (IE2), size 25 HP, for our general manufacturing plant in Pune. Need delivery in 11 days.",Electric Motors,Cast Iron,IE2,25 HP,838,units,Pune,11,General manufacturing,Normal,0.4,235882.46,Low
R00221,B0048,"Looking for 6897 units of Stainless Steel sheet metal parts (SS304), size 2 mm, for our construction plant in Delhi. Need delivery in 27 days.",Sheet Metal Parts,Stainless Steel,SS304,2 mm,6897,units,Delhi,27,Construction,Flexible,0.24,1232496.78,Medium
R00222,B0226,"Please quote for 636 hydraulic cylinders, Steel, SS304, 50 mm. Location: Nagpur. Required by 27 days.",Hydraulic Cylinders,Steel,SS304,50 mm,636,units,Nagpur,27,Construction,Flexible,0.57,147464.31,Low
R00223,B0331,"Please quote for 5280 hydraulic cylinders, Steel, SS304, 50 mm. Location: Delhi. Required by 6 days.",Hydraulic Cylinders,Steel,SS304,50 mm,5280,units,Delhi,6,Construction,Urgent,0.16,992043.33,High
R00224,B0687,"Please quote for 3866 gearboxes, Cast Iron, Worm, 5 HP. Location: Mumbai. Required by 23 days.",Gearboxes,Cast Iron,Worm,5 HP,3866,units,Mumbai,23,OEM project,Normal,0.39,1637011.63,Medium
R00225,B0626,"Please quote for 4911 electric motors, Cast Iron, IE3, 5 HP. Location: Bengaluru. Required by 19 days.",Electric Motors,Cast Iron,IE3,5 HP,4911,units,Bengaluru,19,Construction,Normal,0.12,270287.14,Low
R00226,B1385,"Please quote for 9495 conveyor belts, Rubber, Food Grade, 800 mm. Location: Chennai. Required by 21 days.",Conveyor Belts,Rubber,Food Grade,800 mm,9495,units,Chennai,21,Industrial plant,Normal,0.7,268182.25,Medium
R00227,B1179,"Please quote for 9740 steel brackets, Stainless Steel, SS304, 3 mm. Location: Bengaluru. Required by 35 days.",Steel Brackets,Stainless Steel,SS304,3 mm,9740,units,Bengaluru,35,General manufacturing,Flexible,0.82,1216454.07,Medium
R00228,B0089,"Looking for 1717 units of Aluminium electric motors (IE2), size 5 HP, for our general manufacturing plant in Pune. Need delivery in 39 days.",Electric Motors,Aluminium,IE2,5 HP,1717,units,Pune,39,General manufacturing,Flexible,0.33,428896.05,Low
R00229,B0501,"Need 11648 hydraulic cylinders for construction, Steel SS304, 150 mm. Delivery required in Hyderabad within 26 days. Please share quotation.",Hydraulic Cylinders,Steel,SS304,150 mm,11648,units,Hyderabad,26,Construction,Flexible,0.04,935535.35,Medium
R00230,B0729,"Need 1070 electric motors for industrial plant, Cast Iron IE3, 10 HP. Delivery required in Nashik within 42 days. Please share quotation.",Electric Motors,Cast Iron,IE3,10 HP,1070,units,Nashik,42,Industrial plant,Flexible,0.14,400075.59,Low
R00231,B1388,"Looking for 5481 units of Stainless Steel ball valves (CS), size 2 inch, for our oem project plant in Hyderabad. Need delivery in 25 days.",Ball Valves,Stainless Steel,CS,2 inch,5481,units,Hyderabad,25,OEM project,Normal,0.96,997231.09,High
R00232,B0149,"Need 4297 gearboxes for construction, Cast Iron Helical, 2 HP. Delivery required in Bengaluru within 38 days. Please share quotation.",Gearboxes,Cast Iron,Helical,2 HP,4297,units,Bengaluru,38,Construction,Flexible,0.93,542358.26,Medium
R00233,B0635,"Looking for 3027 units of Steel hydraulic cylinders (MS), size 100 mm, for our industrial plant plant in Delhi. Need delivery in 29 days.",Hydraulic Cylinders,Steel,MS,100 mm,3027,units,Delhi,29,Industrial plant,Flexible,0.29,421834.54,Low
R00234,B1382,"Please quote for 1785 electric motors, Cast Iron, IE2, 25 HP. Location: Pune. Required by 22 days.",Electric Motors,Cast Iron,IE2,25 HP,1785,units,Pune,22,Industrial plant,Normal,0.4,670975.66,Medium
R00235,B1340,"Need 5161 industrial pumps for construction, Stainless Steel CI, 20 HP. Delivery required in Nashik within 39 days. Please share quotation.",Industrial Pumps,Stainless Steel,CI,20 HP,5161,units,Nashik,39,Construction,Flexible,0.65,2298389.77,Medium
R00236,B0751,"Need 7651 sheet metal parts for automotive, Stainless Steel SS304, 2 mm. Delivery required in Ahmedabad within 15 days. Please share quotation.",Sheet Metal Parts,Stainless Steel,SS304,2 mm,7651,units,Ahmedabad,15,Automotive,Normal,0.16,991744.26,High
R00237,B0479,"Need 2988 electric motors for industrial plant, Cast Iron IE3, 10 HP. Delivery required in Chennai within 24 days. Please share quotation.",Electric Motors,Cast Iron,IE3,10 HP,2988,units,Chennai,24,Industrial plant,Normal,0.14,954164.23,Medium
R00238,B0139,"Please quote for 1786 steel brackets, Mild Steel, MS, 8 mm. Location: Delhi. Required by 16 days.",Steel Brackets,Mild Steel,MS,8 mm,1786,units,Delhi,16,Automotive,Normal,0.69,437309.41,Low
R00239,B0117,"Need 7188 gearboxes for general manufacturing, Steel Worm, 2 HP. Delivery required in Hyderabad within 12 days. Please share quotation.",Gearboxes,Steel,Worm,2 HP,7188,units,Hyderabad,12,General manufacturing,Normal,0.28,1003295.73,High
R00240,B0555,"Please quote for 2855 hydraulic cylinders, Steel, MS, 50 mm. Location: Delhi. Required by 40 days.",Hydraulic Cylinders,Steel,MS,50 mm,2855,units,Delhi,40,OEM project,Flexible,0.92,96901.06,Low
R00241,B0931,"Please quote for 4869 steel brackets, Stainless Steel, SS304, 8 mm. Location: Chennai. Required by 7 days.",Steel Brackets,Stainless Steel,SS304,8 mm,4869,units,Chennai,7,OEM project,Urgent,0.16,135674.92,Medium
R00242,B0209,"Looking for 6136 units of Stainless Steel steel brackets (MS), size 3 mm, for our general manufacturing plant in Pune. Need delivery in 31 days.",Steel Brackets,Stainless Steel,MS,3 mm,6136,units,Pune,31,General manufacturing,Flexible,0.64,1485118.02,Medium
R00243,B1100,"Looking for 1754 units of Stainless Steel sheet metal parts (SS304), size 5 mm, for our industrial plant plant in Nagpur. Need delivery in 41 days.",Sheet Metal Parts,Stainless Steel,SS304,5 mm,1754,units,Nagpur,41,Industrial plant,Flexible,0.15,491084.07,Low
R00244,B0790,"Looking for 1070 units of Mild Steel sheet metal parts (SS304), size 10 mm, for our construction plant in Nashik. Need delivery in 12 days.",Sheet Metal Parts,Mild Steel,SS304,10 mm,1070,units,Nashik,12,Construction,Normal,0.76,374804.36,Medium
R00245,B0267,"Need 7973 electric motors for industrial plant, Cast Iron IE2, 5 HP. Delivery required in Delhi within 43 days. Please share quotation.",Electric Motors,Cast Iron,IE2,5 HP,7973,units,Delhi,43,Industrial plant,Flexible,0.09,872463.82,Medium
R00246,B0103,"Please quote for 8433 industrial pumps, Stainless Steel, CI, 10 HP. Location: Pune. Required by 18 days.",Industrial Pumps,Stainless Steel,CI,10 HP,8433,units,Pune,18,Construction,Normal,0.92,3175182.16,High
R00247,B0516,"Please quote for 4793 ball valves, Carbon Steel, SS304, 2 inch. Location: Pune. Required by 43 days.",Ball Valves,Carbon Steel,SS304,2 inch,4793,units,Pune,43,Industrial plant,Flexible,0.35,1520937.06,Medium
R00248,B0373,"Need 2848 hydraulic cylinders for general manufacturing, Steel SS304, 50 mm. Delivery required in Nashik within 12 days. Please share quotation.",Hydraulic Cylinders,Steel,SS304,50 mm,2848,units,Nashik,12,General manufacturing,Normal,0.02,819161.78,Medium
R00249,B0394,"Need 6175 electric motors for construction, Aluminium IE2, 5 HP. Delivery required in Nashik within 27 days. Please share quotation.",Electric Motors,Aluminium,IE2,5 HP,6175,units,Nashik,27,Construction,Flexible,0.74,1257230.42,High
R00250,B0678,"Need 4843 industrial pumps for automotive, Stainless Steel SS304, 10 HP. Delivery required in Ahmedabad within 31 days. Please share quotation.",Industrial Pumps,Stainless Steel,SS304,10 HP,4843,units,Ahmedabad,31,Automotive,Flexible,0.27,1489831.52,Medium
R00251,B0918,"Looking for 10077 units of Stainless Steel industrial pumps (SS304), size 10 HP, for our construction plant in Hyderabad. Need delivery in 35 days.",Industrial Pumps,Stainless Steel,SS304,10 HP,10077,units,Hyderabad,35,Construction,Flexible,0.26,4013175.05,Medium
R00252,B1020,"Looking for 10799 units of Mild Steel steel brackets (MS), size 8 mm, for our oem project plant in Delhi. Need delivery in 13 days.",Steel Brackets,Mild Steel,MS,8 mm,10799,units,Delhi,13,OEM project,Normal,0.32,2560748.04,High
R00253,B0275,"Need 2536 steel brackets for automotive, Stainless Steel MS, 8 mm. Delivery required in Pune within 29 days. Please share quotation.",Steel Brackets,Stainless Steel,MS,8 mm,2536,units,Pune,29,Automotive,Flexible,0.65,1036133.98,Medium
R00254,B1192,"Looking for 1188 units of Stainless Steel steel brackets (MS), size 3 mm, for our industrial plant plant in Bengaluru. Need delivery in 29 days.",Steel Brackets,Stainless Steel,MS,3 mm,1188,units,Bengaluru,29,Industrial plant,Flexible,0.23,402878.66,Low
R00255,B0687,"Please quote for 6714 conveyor belts, PU, Grade A, 1000 mm. Location: Nashik. Required by 42 days.",Conveyor Belts,PU,Grade A,1000 mm,6714,units,Nashik,42,Construction,Flexible,0.26,1349191.33,Medium
R00256,B0460,"Please quote for 3374 industrial pumps, Cast Iron, SS304, 5 HP. Location: Mumbai. Required by 17 days.",Industrial Pumps,Cast Iron,SS304,5 HP,3374,units,Mumbai,17,OEM project,Normal,0.86,933004.44,Medium
R00257,B0763,"Please quote for 1566 ball valves, Stainless Steel, SS304, 1 inch. Location: Nashik. Required by 7 days.",Ball Valves,Stainless Steel,SS304,1 inch,1566,units,Nashik,7,Construction,Urgent,0.15,115998.8,Medium
R00258,B0634,"Looking for 4901 units of Steel gearboxes (Worm), size 5 HP, for our oem project plant in Pune. Need delivery in 9 days.",Gearboxes,Steel,Worm,5 HP,4901,units,Pune,9,OEM project,Urgent,0.75,235611.01,Medium
R00259,B0795,"Please quote for 9359 industrial pumps, Stainless Steel, SS316, 5 HP. Location: Kolkata. Required by 34 days.",Industrial Pumps,Stainless Steel,SS316,5 HP,9359,units,Kolkata,34,General manufacturing,Flexible,0.4,2526694.79,Medium
R00260,B0297,"Need 7152 gearboxes for construction, Steel Helical, 10 HP. Delivery required in Nashik within 16 days. Please share quotation.",Gearboxes,Steel,Helical,10 HP,7152,units,Nashik,16,Construction,Normal,0.08,3336248.92,Medium
R00261,B0995,"Please quote for 1067 steel brackets, Stainless Steel, MS, 8 mm. Location: Pune. Required by 21 days.",Steel Brackets,Stainless Steel,MS,8 mm,1067,units,Pune,21,Industrial plant,Normal,0.92,79095.21,Low
R00262,B0198,"Please quote for 7335 ball valves, Stainless Steel, SS316, 3 inch. Location: Nashik. Required by 29 days.",Ball Valves,Stainless Steel,SS316,3 inch,7335,units,Nashik,29,OEM project,Flexible,0.16,2578357.04,Medium
R00263,B0012,"Looking for 3613 units of Rubber conveyor belts (Grade A), size 500 mm, for our general manufacturing plant in Hyderabad. Need delivery in 30 days.",Conveyor Belts,Rubber,Grade A,500 mm,3613,units,Hyderabad,30,General manufacturing,Flexible,0.94,75955.58,Medium
R00264,B1085,"Need 6508 steel brackets for automotive, Mild Steel SS304, 8 mm. Delivery required in Delhi within 9 days. Please share quotation.",Steel Brackets,Mild Steel,SS304,8 mm,6508,units,Delhi,9,Automotive,Urgent,0.55,974074.1,High
R00265,B0816,"Please quote for 2671 industrial pumps, Cast Iron, CI, 20 HP. Location: Hyderabad. Required by 42 days.",Industrial Pumps,Cast Iron,CI,20 HP,2671,units,Hyderabad,42,Industrial plant,Flexible,0.7,129884.91,Low
R00266,B0418,"Need 3741 steel brackets for industrial plant, Mild Steel MS, 3 mm. Delivery required in Nashik within 38 days. Please share quotation.",Steel Brackets,Mild Steel,MS,3 mm,3741,units,Nashik,38,Industrial plant,Flexible,0.81,1283626.79,Medium
R00267,B0223,"Need 1888 gearboxes for industrial plant, Cast Iron Worm, 10 HP. Delivery required in Kolkata within 28 days. Please share quotation.",Gearboxes,Cast Iron,Worm,10 HP,1888,units,Kolkata,28,Industrial plant,Flexible,0.97,313893.86,Low
R00268,B0383,"Looking for 3716 units of Rubber conveyor belts (Grade A), size 500 mm, for our automotive plant in Nagpur. Need delivery in 12 days.",Conveyor Belts,Rubber,Grade A,500 mm,3716,units,Nagpur,12,Automotive,Normal,0.74,473517.84,Medium
R00269,B1482,"Looking for 11493 units of Carbon Steel ball valves (SS316), size 3 inch, for our general manufacturing plant in Pune. Need delivery in 28 days.",Ball Valves,Carbon Steel,SS316,3 inch,11493,units,Pune,28,General manufacturing,Flexible,0.83,4397778.9,High
R00270,B1031,"Please quote for 4384 steel brackets, Stainless Steel, SS304, 8 mm. Location: Delhi. Required by 7 days.",Steel Brackets,Stainless Steel,SS304,8 mm,4384,units,Delhi,7,OEM project,Urgent,0.11,333420.14,Medium
R00271,B0755,"Please quote for 10845 gearboxes, Cast Iron, Worm, 5 HP. Location: Chennai. Required by 14 days.",Gearboxes,Cast Iron,Worm,5 HP,10845,units,Chennai,14,Automotive,Normal,0.95,2251192.45,High
R00272,B0333,"Looking for 5818 units of Steel gearboxes (Helical), size 10 HP, for our industrial plant plant in Nagpur. Need delivery in 9 days.",Gearboxes,Steel,Helical,10 HP,5818,units,Nagpur,9,Industrial plant,Urgent,0.33,1772888.74,High
R00273,B0844,"Looking for 4900 units of Cast Iron electric motors (IE2), size 10 HP, for our oem project plant in Nashik. Need delivery in 40 days.",Electric Motors,Cast Iron,IE2,10 HP,4900,units,Nashik,40,OEM project,Flexible,0.59,1896885.29,Medium
R00274,B1393,"Looking for 10157 units of Aluminium electric motors (IE3), size 25 HP, for our automotive plant in Hyderabad. Need delivery in 34 days.",Electric Motors,Aluminium,IE3,25 HP,10157,units,Hyderabad,34,Automotive,Flexible,0.25,1699843.96,Medium
R00275,B0592,"Looking for 1253 units of Stainless Steel hydraulic cylinders (SS304), size 100 mm, for our oem project plant in Kolkata. Need delivery in 15 days.",Hydraulic Cylinders,Stainless Steel,SS304,100 mm,1253,units,Kolkata,15,OEM project,Normal,0.52,302951.34,Low
R00276,B0594,"Looking for 9547 units of Steel hydraulic cylinders (SS304), size 150 mm, for our automotive plant in Kolkata. Need delivery in 37 days.",Hydraulic Cylinders,Steel,SS304,150 mm,9547,units,Kolkata,37,Automotive,Flexible,0.01,319042.62,Low
R00277,B1133,"Please quote for 2820 steel brackets, Mild Steel, SS304, 5 mm. Location: Mumbai. Required by 5 days.",Steel Brackets,Mild Steel,SS304,5 mm,2820,units,Mumbai,5,Industrial plant,Urgent,0.9,598130.7,High
R00278,B0390,"Please quote for 4159 industrial pumps, Stainless Steel, SS316, 20 HP. Location: Bengaluru. Required by 36 days.",Industrial Pumps,Stainless Steel,SS316,20 HP,4159,units,Bengaluru,36,Automotive,Flexible,0.8,1227339.66,Medium
R00279,B0218,"Please quote for 8881 hydraulic cylinders, Stainless Steel, SS304, 150 mm. Location: Kolkata. Required by 18 days.",Hydraulic Cylinders,Stainless Steel,SS304,150 mm,8881,units,Kolkata,18,OEM project,Normal,0.35,3347125.98,Medium
R00280,B0826,"Need 6091 conveyor belts for automotive, Rubber Grade A, 800 mm. Delivery required in Pune within 6 days. Please share quotation.",Conveyor Belts,Rubber,Grade A,800 mm,6091,units,Pune,6,Automotive,Urgent,0.59,2343151.05,High
R00281,B1362,"Looking for 6367 units of Steel hydraulic cylinders (MS), size 100 mm, for our oem project plant in Ahmedabad. Need delivery in 9 days.",Hydraulic Cylinders,Steel,MS,100 mm,6367,units,Ahmedabad,9,OEM project,Urgent,0.43,3118550.23,High
R00282,B1293,"Need 10729 industrial pumps for general manufacturing, Cast Iron CI, 5 HP. Delivery required in Mumbai within 36 days. Please share quotation.",Industrial Pumps,Cast Iron,CI,5 HP,10729,units,Mumbai,36,General manufacturing,Flexible,0.43,375412.02,Low
R00283,B0703,"Looking for 4863 units of Stainless Steel ball valves (SS304), size 2 inch, for our industrial plant plant in Ahmedabad. Need delivery in 19 days.",Ball Valves,Stainless Steel,SS304,2 inch,4863,units,Ahmedabad,19,Industrial plant,Normal,0.56,737445.73,Medium
R00284,B0979,"Need 652 gearboxes for industrial plant, Steel Helical, 5 HP. Delivery required in Hyderabad within 12 days. Please share quotation.",Gearboxes,Steel,Helical,5 HP,652,units,Hyderabad,12,Industrial plant,Normal,0.32,149549.38,Low
R00285,B0061,"Looking for 2066 units of Cast Iron gearboxes (Helical), size 2 HP, for our construction plant in Nagpur. Need delivery in 3 days.",Gearboxes,Cast Iron,Helical,2 HP,2066,units,Nagpur,3,Construction,Urgent,0.5,333761.68,Medium
R00286,B0475,"Please quote for 4747 sheet metal parts, Stainless Steel, SS304, 10 mm. Location: Bengaluru. Required by 26 days.",Sheet Metal Parts,Stainless Steel,SS304,10 mm,4747,units,Bengaluru,26,OEM project,Flexible,0.23,2027393.95,Medium
R00287,B0007,"Please quote for 4729 industrial pumps, Cast Iron, SS304, 5 HP. Location: Bengaluru. Required by 25 days.",Industrial Pumps,Cast Iron,SS304,5 HP,4729,units,Bengaluru,25,Industrial plant,Normal,0.25,1447298.07,Medium
R00288,B1098,"Please quote for 11769 steel brackets, Stainless Steel, SS304, 3 mm. Location: Chennai. Required by 18 days.",Steel Brackets,Stainless Steel,SS304,3 mm,11769,units,Chennai,18,Industrial plant,Normal,0.55,4598765.35,Medium
R00289,B0710,"Need 11080 conveyor belts for construction, PU Food Grade, 1000 mm. Delivery required in Bengaluru within 38 days. Please share quotation.",Conveyor Belts,PU,Food Grade,1000 mm,11080,units,Bengaluru,38,Construction,Flexible,0.71,3844854.93,Medium
R00290,B1084,"Please quote for 8250 hydraulic cylinders, Steel, SS304, 50 mm. Location: Bengaluru. Required by 34 days.",Hydraulic Cylinders,Steel,SS304,50 mm,8250,units,Bengaluru,34,Construction,Flexible,0.05,3793298.3,Medium
R00291,B0610,"Looking for 7460 units of Aluminium electric motors (IE3), size 10 HP, for our general manufacturing plant in Ahmedabad. Need delivery in 20 days.",Electric Motors,Aluminium,IE3,10 HP,7460,units,Ahmedabad,20,General manufacturing,Normal,0.87,2914928.5,High
R00292,B0076,"Looking for 5859 units of Aluminium electric motors (IE3), size 5 HP, for our oem project plant in Nagpur. Need delivery in 22 days.",Electric Motors,Aluminium,IE3,5 HP,5859,units,Nagpur,22,OEM project,Normal,0.23,1813106.19,Medium
R00293,B1068,"Please quote for 8701 industrial pumps, Stainless Steel, SS304, 5 HP. Location: Delhi. Required by 29 days.",Industrial Pumps,Stainless Steel,SS304,5 HP,8701,units,Delhi,29,Automotive,Flexible,0.98,3621697.09,High
R00294,B0585,"Please quote for 8784 gearboxes, Cast Iron, Worm, 10 HP. Location: Nashik. Required by 38 days.",Gearboxes,Cast Iron,Worm,10 HP,8784,units,Nashik,38,Automotive,Flexible,0.43,1003340.47,Medium
R00295,B0989,"Please quote for 2022 hydraulic cylinders, Steel, SS304, 50 mm. Location: Chennai. Required by 22 days.",Hydraulic Cylinders,Steel,SS304,50 mm,2022,units,Chennai,22,General manufacturing,Normal,0.05,747918.59,Medium
R00296,B0776,"Need 7857 ball valves for construction, Carbon Steel SS316, 3 inch. Delivery required in Delhi within 21 days. Please share quotation.",Ball Valves,Carbon Steel,SS316,3 inch,7857,units,Delhi,21,Construction,Normal,0.59,1826694.98,Medium
R00297,B0537,"Looking for 3459 units of Cast Iron gearboxes (Worm), size 2 HP, for our oem project plant in Hyderabad. Need delivery in 11 days.",Gearboxes,Cast Iron,Worm,2 HP,3459,units,Hyderabad,11,OEM project,Normal,0.05,1387252.89,Medium
R00298,B1401,"Please quote for 8740 industrial pumps, Stainless Steel, SS304, 5 HP. Location: Nagpur. Required by 38 days.",Industrial Pumps,Stainless Steel,SS304,5 HP,8740,units,Nagpur,38,Construction,Flexible,0.34,1156277.71,Medium
R00299,B1059,"Looking for 6730 units of Stainless Steel ball valves (CS), size 3 inch, for our construction plant in Kolkata. Need delivery in 21 days.",Ball Valves,Stainless Steel,CS,3 inch,6730,units,Kolkata,21,Construction,Normal,0.62,3164337.27,Medium
R00300,B1062,"Please quote for 9212 sheet metal parts, Stainless Steel, SS304, 2 mm. Location: Bengaluru. Required by 34 days.",Sheet Metal Parts,Stainless Steel,SS304,2 mm,9212,units,Bengaluru,34,Construction,Flexible,0.11,743231.87,Medium
R00301,B0282,"Looking for 7247 units of Stainless Steel industrial pumps (SS304), size 5 HP, for our oem project plant in Nagpur. Need delivery in 32 days.",Industrial Pumps,Stainless Steel,SS304,5 HP,7247,units,Nagpur,32,OEM project,Flexible,0.53,3062031.35,Medium
R00302,B0545,"Need 255 conveyor belts for oem project, PU Grade A, 800 mm. Delivery required in Bengaluru within 40 days. Please share quotation.",Conveyor Belts,PU,Grade A,800 mm,255,units,Bengaluru,40,OEM project,Flexible,0.43,104352.35,Low
R00303,B0234,"Need 3005 steel brackets for automotive, Mild Steel SS304, 3 mm. Delivery required in Delhi within 43 days. Please share quotation.",Steel Brackets,Mild Steel,SS304,3 mm,3005,units,Delhi,43,Automotive,Flexible,0.58,1284584.06,Medium
R00304,B0342,"Need 9464 sheet metal parts for oem project, Mild Steel SS304, 5 mm. Delivery required in Pune within 4 days. Please share quotation.",Sheet Metal Parts,Mild Steel,SS304,5 mm,9464,units,Pune,4,OEM project,Urgent,0.45,2791616.45,High
R00305,B1346,"Looking for 9199 units of Cast Iron industrial pumps (SS316), size 5 HP, for our oem project plant in Hyderabad. Need delivery in 30 days.",Industrial Pumps,Cast Iron,SS316,5 HP,9199,units,Hyderabad,30,OEM project,Flexible,0.74,2956944.81,High
R00306,B0494,"Please quote for 10979 industrial pumps, Cast Iron, CI, 5 HP. Location: Bengaluru. Required by 15 days.",Industrial Pumps,Cast Iron,CI,5 HP,10979,units,Bengaluru,15,Industrial plant,Normal,0.08,861775.29,High
R00307,B0672,"Please quote for 2222 conveyor belts, Rubber, Food Grade, 800 mm. Location: Bengaluru. Required by 25 days.",Conveyor Belts,Rubber,Food Grade,800 mm,2222,units,Bengaluru,25,Automotive,Normal,0.8,780456.47,Medium
R00308,B1428,"Please quote for 1019 ball valves, Stainless Steel, SS316, 2 inch. Location: Nashik. Required by 22 days.",Ball Valves,Stainless Steel,SS316,2 inch,1019,units,Nashik,22,Industrial plant,Normal,0.5,188270.94,Low
R00309,B1268,"Need 1312 gearboxes for oem project, Steel Helical, 5 HP. Delivery required in Delhi within 25 days. Please share quotation.",Gearboxes,Steel,Helical,5 HP,1312,units,Delhi,25,OEM project,Normal,0.7,248690.03,Low
R00310,B1198,"Looking for 6028 units of Stainless Steel hydraulic cylinders (SS304), size 50 mm, for our industrial plant plant in Ahmedabad. Need delivery in 31 days.",Hydraulic Cylinders,Stainless Steel,SS304,50 mm,6028,units,Ahmedabad,31,Industrial plant,Flexible,0.57,1207259.59,Medium
R00311,B0492,"Looking for 6243 units of Stainless Steel hydraulic cylinders (MS), size 50 mm, for our general manufacturing plant in Ahmedabad. Need delivery in 18 days.",Hydraulic Cylinders,Stainless Steel,MS,50 mm,6243,units,Ahmedabad,18,General manufacturing,Normal,0.49,2637000.74,Medium
R00312,B0169,"Looking for 9760 units of Mild Steel sheet metal parts (MS), size 10 mm, for our general manufacturing plant in Hyderabad. Need delivery in 44 days.",Sheet Metal Parts,Mild Steel,MS,10 mm,9760,units,Hyderabad,44,General manufacturing,Flexible,0.81,1024827.36,Medium
R00313,B1301,"Looking for 592 units of Aluminium electric motors (IE3), size 5 HP, for our general manufacturing plant in Mumbai. Need delivery in 42 days.",Electric Motors,Aluminium,IE3,5 HP,592,units,Mumbai,42,General manufacturing,Flexible,0.41,106966.0,Low
R00314,B0293,"Looking for 633 units of Aluminium electric motors (IE3), size 5 HP, for our oem project plant in Delhi. Need delivery in 45 days.",Electric Motors,Aluminium,IE3,5 HP,633,units,Delhi,45,OEM project,Flexible,0.42,15173.53,Low
R00315,B0433,"Need 10403 gearboxes for general manufacturing, Cast Iron Helical, 5 HP. Delivery required in Ahmedabad within 20 days. Please share quotation.",Gearboxes,Cast Iron,Helical,5 HP,10403,units,Ahmedabad,20,General manufacturing,Normal,0.58,1790923.19,Medium
R00316,B1257,"Please quote for 4281 industrial pumps, Cast Iron, SS316, 10 HP. Location: Nagpur. Required by 43 days.",Industrial Pumps,Cast Iron,SS316,10 HP,4281,units,Nagpur,43,Automotive,Flexible,0.45,1849110.27,Medium
R00317,B0545,"Need 11602 electric motors for oem project, Cast Iron IE3, 5 HP. Delivery required in Delhi within 24 days. Please share quotation.",Electric Motors,Cast Iron,IE3,5 HP,11602,units,Delhi,24,OEM project,Normal,0.02,918614.12,Medium
R00318,B1039,"Looking for 4459 units of Cast Iron gearboxes (Helical), size 5 HP, for our construction plant in Pune. Need delivery in 15 days.",Gearboxes,Cast Iron,Helical,5 HP,4459,units,Pune,15,Construction,Normal,0.21,2017920.51,Medium
R00319,B0477,"Please quote for 3664 sheet metal parts, Stainless Steel, SS304, 10 mm. Location: Delhi. Required by 16 days.",Sheet Metal Parts,Stainless Steel,SS304,10 mm,3664,units,Delhi,16,General manufacturing,Normal,0.01,514839.88,Medium
R00320,B0081,"Looking for 8419 units of Stainless Steel industrial pumps (SS316), size 5 HP, for our industrial plant plant in Hyderabad. Need delivery in 4 days.",Industrial Pumps,Stainless Steel,SS316,5 HP,8419,units,Hyderabad,4,Industrial plant,Urgent,0.07,3350860.23,High
R00321,B1449,"Please quote for 590 steel brackets, Stainless Steel, SS304, 8 mm. Location: Bengaluru. Required by 31 days.",Steel Brackets,Stainless Steel,SS304,8 mm,590,units,Bengaluru,31,General manufacturing,Flexible,0.49,17373.45,Low
R00322,B0203,"Please quote for 4455 electric motors, Aluminium, IE2, 5 HP. Location: Bengaluru. Required by 18 days.",Electric Motors,Aluminium,IE2,5 HP,4455,units,Bengaluru,18,OEM project,Normal,0.92,1406623.06,Medium
R00323,B0420,"Need 9643 steel brackets for industrial plant, Mild Steel MS, 3 mm. Delivery required in Kolkata within 33 days. Please share quotation.",Steel Brackets,Mild Steel,MS,3 mm,9643,units,Kolkata,33,Industrial plant,Flexible,0.18,2851255.77,Medium
R00324,B0205,"Need 3059 ball valves for construction, Carbon Steel SS316, 1 inch. Delivery required in Ahmedabad within 3 days. Please share quotation.",Ball Valves,Carbon Steel,SS316,1 inch,3059,units,Ahmedabad,3,Construction,Urgent,0.53,314305.66,Medium
R00325,B0818,"Looking for 6288 units of Stainless Steel industrial pumps (SS304), size 10 HP, for our automotive plant in Kolkata. Need delivery in 30 days.",Industrial Pumps,Stainless Steel,SS304,10 HP,6288,units,Kolkata,30,Automotive,Flexible,0.69,576411.27,High
R00326,B0739,"Need 540 steel brackets for industrial plant, Stainless Steel SS304, 3 mm. Delivery required in Nagpur within 24 days. Please share quotation.",Steel Brackets,Stainless Steel,SS304,3 mm,540,units,Nagpur,24,Industrial plant,Normal,0.41,28964.33,Low
R00327,B1154,"Need 7815 industrial pumps for automotive, Stainless Steel SS316, 10 HP. Delivery required in Nagpur within 23 days. Please share quotation.",Industrial Pumps,Stainless Steel,SS316,10 HP,7815,units,Nagpur,23,Automotive,Normal,0.03,3739877.46,Medium
R00328,B1160,"Need 3124 sheet metal parts for general manufacturing, Mild Steel SS304, 2 mm. Delivery required in Pune within 44 days. Please share quotation.",Sheet Metal Parts,Mild Steel,SS304,2 mm,3124,units,Pune,44,General manufacturing,Flexible,0.74,1281585.15,Medium
R00329,B0573,"Please quote for 2355 sheet metal parts, Mild Steel, SS304, 5 mm. Location: Nashik. Required by 10 days.",Sheet Metal Parts,Mild Steel,SS304,5 mm,2355,units,Nashik,10,Automotive,Urgent,0.41,849622.08,High
R00330,B0297,"Need 2759 ball valves for general manufacturing, Carbon Steel SS304, 3 inch. Delivery required in Kolkata within 7 days. Please share quotation.",Ball Valves,Carbon Steel,SS304,3 inch,2759,units,Kolkata,7,General manufacturing,Urgent,0.76,594260.76,High
R00331,B0169,"Need 2382 electric motors for general manufacturing, Aluminium IE2, 10 HP. Delivery required in Mumbai within 44 days. Please share quotation.",Electric Motors,Aluminium,IE2,10 HP,2382,units,Mumbai,44,General manufacturing,Flexible,0.95,719607.71,Medium
R00332,B0724,"Looking for 7328 units of Cast Iron industrial pumps (SS316), size 20 HP, for our general manufacturing plant in Chennai. Need delivery in 14 days.",Industrial Pumps,Cast Iron,SS316,20 HP,7328,units,Chennai,14,General manufacturing,Normal,0.09,2403183.47,High
R00333,B0707,"Please quote for 10694 steel brackets, Mild Steel, MS, 3 mm. Location: Chennai. Required by 41 days.",Steel Brackets,Mild Steel,MS,3 mm,10694,units,Chennai,41,Construction,Flexible,0.36,901392.26,Medium
R00334,B0187,"Need 2173 hydraulic cylinders for oem project, Steel SS304, 50 mm. Delivery required in Mumbai within 9 days. Please share quotation.",Hydraulic Cylinders,Steel,SS304,50 mm,2173,units,Mumbai,9,OEM project,Urgent,0.81,649927.46,High
R00335,B0020,"Please quote for 7867 gearboxes, Steel, Worm, 5 HP. Location: Kolkata. Required by 30 days.",Gearboxes,Steel,Worm,5 HP,7867,units,Kolkata,30,OEM project,Flexible,0.53,3930204.43,Medium
R00336,B0598,"Please quote for 8395 electric motors, Cast Iron, IE3, 5 HP. Location: Delhi. Required by 31 days.",Electric Motors,Cast Iron,IE3,5 HP,8395,units,Delhi,31,OEM project,Flexible,0.85,298978.86,Medium
R00337,B0413,"Looking for 734 units of Stainless Steel steel brackets (MS), size 5 mm, for our oem project plant in Pune. Need delivery in 28 days.",Steel Brackets,Stainless Steel,MS,5 mm,734,units,Pune,28,OEM project,Flexible,0.61,285450.23,Low
R00338,B0241,"Need 4584 steel brackets for oem project, Stainless Steel MS, 3 mm. Delivery required in Kolkata within 20 days. Please share quotation.",Steel Brackets,Stainless Steel,MS,3 mm,4584,units,Kolkata,20,OEM project,Normal,0.57,1201014.63,Medium
R00339,B0304,"Need 3091 gearboxes for industrial plant, Steel Worm, 5 HP. Delivery required in Nashik within 3 days. Please share quotation.",Gearboxes,Steel,Worm,5 HP,3091,units,Nashik,3,Industrial plant,Urgent,0.36,791297.94,High
R00340,B0826,"Looking for 52 units of Steel hydraulic cylinders (MS), size 50 mm, for our automotive plant in Pune. Need delivery in 4 days.",Hydraulic Cylinders,Steel,MS,50 mm,52,units,Pune,4,Automotive,Urgent,0.24,19604.67,Medium
R00341,B0190,"Looking for 8557 units of Stainless Steel ball valves (SS304), size 3 inch, for our automotive plant in Nagpur. Need delivery in 39 days.",Ball Valves,Stainless Steel,SS304,3 inch,8557,units,Nagpur,39,Automotive,Flexible,0.57,266195.22,Low
R00342,B1468,"Please quote for 8121 steel brackets, Stainless Steel, SS304, 8 mm. Location: Delhi. Required by 32 days.",Steel Brackets,Stainless Steel,SS304,8 mm,8121,units,Delhi,32,OEM project,Flexible,0.04,1954878.51,Medium
R00343,B1223,"Please quote for 1366 industrial pumps, Cast Iron, SS316, 20 HP. Location: Kolkata. Required by 30 days.",Industrial Pumps,Cast Iron,SS316,20 HP,1366,units,Kolkata,30,General manufacturing,Flexible,0.52,42438.45,Low
R00344,B1238,"Please quote for 1605 conveyor belts, Rubber, Food Grade, 500 mm. Location: Delhi. Required by 31 days.",Conveyor Belts,Rubber,Food Grade,500 mm,1605,units,Delhi,31,Automotive,Flexible,0.65,103336.51,Low
R00345,B0417,"Looking for 5083 units of Cast Iron electric motors (IE2), size 25 HP, for our industrial plant plant in Nashik. Need delivery in 4 days.",Electric Motors,Cast Iron,IE2,25 HP,5083,units,Nashik,4,Industrial plant,Urgent,0.76,268578.21,High
R00346,B0829,"Looking for 7335 units of Cast Iron electric motors (IE3), size 5 HP, for our oem project plant in Bengaluru. Need delivery in 27 days.",Electric Motors,Cast Iron,IE3,5 HP,7335,units,Bengaluru,27,OEM project,Flexible,0.44,2625532.04,Medium
R00347,B1039,"Need 2280 industrial pumps for automotive, Stainless Steel SS304, 20 HP. Delivery required in Ahmedabad within 44 days. Please share quotation.",Industrial Pumps,Stainless Steel,SS304,20 HP,2280,units,Ahmedabad,44,Automotive,Flexible,0.92,145849.4,Low
R00348,B0666,"Need 2465 conveyor belts for automotive, PU Food Grade, 500 mm. Delivery required in Hyderabad within 12 days. Please share quotation.",Conveyor Belts,PU,Food Grade,500 mm,2465,units,Hyderabad,12,Automotive,Normal,0.47,359393.0,Medium
R00349,B1147,"Need 2637 hydraulic cylinders for general manufacturing, Steel SS304, 100 mm. Delivery required in Delhi within 25 days. Please share quotation.",Hydraulic Cylinders,Steel,SS304,100 mm,2637,units,Delhi,25,General manufacturing,Normal,0.55,172609.05,Low
R00350,B1364,"Looking for 6879 units of Steel hydraulic cylinders (MS), size 150 mm, for our industrial plant plant in Mumbai. Need delivery in 43 days.",Hydraulic Cylinders,Steel,MS,150 mm,6879,units,Mumbai,43,Industrial plant,Flexible,0.11,196680.8,Low
R00351,B1070,"Need 2852 industrial pumps for construction, Stainless Steel SS316, 20 HP. Delivery required in Delhi within 6 days. Please share quotation.",Industrial Pumps,Stainless Steel,SS316,20 HP,2852,units,Delhi,6,Construction,Urgent,0.46,825789.89,High
R00352,B0257,"Need 2899 industrial pumps for oem project, Stainless Steel CI, 20 HP. Delivery required in Delhi within 11 days. Please share quotation.",Industrial Pumps,Stainless Steel,CI,20 HP,2899,units,Delhi,11,OEM project,Normal,0.65,546191.29,High
R00353,B0530,"Looking for 7055 units of Cast Iron electric motors (IE2), size 10 HP, for our industrial plant plant in Hyderabad. Need delivery in 23 days.",Electric Motors,Cast Iron,IE2,10 HP,7055,units,Hyderabad,23,Industrial plant,Normal,0.38,3437942.25,Medium
R00354,B1274,"Need 2384 industrial pumps for industrial plant, Cast Iron CI, 5 HP. Delivery required in Chennai within 29 days. Please share quotation.",Industrial Pumps,Cast Iron,CI,5 HP,2384,units,Chennai,29,Industrial plant,Flexible,0.33,76463.32,Low
R00355,B0171,"Looking for 10275 units of Cast Iron industrial pumps (SS316), size 20 HP, for our general manufacturing plant in Delhi. Need delivery in 22 days.",Industrial Pumps,Cast Iron,SS316,20 HP,10275,units,Delhi,22,General manufacturing,Normal,1.0,4945657.66,High
R00356,B1441,"Looking for 11151 units of Stainless Steel steel brackets (MS), size 3 mm, for our industrial plant plant in Nashik. Need delivery in 32 days.",Steel Brackets,Stainless Steel,MS,3 mm,11151,units,Nashik,32,Industrial plant,Flexible,0.93,4758197.78,Medium
R00357,B1278,"Looking for 1274 units of Cast Iron gearboxes (Helical), size 5 HP, for our general manufacturing plant in Nagpur. Need delivery in 31 days.",Gearboxes,Cast Iron,Helical,5 HP,1274,units,Nagpur,31,General manufacturing,Flexible,0.47,190322.86,Low
R00358,B1026,"Please quote for 10491 ball valves, Stainless Steel, CS, 1 inch. Location: Delhi. Required by 26 days.",Ball Valves,Stainless Steel,CS,1 inch,10491,units,Delhi,26,Automotive,Flexible,0.48,2779325.53,Medium
R00359,B1122,"Need 5151 electric motors for construction, Aluminium IE2, 5 HP. Delivery required in Ahmedabad within 16 days. Please share quotation.",Electric Motors,Aluminium,IE2,5 HP,5151,units,Ahmedabad,16,Construction,Normal,0.95,1967022.73,High
R00360,B0819,"Please quote for 7111 steel brackets, Stainless Steel, MS, 8 mm. Location: Ahmedabad. Required by 41 days.",Steel Brackets,Stainless Steel,MS,8 mm,7111,units,Ahmedabad,41,Construction,Flexible,0.69,200900.8,Medium
R00361,B1370,"Looking for 11006 units of Aluminium electric motors (IE2), size 5 HP, for our industrial plant plant in Nagpur. Need delivery in 34 days.",Electric Motors,Aluminium,IE2,5 HP,11006,units,Nagpur,34,Industrial plant,Flexible,0.23,1535967.25,Medium
R00362,B0830,"Looking for 8256 units of PU conveyor belts (Food Grade), size 1000 mm, for our oem project plant in Nashik. Need delivery in 7 days.",Conveyor Belts,PU,Food Grade,1000 mm,8256,units,Nashik,7,OEM project,Urgent,0.26,257055.26,High
R00363,B0169,"Please quote for 736 industrial pumps, Cast Iron, SS304, 5 HP. Location: Nashik. Required by 8 days.",Industrial Pumps,Cast Iron,SS304,5 HP,736,units,Nashik,8,Industrial plant,Urgent,0.19,279592.34,Medium
R00364,B1462,"Please quote for 854 industrial pumps, Stainless Steel, CI, 10 HP. Location: Ahmedabad. Required by 42 days.",Industrial Pumps,Stainless Steel,CI,10 HP,854,units,Ahmedabad,42,OEM project,Flexible,0.64,75402.44,Low
R00365,B0102,"Need 2693 gearboxes for automotive, Cast Iron Helical, 2 HP. Delivery required in Pune within 15 days. Please share quotation.",Gearboxes,Cast Iron,Helical,2 HP,2693,units,Pune,15,Automotive,Normal,0.09,835119.76,Medium
R00366,B0956,"Please quote for 4899 electric motors, Aluminium, IE2, 5 HP. Location: Chennai. Required by 10 days.",Electric Motors,Aluminium,IE2,5 HP,4899,units,Chennai,10,Industrial plant,Urgent,0.55,1484657.25,High
R00367,B1303,"Looking for 2569 units of Stainless Steel industrial pumps (CI), size 10 HP, for our automotive plant in Bengaluru. Need delivery in 42 days.",Industrial Pumps,Stainless Steel,CI,10 HP,2569,units,Bengaluru,42,Automotive,Flexible,0.82,402690.15,Low
R00368,B0968,"Need 1993 hydraulic cylinders for general manufacturing, Stainless Steel MS, 150 mm. Delivery required in Mumbai within 16 days. Please share quotation.",Hydraulic Cylinders,Stainless Steel,MS,150 mm,1993,units,Mumbai,16,General manufacturing,Normal,0.56,154063.55,Low
R00369,B1414,"Please quote for 7687 sheet metal parts, Mild Steel, SS304, 2 mm. Location: Nagpur. Required by 6 days.",Sheet Metal Parts,Mild Steel,SS304,2 mm,7687,units,Nagpur,6,Industrial plant,Urgent,0.11,255172.88,High
R00370,B0694,"Need 11109 sheet metal parts for general manufacturing, Mild Steel MS, 2 mm. Delivery required in Nagpur within 40 days. Please share quotation.",Sheet Metal Parts,Mild Steel,MS,2 mm,11109,units,Nagpur,40,General manufacturing,Flexible,0.04,1277795.31,Medium
R00371,B0031,"Need 4718 gearboxes for oem project, Cast Iron Helical, 2 HP. Delivery required in Kolkata within 3 days. Please share quotation.",Gearboxes,Cast Iron,Helical,2 HP,4718,units,Kolkata,3,OEM project,Urgent,0.65,1227815.26,High
R00372,B0784,"Please quote for 6495 electric motors, Aluminium, IE2, 5 HP. Location: Nashik. Required by 13 days.",Electric Motors,Aluminium,IE2,5 HP,6495,units,Nashik,13,Automotive,Normal,0.35,2008144.33,High
R00373,B0504,"Please quote for 7755 sheet metal parts, Stainless Steel, SS304, 10 mm. Location: Pune. Required by 27 days.",Sheet Metal Parts,Stainless Steel,SS304,10 mm,7755,units,Pune,27,General manufacturing,Flexible,0.85,2723904.2,High
R00374,B0446,"Need 919 hydraulic cylinders for construction, Steel MS, 100 mm. Delivery required in Mumbai within 29 days. Please share quotation.",Hydraulic Cylinders,Steel,MS,100 mm,919,units,Mumbai,29,Construction,Flexible,0.36,427626.28,Low
R00375,B1031,"Need 11534 electric motors for oem project, Aluminium IE3, 5 HP. Delivery required in Mumbai within 42 days. Please share quotation.",Electric Motors,Aluminium,IE3,5 HP,11534,units,Mumbai,42,OEM project,Flexible,0.22,4965780.75,Medium
R00376,B0146,"Looking for 6984 units of Cast Iron industrial pumps (SS304), size 20 HP, for our automotive plant in Nagpur. Need delivery in 7 days.",Industrial Pumps,Cast Iron,SS304,20 HP,6984,units,Nagpur,7,Automotive,Urgent,0.48,1374342.67,High
R00377,B0668,"Need 11700 hydraulic cylinders for oem project, Stainless Steel SS304, 100 mm. Delivery required in Delhi within 17 days. Please share quotation.",Hydraulic Cylinders,Stainless Steel,SS304,100 mm,11700,units,Delhi,17,OEM project,Normal,0.82,758940.99,High
R00378,B1131,"Looking for 2567 units of Cast Iron electric motors (IE3), size 10 HP, for our oem project plant in Chennai. Need delivery in 35 days.",Electric Motors,Cast Iron,IE3,10 HP,2567,units,Chennai,35,OEM project,Flexible,0.32,633484.66,Medium
R00379,B0202,"Looking for 7377 units of Stainless Steel ball valves (CS), size 1 inch, for our automotive plant in Chennai. Need delivery in 24 days.",Ball Valves,Stainless Steel,CS,1 inch,7377,units,Chennai,24,Automotive,Normal,0.36,1910054.75,Medium
R00380,B0758,"Looking for 9826 units of Mild Steel steel brackets (SS304), size 8 mm, for our industrial plant plant in Chennai. Need delivery in 13 days.",Steel Brackets,Mild Steel,SS304,8 mm,9826,units,Chennai,13,Industrial plant,Normal,0.42,1577122.27,High
R00381,B0741,"Looking for 5887 units of Stainless Steel sheet metal parts (MS), size 2 mm, for our automotive plant in Mumbai. Need delivery in 31 days.",Sheet Metal Parts,Stainless Steel,MS,2 mm,5887,units,Mumbai,31,Automotive,Flexible,0.81,1428455.41,Medium
R00382,B0381,"Looking for 11860 units of Mild Steel sheet metal parts (SS304), size 10 mm, for our automotive plant in Pune. Need delivery in 16 days.",Sheet Metal Parts,Mild Steel,SS304,10 mm,11860,units,Pune,16,Automotive,Normal,0.3,327975.94,Medium
R00383,B0808,"Please quote for 11581 ball valves, Carbon Steel, CS, 2 inch. Location: Chennai. Required by 45 days.",Ball Valves,Carbon Steel,CS,2 inch,11581,units,Chennai,45,Industrial plant,Flexible,0.53,1674483.82,Medium
R00384,B0773,"Please quote for 8477 steel brackets, Mild Steel, SS304, 8 mm. Location: Ahmedabad. Required by 5 days.",Steel Brackets,Mild Steel,SS304,8 mm,8477,units,Ahmedabad,5,General manufacturing,Urgent,0.21,2825360.98,High
R00385,B1084,"Looking for 3431 units of Mild Steel sheet metal parts (MS), size 5 mm, for our general manufacturing plant in Kolkata. Need delivery in 28 days.",Sheet Metal Parts,Mild Steel,MS,5 mm,3431,units,Kolkata,28,General manufacturing,Flexible,0.72,427455.57,Medium
R00386,B0362,"Need 11391 sheet metal parts for oem project, Mild Steel SS304, 10 mm. Delivery required in Pune within 19 days. Please share quotation.",Sheet Metal Parts,Mild Steel,SS304,10 mm,11391,units,Pune,19,OEM project,Normal,0.69,3942690.07,High
R00387,B0671,"Please quote for 5702 hydraulic cylinders, Steel, SS304, 50 mm. Location: Pune. Required by 36 days.",Hydraulic Cylinders,Steel,SS304,50 mm,5702,units,Pune,36,OEM project,Flexible,0.85,2145421.85,Medium
R00388,B1456,"Looking for 3163 units of Steel gearboxes (Helical), size 5 HP, for our general manufacturing plant in Bengaluru. Need delivery in 29 days.",Gearboxes,Steel,Helical,5 HP,3163,units,Bengaluru,29,General manufacturing,Flexible,0.34,766772.03,Medium
R00389,B0267,"Looking for 11561 units of Mild Steel steel brackets (SS304), size 8 mm, for our oem project plant in Pune. Need delivery in 18 days.",Steel Brackets,Mild Steel,SS304,8 mm,11561,units,Pune,18,OEM project,Normal,0.73,5005339.88,High
R00390,B1004,"Looking for 10562 units of Stainless Steel steel brackets (SS304), size 3 mm, for our automotive plant in Nashik. Need delivery in 33 days.",Steel Brackets,Stainless Steel,SS304,3 mm,10562,units,Nashik,33,Automotive,Flexible,0.61,2092079.02,Medium
R00391,B0828,"Please quote for 957 sheet metal parts, Mild Steel, SS304, 2 mm. Location: Ahmedabad. Required by 13 days.",Sheet Metal Parts,Mild Steel,SS304,2 mm,957,units,Ahmedabad,13,OEM project,Normal,0.55,403693.09,Low
R00392,B0847,"Please quote for 6980 industrial pumps, Cast Iron, SS304, 5 HP. Location: Nagpur. Required by 3 days.",Industrial Pumps,Cast Iron,SS304,5 HP,6980,units,Nagpur,3,Industrial plant,Urgent,0.79,3149896.77,High
R00393,B0923,"Looking for 11138 units of Stainless Steel industrial pumps (SS316), size 5 HP, for our general manufacturing plant in Hyderabad. Need delivery in 20 days.",Industrial Pumps,Stainless Steel,SS316,5 HP,11138,units,Hyderabad,20,General manufacturing,Normal,0.88,4865175.71,High
R00394,B0379,"Looking for 3198 units of Stainless Steel industrial pumps (SS304), size 10 HP, for our construction plant in Chennai. Need delivery in 5 days.",Industrial Pumps,Stainless Steel,SS304,10 HP,3198,units,Chennai,5,Construction,Urgent,0.84,368334.65,High
R00395,B1138,"Need 9482 steel brackets for general manufacturing, Mild Steel MS, 5 mm. Delivery required in Delhi within 10 days. Please share quotation.",Steel Brackets,Mild Steel,MS,5 mm,9482,units,Delhi,10,General manufacturing,Urgent,0.54,4644911.31,High
R00396,B1237,"Need 1017 industrial pumps for oem project, Cast Iron SS316, 10 HP. Delivery required in Nashik within 25 days. Please share quotation.",Industrial Pumps,Cast Iron,SS316,10 HP,1017,units,Nashik,25,OEM project,Normal,0.74,73415.54,Low
R00397,B0456,"Looking for 2608 units of Rubber conveyor belts (Food Grade), size 1000 mm, for our oem project plant in Chennai. Need delivery in 14 days.",Conveyor Belts,Rubber,Food Grade,1000 mm,2608,units,Chennai,14,OEM project,Normal,0.65,1081481.01,High
R00398,B1320,"Looking for 7072 units of Cast Iron electric motors (IE2), size 5 HP, for our general manufacturing plant in Hyderabad. Need delivery in 31 days.",Electric Motors,Cast Iron,IE2,5 HP,7072,units,Hyderabad,31,General manufacturing,Flexible,0.36,705630.95,Medium
R00399,B0006,"Looking for 10286 units of PU conveyor belts (Food Grade), size 1000 mm, for our automotive plant in Nagpur. Need delivery in 26 days.",Conveyor Belts,PU,Food Grade,1000 mm,10286,units,Nagpur,26,Automotive,Flexible,0.75,2352691.55,High
R00400,B0382,"Need 750 hydraulic cylinders for automotive, Stainless Steel MS, 50 mm. Delivery required in Kolkata within 3 days. Please share quotation.",Hydraulic Cylinders,Stainless Steel,MS,50 mm,750,units,Kolkata,3,Automotive,Urgent,0.9,31724.69,Medium
R00401,B0507,"Need 4264 electric motors for automotive, Aluminium IE2, 10 HP. Delivery required in Kolkata within 39 days. Please share quotation.",Electric Motors,Aluminium,IE2,10 HP,4264,units,Kolkata,39,Automotive,Flexible,0.17,2044233.4,Medium
R00402,B0464,"Looking for 687 units of Stainless Steel steel brackets (MS), size 3 mm, for our construction plant in Nashik. Need delivery in 26 days.",Steel Brackets,Stainless Steel,MS,3 mm,687,units,Nashik,26,Construction,Flexible,0.28,305490.62,Low
R00403,B0395,"Need 8282 industrial pumps for construction, Stainless Steel SS316, 20 HP. Delivery required in Kolkata within 38 days. Please share quotation.",Industrial Pumps,Stainless Steel,SS316,20 HP,8282,units,Kolkata,38,Construction,Flexible,0.29,3249584.51,Medium
R00404,B0473,"Need 7011 conveyor belts for oem project, PU Grade A, 1000 mm. Delivery required in Nashik within 3 days. Please share quotation.",Conveyor Belts,PU,Grade A,1000 mm,7011,units,Nashik,3,OEM project,Urgent,0.13,3504898.36,High
R00405,B1260,"Need 9519 electric motors for construction, Cast Iron IE2, 5 HP. Delivery required in Pune within 31 days. Please share quotation.",Electric Motors,Cast Iron,IE2,5 HP,9519,units,Pune,31,Construction,Flexible,0.95,2985441.07,Medium
R00406,B0031,"Looking for 6597 units of Stainless Steel ball valves (SS304), size 2 inch, for our general manufacturing plant in Delhi. Need delivery in 7 days.",Ball Valves,Stainless Steel,SS304,2 inch,6597,units,Delhi,7,General manufacturing,Urgent,0.18,339560.36,High
R00407,B0987,"Looking for 5621 units of Aluminium electric motors (IE2), size 10 HP, for our oem project plant in Nagpur. Need delivery in 9 days.",Electric Motors,Aluminium,IE2,10 HP,5621,units,Nagpur,9,OEM project,Urgent,0.23,730496.19,High
R00408,B0291,"Please quote for 7777 gearboxes, Cast Iron, Worm, 5 HP. Location: Bengaluru. Required by 12 days.",Gearboxes,Cast Iron,Worm,5 HP,7777,units,Bengaluru,12,OEM project,Normal,0.03,3505121.66,High
R00409,B0282,"Looking for 453 units of Cast Iron gearboxes (Worm), size 2 HP, for our oem project plant in Pune. Need delivery in 39 days.",Gearboxes,Cast Iron,Worm,2 HP,453,units,Pune,39,OEM project,Flexible,0.06,67459.97,Low
R00410,B0206,"Please quote for 11342 steel brackets, Stainless Steel, SS304, 5 mm. Location: Delhi. Required by 24 days.",Steel Brackets,Stainless Steel,SS304,5 mm,11342,units,Delhi,24,Construction,Normal,0.64,4429149.26,Medium
R00411,B1419,"Please quote for 7255 electric motors, Aluminium, IE2, 25 HP. Location: Chennai. Required by 40 days.",Electric Motors,Aluminium,IE2,25 HP,7255,units,Chennai,40,General manufacturing,Flexible,0.25,586841.75,Medium
R00412,B0016,"Looking for 8953 units of Stainless Steel steel brackets (SS304), size 8 mm, for our construction plant in Delhi. Need delivery in 19 days.",Steel Brackets,Stainless Steel,SS304,8 mm,8953,units,Delhi,19,Construction,Normal,0.77,954028.88,High
R00413,B1144,"Looking for 8092 units of Stainless Steel sheet metal parts (MS), size 5 mm, for our industrial plant plant in Hyderabad. Need delivery in 39 days.",Sheet Metal Parts,Stainless Steel,MS,5 mm,8092,units,Hyderabad,39,Industrial plant,Flexible,0.35,2449267.3,Medium
R00414,B1032,"Looking for 7675 units of Steel hydraulic cylinders (MS), size 100 mm, for our construction plant in Kolkata. Need delivery in 45 days.",Hydraulic Cylinders,Steel,MS,100 mm,7675,units,Kolkata,45,Construction,Flexible,0.74,1382274.39,Medium
R00415,B0257,"Please quote for 7183 conveyor belts, Rubber, Food Grade, 1000 mm. Location: Chennai. Required by 11 days.",Conveyor Belts,Rubber,Food Grade,1000 mm,7183,units,Chennai,11,General manufacturing,Normal,0.58,1515550.64,High
R00416,B0718,"Need 10467 steel brackets for automotive, Mild Steel MS, 3 mm. Delivery required in Bengaluru within 26 days. Please share quotation.",Steel Brackets,Mild Steel,MS,3 mm,10467,units,Bengaluru,26,Automotive,Flexible,0.75,1076577.89,High
R00417,B0027,"Need 4933 steel brackets for oem project, Mild Steel MS, 3 mm. Delivery required in Chennai within 14 days. Please share quotation.",Steel Brackets,Mild Steel,MS,3 mm,4933,units,Chennai,14,OEM project,Normal,0.85,525534.44,High
R00418,B0856,"Looking for 1448 units of Stainless Steel steel brackets (SS304), size 5 mm, for our oem project plant in Ahmedabad. Need delivery in 39 days.",Steel Brackets,Stainless Steel,SS304,5 mm,1448,units,Ahmedabad,39,OEM project,Flexible,0.17,516993.22,Low
R00419,B0380,"Need 6549 sheet metal parts for construction, Mild Steel MS, 5 mm. Delivery required in Pune within 19 days. Please share quotation.",Sheet Metal Parts,Mild Steel,MS,5 mm,6549,units,Pune,19,Construction,Normal,0.48,1483663.61,Medium
R00420,B0412,"Please quote for 3814 electric motors, Aluminium, IE2, 25 HP. Location: Nagpur. Required by 7 days.",Electric Motors,Aluminium,IE2,25 HP,3814,units,Nagpur,7,Automotive,Urgent,0.62,754992.97,High
R00421,B1084,"Need 1554 steel brackets for industrial plant, Stainless Steel MS, 5 mm. Delivery required in Mumbai within 40 days. Please share quotation.",Steel Brackets,Stainless Steel,MS,5 mm,1554,units,Mumbai,40,Industrial plant,Flexible,0.46,750960.34,Low
R00422,B1452,"Please quote for 6577 industrial pumps, Cast Iron, SS316, 10 HP. Location: Mumbai. Required by 29 days.",Industrial Pumps,Cast Iron,SS316,10 HP,6577,units,Mumbai,29,Automotive,Flexible,0.71,1019846.01,High
R00423,B0301,"Need 5354 hydraulic cylinders for industrial plant, Steel MS, 150 mm. Delivery required in Delhi within 32 days. Please share quotation.",Hydraulic Cylinders,Steel,MS,150 mm,5354,units,Delhi,32,Industrial plant,Flexible,0.67,1200865.5,Medium
R00424,B1466,"Need 223 conveyor belts for construction, Rubber Food Grade, 500 mm. Delivery required in Nagpur within 19 days. Please share quotation.",Conveyor Belts,Rubber,Food Grade,500 mm,223,units,Nagpur,19,Construction,Normal,0.39,104937.51,Low
R00425,B0861,"Need 3241 electric motors for general manufacturing, Cast Iron IE2, 25 HP. Delivery required in Chennai within 14 days. Please share quotation.",Electric Motors,Cast Iron,IE2,25 HP,3241,units,Chennai,14,General manufacturing,Normal,0.42,806270.76,Medium
R00426,B1128,"Looking for 10238 units of PU conveyor belts (Food Grade), size 500 mm, for our general manufacturing plant in Pune. Need delivery in 20 days.",Conveyor Belts,PU,Food Grade,500 mm,10238,units,Pune,20,General manufacturing,Normal,0.02,696610.43,Medium
R00427,B0912,"Looking for 9270 units of Carbon Steel ball valves (CS), size 3 inch, for our construction plant in Delhi. Need delivery in 14 days.",Ball Valves,Carbon Steel,CS,3 inch,9270,units,Delhi,14,Construction,Normal,0.27,2678786.38,High
R00428,B0524,"Looking for 3608 units of Aluminium electric motors (IE3), size 5 HP, for our general manufacturing plant in Ahmedabad. Need delivery in 25 days.",Electric Motors,Aluminium,IE3,5 HP,3608,units,Ahmedabad,25,General manufacturing,Normal,0.57,745362.89,Medium
R00429,B1410,"Looking for 8802 units of Stainless Steel industrial pumps (SS316), size 10 HP, for our general manufacturing plant in Bengaluru. Need delivery in 17 days.",Industrial Pumps,Stainless Steel,SS316,10 HP,8802,units,Bengaluru,17,General manufacturing,Normal,0.17,351217.14,Medium
R00430,B0549,"Need 218 gearboxes for construction, Steel Helical, 10 HP. Delivery required in Pune within 41 days. Please share quotation.",Gearboxes,Steel,Helical,10 HP,218,units,Pune,41,Construction,Flexible,0.09,37107.33,Low
R00431,B0103,"Looking for 9906 units of Aluminium electric motors (IE3), size 25 HP, for our oem project plant in Pune. Need delivery in 5 days.",Electric Motors,Aluminium,IE3,25 HP,9906,units,Pune,5,OEM project,Urgent,0.49,3393216.88,High
R00432,B1111,"Looking for 7484 units of Cast Iron gearboxes (Worm), size 2 HP, for our construction plant in Kolkata. Need delivery in 36 days.",Gearboxes,Cast Iron,Worm,2 HP,7484,units,Kolkata,36,Construction,Flexible,0.84,1497433.98,Medium
R00433,B0754,"Please quote for 7677 hydraulic cylinders, Stainless Steel, SS304, 100 mm. Location: Nashik. Required by 27 days.",Hydraulic Cylinders,Stainless Steel,SS304,100 mm,7677,units,Nashik,27,Industrial plant,Flexible,0.3,3035726.0,Medium
R00434,B0226,"Need 9996 ball valves for automotive, Carbon Steel CS, 3 inch. Delivery required in Nagpur within 5 days. Please share quotation.",Ball Valves,Carbon Steel,CS,3 inch,9996,units,Nagpur,5,Automotive,Urgent,0.78,2967762.85,High
R00435,B0069,"Looking for 7465 units of Cast Iron electric motors (IE2), size 25 HP, for our automotive plant in Kolkata. Need delivery in 27 days.",Electric Motors,Cast Iron,IE2,25 HP,7465,units,Kolkata,27,Automotive,Flexible,0.9,3310766.09,High
R00436,B0046,"Looking for 6980 units of Rubber conveyor belts (Food Grade), size 800 mm, for our industrial plant plant in Nagpur. Need delivery in 35 days.",Conveyor Belts,Rubber,Food Grade,800 mm,6980,units,Nagpur,35,Industrial plant,Flexible,0.47,2370537.23,Medium
R00437,B1049,"Looking for 3024 units of Stainless Steel ball valves (SS304), size 3 inch, for our general manufacturing plant in Hyderabad. Need delivery in 29 days.",Ball Valves,Stainless Steel,SS304,3 inch,3024,units,Hyderabad,29,General manufacturing,Flexible,0.51,952160.88,Medium
R00438,B0347,"Please quote for 5418 gearboxes, Steel, Helical, 10 HP. Location: Nagpur. Required by 5 days.",Gearboxes,Steel,Helical,10 HP,5418,units,Nagpur,5,General manufacturing,Urgent,0.52,900722.81,High
R00439,B0538,"Please quote for 5179 sheet metal parts, Stainless Steel, MS, 10 mm. Location: Bengaluru. Required by 4 days.",Sheet Metal Parts,Stainless Steel,MS,10 mm,5179,units,Bengaluru,4,Construction,Urgent,0.86,1235695.99,High
R00440,B0334,"Please quote for 11870 gearboxes, Cast Iron, Worm, 10 HP. Location: Chennai. Required by 4 days.",Gearboxes,Cast Iron,Worm,10 HP,11870,units,Chennai,4,General manufacturing,Urgent,0.93,634683.05,High
R00441,B1005,"Need 9544 industrial pumps for oem project, Cast Iron SS304, 20 HP. Delivery required in Nashik within 35 days. Please share quotation.",Industrial Pumps,Cast Iron,SS304,20 HP,9544,units,Nashik,35,OEM project,Flexible,0.56,4453560.53,Medium
R00442,B0830,"Please quote for 7616 gearboxes, Steel, Helical, 2 HP. Location: Mumbai. Required by 32 days.",Gearboxes,Steel,Helical,2 HP,7616,units,Mumbai,32,Automotive,Flexible,0.29,1111623.53,Medium
R00443,B0620,"Please quote for 9708 industrial pumps, Stainless Steel, CI, 20 HP. Location: Kolkata. Required by 45 days.",Industrial Pumps,Stainless Steel,CI,20 HP,9708,units,Kolkata,45,Industrial plant,Flexible,0.99,4656615.12,Medium
R00444,B1104,"Looking for 9286 units of Stainless Steel industrial pumps (SS316), size 10 HP, for our general manufacturing plant in Nagpur. Need delivery in 29 days.",Industrial Pumps,Stainless Steel,SS316,10 HP,9286,units,Nagpur,29,General manufacturing,Flexible,0.19,2935550.76,Medium
R00445,B1421,"Please quote for 3821 hydraulic cylinders, Stainless Steel, MS, 100 mm. Location: Kolkata. Required by 35 days.",Hydraulic Cylinders,Stainless Steel,MS,100 mm,3821,units,Kolkata,35,Construction,Flexible,0.82,345476.03,Low
R00446,B0556,"Please quote for 1849 ball valves, Carbon Steel, CS, 3 inch. Location: Hyderabad. Required by 33 days.",Ball Valves,Carbon Steel,CS,3 inch,1849,units,Hyderabad,33,OEM project,Flexible,0.22,883539.32,Low
R00447,B1348,"Need 9521 ball valves for general manufacturing, Carbon Steel CS, 3 inch. Delivery required in Pune within 9 days. Please share quotation.",Ball Valves,Carbon Steel,CS,3 inch,9521,units,Pune,9,General manufacturing,Urgent,0.9,4399500.56,High
R00448,B0088,"Looking for 7372 units of Carbon Steel ball valves (SS304), size 1 inch, for our general manufacturing plant in Pune. Need delivery in 10 days.",Ball Valves,Carbon Steel,SS304,1 inch,7372,units,Pune,10,General manufacturing,Urgent,0.88,2379601.73,High
R00449,B0357,"Please quote for 10515 conveyor belts, Rubber, Grade A, 1000 mm. Location: Mumbai. Required by 32 days.",Conveyor Belts,Rubber,Grade A,1000 mm,10515,units,Mumbai,32,Industrial plant,Flexible,0.87,2302965.48,Medium
R00450,B0377,"Please quote for 10841 electric motors, Cast Iron, IE3, 5 HP. Location: Pune. Required by 32 days.",Electric Motors,Cast Iron,IE3,5 HP,10841,units,Pune,32,Industrial plant,Flexible,0.65,5167650.43,Medium
R00451,B0226,"Need 8864 electric motors for oem project, Aluminium IE2, 10 HP. Delivery required in Pune within 30 days. Please share quotation.",Electric Motors,Aluminium,IE2,10 HP,8864,units,Pune,30,OEM project,Flexible,0.8,1814830.03,High
R00452,B0359,"Looking for 9153 units of Steel gearboxes (Helical), size 2 HP, for our industrial plant plant in Pune. Need delivery in 36 days.",Gearboxes,Steel,Helical,2 HP,9153,units,Pune,36,Industrial plant,Flexible,0.19,432689.05,Low
R00453,B0993,"Need 5362 electric motors for industrial plant, Cast Iron IE3, 5 HP. Delivery required in Nagpur within 27 days. Please share quotation.",Electric Motors,Cast Iron,IE3,5 HP,5362,units,Nagpur,27,Industrial plant,Flexible,0.08,2221121.23,Medium
R00454,B0320,"Need 2356 industrial pumps for construction, Cast Iron CI, 20 HP. Delivery required in Ahmedabad within 13 days. Please share quotation.",Industrial Pumps,Cast Iron,CI,20 HP,2356,units,Ahmedabad,13,Construction,Normal,0.46,1108776.52,Medium
R00455,B1330,"Looking for 4382 units of Rubber conveyor belts (Grade A), size 1000 mm, for our general manufacturing plant in Nagpur. Need delivery in 31 days.",Conveyor Belts,Rubber,Grade A,1000 mm,4382,units,Nagpur,31,General manufacturing,Flexible,0.0,1370783.98,Medium
R00456,B0163,"Please quote for 2198 electric motors, Aluminium, IE3, 10 HP. Location: Ahmedabad. Required by 5 days.",Electric Motors,Aluminium,IE3,10 HP,2198,units,Ahmedabad,5,Construction,Urgent,0.53,572779.98,High
R00457,B1469,"Please quote for 286 sheet metal parts, Stainless Steel, SS304, 10 mm. Location: Delhi. Required by 28 days.",Sheet Metal Parts,Stainless Steel,SS304,10 mm,286,units,Delhi,28,Construction,Flexible,0.45,22036.61,Low
R00458,B0826,"Looking for 11690 units of Mild Steel sheet metal parts (SS304), size 5 mm, for our industrial plant plant in Hyderabad. Need delivery in 29 days.",Sheet Metal Parts,Mild Steel,SS304,5 mm,11690,units,Hyderabad,29,Industrial plant,Flexible,0.6,449496.61,Medium
R00459,B0357,"Need 6128 gearboxes for oem project, Steel Helical, 2 HP. Delivery required in Nagpur within 22 days. Please share quotation.",Gearboxes,Steel,Helical,2 HP,6128,units,Nagpur,22,OEM project,Normal,0.75,2083256.61,High
R00460,B1166,"Please quote for 2736 electric motors, Aluminium, IE3, 5 HP. Location: Hyderabad. Required by 39 days.",Electric Motors,Aluminium,IE3,5 HP,2736,units,Hyderabad,39,OEM project,Flexible,0.41,1324003.0,Medium
R00461,B0508,"Need 9686 conveyor belts for industrial plant, PU Food Grade, 1000 mm. Delivery required in Nagpur within 45 days. Please share quotation.",Conveyor Belts,PU,Food Grade,1000 mm,9686,units,Nagpur,45,Industrial plant,Flexible,0.32,3606365.97,Medium
R00462,B0522,"Please quote for 8137 sheet metal parts, Stainless Steel, SS304, 10 mm. Location: Chennai. Required by 42 days.",Sheet Metal Parts,Stainless Steel,SS304,10 mm,8137,units,Chennai,42,Industrial plant,Flexible,0.17,636969.75,Medium
R00463,B0021,"Need 3299 electric motors for industrial plant, Aluminium IE2, 10 HP. Delivery required in Nagpur within 36 days. Please share quotation.",Electric Motors,Aluminium,IE2,10 HP,3299,units,Nagpur,36,Industrial plant,Flexible,0.0,265590.19,Low
R00464,B0625,"Please quote for 10708 ball valves, Carbon Steel, SS316, 1 inch. Location: Chennai. Required by 28 days.",Ball Valves,Carbon Steel,SS316,1 inch,10708,units,Chennai,28,Industrial plant,Flexible,0.65,5130848.85,High
R00465,B0312,"Please quote for 9260 conveyor belts, Rubber, Food Grade, 1000 mm. Location: Mumbai. Required by 16 days.",Conveyor Belts,Rubber,Food Grade,1000 mm,9260,units,Mumbai,16,Construction,Normal,0.84,2388514.67,High
R00466,B1429,"Need 10061 sheet metal parts for construction, Mild Steel MS, 10 mm. Delivery required in Kolkata within 30 days. Please share quotation.",Sheet Metal Parts,Mild Steel,MS,10 mm,10061,units,Kolkata,30,Construction,Flexible,0.3,3996571.96,Medium
R00467,B0993,"Looking for 10652 units of Cast Iron industrial pumps (CI), size 20 HP, for our oem project plant in Nashik. Need delivery in 6 days.",Industrial Pumps,Cast Iron,CI,20 HP,10652,units,Nashik,6,OEM project,Urgent,0.43,3128591.44,High
R00468,B0758,"Looking for 6584 units of Carbon Steel ball valves (CS), size 3 inch, for our oem project plant in Nashik. Need delivery in 39 days.",Ball Valves,Carbon Steel,CS,3 inch,6584,units,Nashik,39,OEM project,Flexible,0.53,3253246.17,Medium
R00469,B1172,"Looking for 5991 units of Stainless Steel industrial pumps (SS316), size 20 HP, for our automotive plant in Delhi. Need delivery in 43 days.",Industrial Pumps,Stainless Steel,SS316,20 HP,5991,units,Delhi,43,Automotive,Flexible,0.98,1632980.6,Medium
R00470,B0398,"Looking for 4081 units of Mild Steel steel brackets (SS304), size 5 mm, for our construction plant in Ahmedabad. Need delivery in 34 days.",Steel Brackets,Mild Steel,SS304,5 mm,4081,units,Ahmedabad,34,Construction,Flexible,0.66,223722.26,Low
R00471,B0128,"Need 869 hydraulic cylinders for general manufacturing, Stainless Steel MS, 50 mm. Delivery required in Chennai within 34 days. Please share quotation.",Hydraulic Cylinders,Stainless Steel,MS,50 mm,869,units,Chennai,34,General manufacturing,Flexible,0.42,422270.71,Low
R00472,B0942,"Need 5484 steel brackets for oem project, Stainless Steel SS304, 8 mm. Delivery required in Nagpur within 40 days. Please share quotation.",Steel Brackets,Stainless Steel,SS304,8 mm,5484,units,Nagpur,40,OEM project,Flexible,0.19,618708.12,Medium
R00473,B1095,"Looking for 7369 units of Mild Steel steel brackets (MS), size 5 mm, for our oem project plant in Ahmedabad. Need delivery in 38 days.",Steel Brackets,Mild Steel,MS,5 mm,7369,units,Ahmedabad,38,OEM project,Flexible,0.87,1717618.84,Medium
R00474,B0070,"Please quote for 11354 conveyor belts, PU, Grade A, 500 mm. Location: Chennai. Required by 29 days.",Conveyor Belts,PU,Grade A,500 mm,11354,units,Chennai,29,Construction,Flexible,0.56,2795174.97,Medium
R00475,B0076,"Please quote for 3934 hydraulic cylinders, Steel, SS304, 150 mm. Location: Nashik. Required by 37 days.",Hydraulic Cylinders,Steel,SS304,150 mm,3934,units,Nashik,37,OEM project,Flexible,0.81,1913372.72,Medium
R00476,B0804,"Please quote for 8942 hydraulic cylinders, Steel, SS304, 100 mm. Location: Mumbai. Required by 9 days.",Hydraulic Cylinders,Steel,SS304,100 mm,8942,units,Mumbai,9,Construction,Urgent,0.37,3615858.78,High
R00477,B1469,"Looking for 8079 units of Carbon Steel ball valves (SS304), size 3 inch, for our automotive plant in Chennai. Need delivery in 3 days.",Ball Valves,Carbon Steel,SS304,3 inch,8079,units,Chennai,3,Automotive,Urgent,0.32,3268412.02,High
R00478,B0784,"Looking for 4093 units of Aluminium electric motors (IE3), size 5 HP, for our industrial plant plant in Nagpur. Need delivery in 37 days.",Electric Motors,Aluminium,IE3,5 HP,4093,units,Nagpur,37,Industrial plant,Flexible,0.77,492481.77,Low
R00479,B1107,"Need 8932 industrial pumps for construction, Stainless Steel CI, 10 HP. Delivery required in Kolkata within 28 days. Please share quotation.",Industrial Pumps,Stainless Steel,CI,10 HP,8932,units,Kolkata,28,Construction,Flexible,0.15,2085726.51,Medium
R00480,B0271,"Need 6280 hydraulic cylinders for oem project, Steel SS304, 50 mm. Delivery required in Ahmedabad within 30 days. Please share quotation.",Hydraulic Cylinders,Steel,SS304,50 mm,6280,units,Ahmedabad,30,OEM project,Flexible,0.06,2298478.88,Medium
R00481,B1240,"Please quote for 358 conveyor belts, PU, Food Grade, 800 mm. Location: Kolkata. Required by 35 days.",Conveyor Belts,PU,Food Grade,800 mm,358,units,Kolkata,35,Automotive,Flexible,0.48,94040.44,Low
R00482,B0578,"Need 11745 industrial pumps for oem project, Stainless Steel SS304, 20 HP. Delivery required in Mumbai within 41 days. Please share quotation.",Industrial Pumps,Stainless Steel,SS304,20 HP,11745,units,Mumbai,41,OEM project,Flexible,0.08,3782086.25,Medium
R00483,B0818,"Need 1662 conveyor belts for oem project, Rubber Food Grade, 800 mm. Delivery required in Mumbai within 24 days. Please share quotation.",Conveyor Belts,Rubber,Food Grade,800 mm,1662,units,Mumbai,24,OEM project,Normal,0.19,163282.36,Low
R00484,B0463,"Please quote for 6627 ball valves, Stainless Steel, CS, 3 inch. Location: Pune. Required by 21 days.",Ball Valves,Stainless Steel,CS,3 inch,6627,units,Pune,21,General manufacturing,Normal,0.9,190081.85,Medium
R00485,B1391,"Need 5973 industrial pumps for general manufacturing, Cast Iron SS316, 10 HP. Delivery required in Ahmedabad within 21 days. Please share quotation.",Industrial Pumps,Cast Iron,SS316,10 HP,5973,units,Ahmedabad,21,General manufacturing,Normal,0.92,1644216.62,High
R00486,B0996,"Looking for 4759 units of Rubber conveyor belts (Food Grade), size 500 mm, for our oem project plant in Hyderabad. Need delivery in 7 days.",Conveyor Belts,Rubber,Food Grade,500 mm,4759,units,Hyderabad,7,OEM project,Urgent,1.0,1057391.66,High
R00487,B1095,"Looking for 5372 units of Mild Steel steel brackets (SS304), size 3 mm, for our automotive plant in Nagpur. Need delivery in 27 days.",Steel Brackets,Mild Steel,SS304,3 mm,5372,units,Nagpur,27,Automotive,Flexible,0.02,1098554.15,Medium
R00488,B0812,"Looking for 3560 units of Stainless Steel hydraulic cylinders (SS304), size 50 mm, for our general manufacturing plant in Hyderabad. Need delivery in 36 days.",Hydraulic Cylinders,Stainless Steel,SS304,50 mm,3560,units,Hyderabad,36,General manufacturing,Flexible,0.24,475338.09,Low
R00489,B1204,"Need 11995 industrial pumps for automotive, Cast Iron SS304, 5 HP. Delivery required in Kolkata within 44 days. Please share quotation.",Industrial Pumps,Cast Iron,SS304,5 HP,11995,units,Kolkata,44,Automotive,Flexible,0.01,3831745.98,Medium
R00490,B1411,"Need 981 conveyor belts for automotive, Rubber Grade A, 500 mm. Delivery required in Delhi within 43 days. Please share quotation.",Conveyor Belts,Rubber,Grade A,500 mm,981,units,Delhi,43,Automotive,Flexible,0.77,179232.51,Low
R00491,B1277,"Please quote for 9808 sheet metal parts, Stainless Steel, SS304, 10 mm. Location: Bengaluru. Required by 17 days.",Sheet Metal Parts,Stainless Steel,SS304,10 mm,9808,units,Bengaluru,17,Automotive,Normal,0.53,392288.74,Medium
R00492,B0090,"Looking for 8097 units of Stainless Steel industrial pumps (SS316), size 10 HP, for our construction plant in Ahmedabad. Need delivery in 45 days.",Industrial Pumps,Stainless Steel,SS316,10 HP,8097,units,Ahmedabad,45,Construction,Flexible,0.29,3861242.74,Medium
R00493,B0713,"Please quote for 8438 electric motors, Cast Iron, IE3, 5 HP. Location: Mumbai. Required by 10 days.",Electric Motors,Cast Iron,IE3,5 HP,8438,units,Mumbai,10,OEM project,Urgent,0.35,2579636.87,High
R00494,B1014,"Need 6543 conveyor belts for industrial plant, PU Food Grade, 800 mm. Delivery required in Hyderabad within 13 days. Please share quotation.",Conveyor Belts,PU,Food Grade,800 mm,6543,units,Hyderabad,13,Industrial plant,Normal,0.31,1680211.36,High
R00495,B1312,"Need 6711 gearboxes for industrial plant, Steel Helical, 2 HP. Delivery required in Mumbai within 29 days. Please share quotation.",Gearboxes,Steel,Helical,2 HP,6711,units,Mumbai,29,Industrial plant,Flexible,0.76,1088790.57,High
R00496,B0139,"Looking for 5808 units of Cast Iron gearboxes (Helical), size 2 HP, for our oem project plant in Mumbai. Need delivery in 26 days.",Gearboxes,Cast Iron,Helical,2 HP,5808,units,Mumbai,26,OEM project,Flexible,0.23,2014387.03,Medium
R00497,B0619,"Need 5197 ball valves for construction, Carbon Steel SS316, 1 inch. Delivery required in Hyderabad within 6 days. Please share quotation.",Ball Valves,Carbon Steel,SS316,1 inch,5197,units,Hyderabad,6,Construction,Urgent,0.21,551071.77,High
R00498,B1423,"Looking for 4367 units of Stainless Steel hydraulic cylinders (SS304), size 150 mm, for our construction plant in Pune. Need delivery in 27 days.",Hydraulic Cylinders,Stainless Steel,SS304,150 mm,4367,units,Pune,27,Construction,Flexible,0.58,1788689.29,Medium
R00499,B1472,"Looking for 1329 units of Stainless Steel hydraulic cylinders (MS), size 150 mm, for our oem project plant in Kolkata. Need delivery in 43 days.",Hydraulic Cylinders,Stainless Steel,MS,150 mm,1329,units,Kolkata,43,OEM project,Flexible,0.58,218175.59,Low
R00500,B0811,"Please quote for 9092 gearboxes, Steel, Worm, 2 HP. Location: Delhi. Required by 15 days.",Gearboxes,Steel,Worm,2 HP,9092,units,Delhi,15,Construction,Normal,0.95,2623876.28,High
R00501,B1155,"Need 3999 hydraulic cylinders for automotive, Stainless Steel MS, 50 mm. Delivery required in Chennai within 33 days. Please share quotation.",Hydraulic Cylinders,Stainless Steel,MS,50 mm,3999,units,Chennai,33,Automotive,Flexible,0.16,1313058.61,Medium
R00502,B0830,"Looking for 3575 units of Stainless Steel hydraulic cylinders (SS304), size 50 mm, for our oem project plant in Delhi. Need delivery in 12 days.",Hydraulic Cylinders,Stainless Steel,SS304,50 mm,3575,units,Delhi,12,OEM project,Normal,0.26,432431.95,Medium
R00503,B0970,"Need 2704 steel brackets for general manufacturing, Stainless Steel MS, 3 mm. Delivery required in Hyderabad within 32 days. Please share quotation.",Steel Brackets,Stainless Steel,MS,3 mm,2704,units,Hyderabad,32,General manufacturing,Flexible,0.62,268675.37,Low
R00504,B0001,"Need 2325 steel brackets for industrial plant, Stainless Steel MS, 8 mm. Delivery required in Pune within 11 days. Please share quotation.",Steel Brackets,Stainless Steel,MS,8 mm,2325,units,Pune,11,Industrial plant,Normal,0.42,815133.67,Medium
R00505,B0306,"Please quote for 4589 conveyor belts, Rubber, Grade A, 1000 mm. Location: Ahmedabad. Required by 11 days.",Conveyor Belts,Rubber,Grade A,1000 mm,4589,units,Ahmedabad,11,Industrial plant,Normal,0.01,1393564.7,Medium
R00506,B1165,"Please quote for 5398 sheet metal parts, Stainless Steel, SS304, 2 mm. Location: Ahmedabad. Required by 24 days.",Sheet Metal Parts,Stainless Steel,SS304,2 mm,5398,units,Ahmedabad,24,Industrial plant,Normal,0.61,946439.86,Medium
R00507,B0886,"Please quote for 2056 ball valves, Stainless Steel, CS, 1 inch. Location: Pune. Required by 3 days.",Ball Valves,Stainless Steel,CS,1 inch,2056,units,Pune,3,General manufacturing,Urgent,0.72,193815.47,High
R00508,B0070,"Looking for 7678 units of Stainless Steel steel brackets (MS), size 5 mm, for our industrial plant plant in Chennai. Need delivery in 16 days.",Steel Brackets,Stainless Steel,MS,5 mm,7678,units,Chennai,16,Industrial plant,Normal,0.4,2732790.97,Medium
R00509,B0348,"Please quote for 76 electric motors, Cast Iron, IE2, 10 HP. Location: Delhi. Required by 38 days.",Electric Motors,Cast Iron,IE2,10 HP,76,units,Delhi,38,Construction,Flexible,0.5,23931.95,Low
R00510,B0554,"Need 11946 electric motors for general manufacturing, Aluminium IE3, 5 HP. Delivery required in Pune within 43 days. Please share quotation.",Electric Motors,Aluminium,IE3,5 HP,11946,units,Pune,43,General manufacturing,Flexible,0.68,5387016.34,Medium
R00511,B0328,"Need 2756 gearboxes for general manufacturing, Steel Worm, 10 HP. Delivery required in Hyderabad within 32 days. Please share quotation.",Gearboxes,Steel,Worm,10 HP,2756,units,Hyderabad,32,General manufacturing,Flexible,0.84,1280036.14,Medium
R00512,B0580,"Please quote for 10872 conveyor belts, PU, Grade A, 1000 mm. Location: Bengaluru. Required by 43 days.",Conveyor Belts,PU,Grade A,1000 mm,10872,units,Bengaluru,43,General manufacturing,Flexible,0.45,4021397.15,Medium
R00513,B1226,"Need 8584 hydraulic cylinders for oem project, Stainless Steel MS, 50 mm. Delivery required in Delhi within 40 days. Please share quotation.",Hydraulic Cylinders,Stainless Steel,MS,50 mm,8584,units,Delhi,40,OEM project,Flexible,0.26,3089144.53,Medium
R00514,B0262,"Need 252 gearboxes for industrial plant, Cast Iron Worm, 5 HP. Delivery required in Ahmedabad within 41 days. Please share quotation.",Gearboxes,Cast Iron,Worm,5 HP,252,units,Ahmedabad,41,Industrial plant,Flexible,0.75,40916.6,Low
R00515,B0214,"Looking for 1672 units of Cast Iron electric motors (IE2), size 5 HP, for our oem project plant in Nashik. Need delivery in 38 days.",Electric Motors,Cast Iron,IE2,5 HP,1672,units,Nashik,38,OEM project,Flexible,0.62,93334.92,Low
R00516,B0396,"Please quote for 86 hydraulic cylinders, Steel, SS304, 50 mm. Location: Mumbai. Required by 14 days.",Hydraulic Cylinders,Steel,SS304,50 mm,86,units,Mumbai,14,General manufacturing,Normal,0.97,8463.05,Low
R00517,B1052,"Please quote for 10456 electric motors, Cast Iron, IE3, 5 HP. Location: Nashik. Required by 24 days.",Electric Motors,Cast Iron,IE3,5 HP,10456,units,Nashik,24,General manufacturing,Normal,0.53,531402.27,Medium
R00518,B0795,"Please quote for 10554 steel brackets, Stainless Steel, MS, 8 mm. Location: Kolkata. Required by 44 days.",Steel Brackets,Stainless Steel,MS,8 mm,10554,units,Kolkata,44,General manufacturing,Flexible,0.05,1680820.41,Medium
R00519,B0556,"Looking for 4204 units of Stainless Steel ball valves (CS), size 3 inch, for our construction plant in Nagpur. Need delivery in 44 days.",Ball Valves,Stainless Steel,CS,3 inch,4204,units,Nagpur,44,Construction,Flexible,0.02,1293739.08,Medium
R00520,B0911,"Need 4432 hydraulic cylinders for industrial plant, Stainless Steel SS304, 150 mm. Delivery required in Nagpur within 27 days. Please share quotation.",Hydraulic Cylinders,Stainless Steel,SS304,150 mm,4432,units,Nagpur,27,Industrial plant,Flexible,0.2,1910332.5,Medium
R00521,B0653,"Please quote for 9423 ball valves, Stainless Steel, CS, 1 inch. Location: Nashik. Required by 29 days.",Ball Valves,Stainless Steel,CS,1 inch,9423,units,Nashik,29,Automotive,Flexible,0.45,1647825.74,Medium
R00522,B0353,"Looking for 10923 units of Steel gearboxes (Worm), size 5 HP, for our construction plant in Kolkata. Need delivery in 28 days.",Gearboxes,Steel,Worm,5 HP,10923,units,Kolkata,28,Construction,Flexible,0.47,2064351.22,Medium
R00523,B0597,"Please quote for 6351 electric motors, Aluminium, IE2, 5 HP. Location: Kolkata. Required by 31 days.",Electric Motors,Aluminium,IE2,5 HP,6351,units,Kolkata,31,Construction,Flexible,0.06,2736019.24,Medium
R00524,B1050,"Please quote for 4203 ball valves, Carbon Steel, SS316, 2 inch. Location: Bengaluru. Required by 9 days.",Ball Valves,Carbon Steel,SS316,2 inch,4203,units,Bengaluru,9,Industrial plant,Urgent,0.61,222680.51,Medium
R00525,B0963,"Need 3322 electric motors for oem project, Aluminium IE2, 5 HP. Delivery required in Kolkata within 29 days. Please share quotation.",Electric Motors,Aluminium,IE2,5 HP,3322,units,Kolkata,29,OEM project,Flexible,0.73,1400285.29,Medium
R00526,B0843,"Need 3198 sheet metal parts for construction, Mild Steel MS, 5 mm. Delivery required in Pune within 42 days. Please share quotation.",Sheet Metal Parts,Mild Steel,MS,5 mm,3198,units,Pune,42,Construction,Flexible,0.17,850966.63,Medium
R00527,B0136,"Please quote for 9993 hydraulic cylinders, Steel, MS, 50 mm. Location: Ahmedabad. Required by 7 days.",Hydraulic Cylinders,Steel,MS,50 mm,9993,units,Ahmedabad,7,Industrial plant,Urgent,0.48,2278044.38,High
R00528,B0612,"Looking for 5535 units of Stainless Steel sheet metal parts (MS), size 5 mm, for our construction plant in Nashik. Need delivery in 38 days.",Sheet Metal Parts,Stainless Steel,MS,5 mm,5535,units,Nashik,38,Construction,Flexible,0.91,1509841.99,Medium
R00529,B0457,"Please quote for 11346 sheet metal parts, Mild Steel, SS304, 5 mm. Location: Chennai. Required by 22 days.",Sheet Metal Parts,Mild Steel,SS304,5 mm,11346,units,Chennai,22,OEM project,Normal,0.25,3713608.32,Medium
R00530,B0091,"Need 9006 industrial pumps for general manufacturing, Cast Iron CI, 20 HP. Delivery required in Pune within 11 days. Please share quotation.",Industrial Pumps,Cast Iron,CI,20 HP,9006,units,Pune,11,General manufacturing,Normal,0.97,816183.7,High
R00531,B0902,"Please quote for 4613 hydraulic cylinders, Steel, SS304, 150 mm. Location: Nagpur. Required by 4 days.",Hydraulic Cylinders,Steel,SS304,150 mm,4613,units,Nagpur,4,General manufacturing,Urgent,0.46,305644.18,Medium
R00532,B1407,"Please quote for 10008 electric motors, Cast Iron, IE3, 10 HP. Location: Bengaluru. Required by 10 days.",Electric Motors,Cast Iron,IE3,10 HP,10008,units,Bengaluru,10,Construction,Urgent,0.72,4972437.89,High
R00533,B1325,"Need 5262 conveyor belts for oem project, Rubber Grade A, 1000 mm. Delivery required in Kolkata within 28 days. Please share quotation.",Conveyor Belts,Rubber,Grade A,1000 mm,5262,units,Kolkata,28,OEM project,Flexible,0.17,507274.07,Medium
R00534,B0430,"Need 9008 gearboxes for construction, Cast Iron Worm, 10 HP. Delivery required in Hyderabad within 42 days. Please share quotation.",Gearboxes,Cast Iron,Worm,10 HP,9008,units,Hyderabad,42,Construction,Flexible,0.85,4193080.41,Medium
R00535,B1085,"Need 6620 sheet metal parts for industrial plant, Mild Steel MS, 5 mm. Delivery required in Nashik within 40 days. Please share quotation.",Sheet Metal Parts,Mild Steel,MS,5 mm,6620,units,Nashik,40,Industrial plant,Flexible,0.47,1312975.21,Medium
R00536,B0313,"Need 5947 steel brackets for construction, Mild Steel SS304, 5 mm. Delivery required in Bengaluru within 39 days. Please share quotation.",Steel Brackets,Mild Steel,SS304,5 mm,5947,units,Bengaluru,39,Construction,Flexible,0.13,2783854.99,Medium
R00537,B1174,"Need 7397 steel brackets for oem project, Stainless Steel MS, 3 mm. Delivery required in Nagpur within 35 days. Please share quotation.",Steel Brackets,Stainless Steel,MS,3 mm,7397,units,Nagpur,35,OEM project,Flexible,0.04,1822122.58,Medium
R00538,B0532,"Need 8902 gearboxes for oem project, Steel Worm, 10 HP. Delivery required in Chennai within 6 days. Please share quotation.",Gearboxes,Steel,Worm,10 HP,8902,units,Chennai,6,OEM project,Urgent,0.63,1558038.45,High
R00539,B1404,"Need 5162 sheet metal parts for oem project, Stainless Steel SS304, 5 mm. Delivery required in Delhi within 40 days. Please share quotation.",Sheet Metal Parts,Stainless Steel,SS304,5 mm,5162,units,Delhi,40,OEM project,Flexible,0.84,1443180.18,Medium
R00540,B1247,"Please quote for 9574 conveyor belts, PU, Grade A, 800 mm. Location: Mumbai. Required by 23 days.",Conveyor Belts,PU,Grade A,800 mm,9574,units,Mumbai,23,General manufacturing,Normal,0.63,2534863.24,Medium
R00541,B1404,"Looking for 4338 units of Mild Steel steel brackets (SS304), size 8 mm, for our general manufacturing plant in Kolkata. Need delivery in 35 days.",Steel Brackets,Mild Steel,SS304,8 mm,4338,units,Kolkata,35,General manufacturing,Flexible,0.4,2084637.68,Medium
R00542,B1120,"Need 1802 steel brackets for oem project, Stainless Steel MS, 8 mm. Delivery required in Nashik within 10 days. Please share quotation.",Steel Brackets,Stainless Steel,MS,8 mm,1802,units,Nashik,10,OEM project,Urgent,0.15,509330.58,Medium
R00543,B0243,"Need 10650 gearboxes for general manufacturing, Cast Iron Helical, 2 HP. Delivery required in Chennai within 3 days. Please share quotation.",Gearboxes,Cast Iron,Helical,2 HP,10650,units,Chennai,3,General manufacturing,Urgent,0.45,400344.22,High
R00544,B1048,"Please quote for 9678 steel brackets, Stainless Steel, MS, 3 mm. Location: Kolkata. Required by 12 days.",Steel Brackets,Stainless Steel,MS,3 mm,9678,units,Kolkata,12,General manufacturing,Normal,0.93,4399026.08,High
R00545,B1495,"Need 3994 gearboxes for general manufacturing, Steel Worm, 2 HP. Delivery required in Bengaluru within 5 days. Please share quotation.",Gearboxes,Steel,Worm,2 HP,3994,units,Bengaluru,5,General manufacturing,Urgent,1.0,1732920.94,High
R00546,B0447,"Need 7328 conveyor belts for general manufacturing, PU Food Grade, 1000 mm. Delivery required in Pune within 34 days. Please share quotation.",Conveyor Belts,PU,Food Grade,1000 mm,7328,units,Pune,34,General manufacturing,Flexible,0.32,2979478.59,Medium
R00547,B0456,"Please quote for 11097 hydraulic cylinders, Steel, SS304, 100 mm. Location: Pune. Required by 25 days.",Hydraulic Cylinders,Steel,SS304,100 mm,11097,units,Pune,25,Industrial plant,Normal,0.27,3820041.19,Medium
R00548,B0106,"Please quote for 6043 electric motors, Cast Iron, IE2, 10 HP. Location: Kolkata. Required by 37 days.",Electric Motors,Cast Iron,IE2,10 HP,6043,units,Kolkata,37,Industrial plant,Flexible,0.92,2695943.54,Medium
R00549,B1094,"Please quote for 5307 ball valves, Stainless Steel, SS304, 3 inch. Location: Pune. Required by 15 days.",Ball Valves,Stainless Steel,SS304,3 inch,5307,units,Pune,15,General manufacturing,Normal,0.07,2016792.45,High
R00550,B0732,"Looking for 7333 units of Cast Iron industrial pumps (SS316), size 20 HP, for our industrial plant plant in Kolkata. Need delivery in 6 days.",Industrial Pumps,Cast Iron,SS316,20 HP,7333,units,Kolkata,6,Industrial plant,Urgent,0.51,2355581.57,High
R00551,B0885,"Need 4827 electric motors for general manufacturing, Cast Iron IE3, 25 HP. Delivery required in Pune within 17 days. Please share quotation.",Electric Motors,Cast Iron,IE3,25 HP,4827,units,Pune,17,General manufacturing,Normal,0.94,146699.74,Medium
R00552,B1232,"Please quote for 8310 hydraulic cylinders, Stainless Steel, MS, 100 mm. Location: Delhi. Required by 10 days.",Hydraulic Cylinders,Stainless Steel,MS,100 mm,8310,units,Delhi,10,Construction,Urgent,0.67,3823915.62,High
R00553,B1445,"Please quote for 6467 sheet metal parts, Mild Steel, MS, 10 mm. Location: Kolkata. Required by 16 days.",Sheet Metal Parts,Mild Steel,MS,10 mm,6467,units,Kolkata,16,Automotive,Normal,0.3,1272567.24,Medium
R00554,B1195,"Looking for 4936 units of Stainless Steel steel brackets (SS304), size 3 mm, for our construction plant in Mumbai. Need delivery in 27 days.",Steel Brackets,Stainless Steel,SS304,3 mm,4936,units,Mumbai,27,Construction,Flexible,0.8,1372312.63,Medium
R00555,B0731,"Please quote for 4798 industrial pumps, Cast Iron, SS304, 10 HP. Location: Hyderabad. Required by 33 days.",Industrial Pumps,Cast Iron,SS304,10 HP,4798,units,Hyderabad,33,Construction,Flexible,0.28,1551917.73,Medium
R00556,B0158,"Please quote for 10010 ball valves, Carbon Steel, SS316, 3 inch. Location: Mumbai. Required by 30 days.",Ball Valves,Carbon Steel,SS316,3 inch,10010,units,Mumbai,30,Automotive,Flexible,0.66,4512795.54,High
R00557,B1152,"Need 3754 gearboxes for general manufacturing, Cast Iron Worm, 2 HP. Delivery required in Ahmedabad within 20 days. Please share quotation.",Gearboxes,Cast Iron,Worm,2 HP,3754,units,Ahmedabad,20,General manufacturing,Normal,0.69,534831.85,Medium
R00558,B0059,"Need 2124 sheet metal parts for oem project, Stainless Steel MS, 10 mm. Delivery required in Nagpur within 11 days. Please share quotation.",Sheet Metal Parts,Stainless Steel,MS,10 mm,2124,units,Nagpur,11,OEM project,Normal,0.42,1032529.18,Medium
R00559,B0851,"Looking for 3086 units of Steel hydraulic cylinders (SS304), size 150 mm, for our industrial plant plant in Mumbai. Need delivery in 38 days.",Hydraulic Cylinders,Steel,SS304,150 mm,3086,units,Mumbai,38,Industrial plant,Flexible,0.44,1167132.44,Medium
R00560,B0263,"Need 6477 ball valves for industrial plant, Stainless Steel SS304, 2 inch. Delivery required in Delhi within 20 days. Please share quotation.",Ball Valves,Stainless Steel,SS304,2 inch,6477,units,Delhi,20,Industrial plant,Normal,0.68,2769139.16,High
R00561,B0193,"Looking for 3440 units of PU conveyor belts (Grade A), size 500 mm, for our oem project plant in Chennai. Need delivery in 30 days.",Conveyor Belts,PU,Grade A,500 mm,3440,units,Chennai,30,OEM project,Flexible,0.86,1291297.94,Medium
R00562,B0718,"Need 5007 ball valves for automotive, Carbon Steel SS304, 3 inch. Delivery required in Ahmedabad within 28 days. Please share quotation.",Ball Valves,Carbon Steel,SS304,3 inch,5007,units,Ahmedabad,28,Automotive,Flexible,0.46,689716.01,Medium
R00563,B0137,"Please quote for 2315 gearboxes, Steel, Worm, 5 HP. Location: Hyderabad. Required by 6 days.",Gearboxes,Steel,Worm,5 HP,2315,units,Hyderabad,6,Automotive,Urgent,0.58,468122.69,Medium
R00564,B0190,"Looking for 9566 units of Stainless Steel hydraulic cylinders (SS304), size 100 mm, for our industrial plant plant in Nashik. Need delivery in 43 days.",Hydraulic Cylinders,Stainless Steel,SS304,100 mm,9566,units,Nashik,43,Industrial plant,Flexible,0.61,1397591.96,Medium
R00565,B0556,"Looking for 60 units of Stainless Steel industrial pumps (CI), size 10 HP, for our construction plant in Nashik. Need delivery in 24 days.",Industrial Pumps,Stainless Steel,CI,10 HP,60,units,Nashik,24,Construction,Normal,0.93,28179.59,Low
R00566,B0136,"Looking for 2978 units of Cast Iron electric motors (IE3), size 5 HP, for our industrial plant plant in Kolkata. Need delivery in 37 days.",Electric Motors,Cast Iron,IE3,5 HP,2978,units,Kolkata,37,Industrial plant,Flexible,0.93,1427108.21,Medium
R00567,B1205,"Looking for 11269 units of Cast Iron electric motors (IE2), size 10 HP, for our oem project plant in Chennai. Need delivery in 21 days.",Electric Motors,Cast Iron,IE2,10 HP,11269,units,Chennai,21,OEM project,Normal,0.53,1635615.28,Medium
R00568,B0871,"Need 2215 sheet metal parts for automotive, Stainless Steel MS, 2 mm. Delivery required in Pune within 21 days. Please share quotation.",Sheet Metal Parts,Stainless Steel,MS,2 mm,2215,units,Pune,21,Automotive,Normal,0.51,736051.4,Medium
R00569,B0189,"Need 999 industrial pumps for general manufacturing, Cast Iron CI, 5 HP. Delivery required in Mumbai within 37 days. Please share quotation.",Industrial Pumps,Cast Iron,CI,5 HP,999,units,Mumbai,37,General manufacturing,Flexible,0.25,60407.24,Low
R00570,B1376,"Looking for 10363 units of Steel gearboxes (Worm), size 2 HP, for our general manufacturing plant in Mumbai. Need delivery in 3 days.",Gearboxes,Steel,Worm,2 HP,10363,units,Mumbai,3,General manufacturing,Urgent,0.63,432778.69,High
R00571,B1185,"Please quote for 5437 hydraulic cylinders, Stainless Steel, SS304, 50 mm. Location: Chennai. Required by 6 days.",Hydraulic Cylinders,Stainless Steel,SS304,50 mm,5437,units,Chennai,6,General manufacturing,Urgent,0.2,2362854.55,High
R00572,B0885,"Looking for 11599 units of Carbon Steel ball valves (SS316), size 1 inch, for our general manufacturing plant in Delhi. Need delivery in 3 days.",Ball Valves,Carbon Steel,SS316,1 inch,11599,units,Delhi,3,General manufacturing,Urgent,0.98,5570884.45,High
R00573,B0212,"Looking for 2775 units of Steel hydraulic cylinders (SS304), size 50 mm, for our automotive plant in Ahmedabad. Need delivery in 9 days.",Hydraulic Cylinders,Steel,SS304,50 mm,2775,units,Ahmedabad,9,Automotive,Urgent,0.08,695392.29,High
R00574,B0570,"Need 6603 hydraulic cylinders for industrial plant, Steel MS, 50 mm. Delivery required in Hyderabad within 18 days. Please share quotation.",Hydraulic Cylinders,Steel,MS,50 mm,6603,units,Hyderabad,18,Industrial plant,Normal,0.03,2835213.76,Medium
R00575,B1258,"Need 10912 hydraulic cylinders for construction, Steel MS, 50 mm. Delivery required in Nashik within 6 days. Please share quotation.",Hydraulic Cylinders,Steel,MS,50 mm,10912,units,Nashik,6,Construction,Urgent,0.85,3692209.91,High
R00576,B0776,"Need 5045 ball valves for oem project, Stainless Steel SS316, 3 inch. Delivery required in Delhi within 17 days. Please share quotation.",Ball Valves,Stainless Steel,SS316,3 inch,5045,units,Delhi,17,OEM project,Normal,0.8,540506.28,High
R00577,B0611,"Please quote for 6765 steel brackets, Stainless Steel, MS, 5 mm. Location: Ahmedabad. Required by 24 days.",Steel Brackets,Stainless Steel,MS,5 mm,6765,units,Ahmedabad,24,Industrial plant,Normal,0.44,2643810.97,Medium
R00578,B0731,"Need 8408 industrial pumps for industrial plant, Stainless Steel SS316, 20 HP. Delivery required in Hyderabad within 30 days. Please share quotation.",Industrial Pumps,Stainless Steel,SS316,20 HP,8408,units,Hyderabad,30,Industrial plant,Flexible,0.44,2522440.03,Medium
R00579,B0189,"Looking for 10864 units of Stainless Steel sheet metal parts (MS), size 5 mm, for our construction plant in Nagpur. Need delivery in 38 days.",Sheet Metal Parts,Stainless Steel,MS,5 mm,10864,units,Nagpur,38,Construction,Flexible,0.69,2328020.62,Medium
R00580,B1310,"Please quote for 9239 gearboxes, Steel, Worm, 5 HP. Location: Mumbai. Required by 20 days.",Gearboxes,Steel,Worm,5 HP,9239,units,Mumbai,20,General manufacturing,Normal,0.06,3677273.71,Medium
R00581,B0905,"Looking for 4387 units of Steel gearboxes (Worm), size 2 HP, for our industrial plant plant in Chennai. Need delivery in 26 days.",Gearboxes,Steel,Worm,2 HP,4387,units,Chennai,26,Industrial plant,Flexible,0.92,423090.61,Medium
R00582,B1299,"Please quote for 3842 gearboxes, Steel, Worm, 10 HP. Location: Bengaluru. Required by 16 days.",Gearboxes,Steel,Worm,10 HP,3842,units,Bengaluru,16,OEM project,Normal,0.55,311568.03,Low
R00583,B0938,"Please quote for 3338 hydraulic cylinders, Steel, MS, 100 mm. Location: Hyderabad. Required by 34 days.",Hydraulic Cylinders,Steel,MS,100 mm,3338,units,Hyderabad,34,OEM project,Flexible,0.7,317757.67,Low
R00584,B1184,"Need 4467 gearboxes for construction, Cast Iron Helical, 5 HP. Delivery required in Delhi within 45 days. Please share quotation.",Gearboxes,Cast Iron,Helical,5 HP,4467,units,Delhi,45,Construction,Flexible,0.41,617555.98,Medium
R00585,B1119,"Please quote for 2430 ball valves, Carbon Steel, CS, 3 inch. Location: Ahmedabad. Required by 39 days.",Ball Valves,Carbon Steel,CS,3 inch,2430,units,Ahmedabad,39,General manufacturing,Flexible,0.08,1086018.16,Medium
R00586,B0060,"Need 8213 ball valves for general manufacturing, Carbon Steel SS304, 3 inch. Delivery required in Mumbai within 9 days. Please share quotation.",Ball Valves,Carbon Steel,SS304,3 inch,8213,units,Mumbai,9,General manufacturing,Urgent,0.02,1985198.94,High
R00587,B1135,"Please quote for 985 conveyor belts, PU, Grade A, 800 mm. Location: Chennai. Required by 13 days.",Conveyor Belts,PU,Grade A,800 mm,985,units,Chennai,13,Automotive,Normal,0.02,404804.22,Low
R00588,B0906,"Looking for 3427 units of Mild Steel steel brackets (MS), size 8 mm, for our automotive plant in Mumbai. Need delivery in 11 days.",Steel Brackets,Mild Steel,MS,8 mm,3427,units,Mumbai,11,Automotive,Normal,0.18,1332220.87,Medium
R00589,B1199,"Please quote for 11530 electric motors, Aluminium, IE2, 10 HP. Location: Ahmedabad. Required by 25 days.",Electric Motors,Aluminium,IE2,10 HP,11530,units,Ahmedabad,25,General manufacturing,Normal,0.63,2776476.5,Medium
R00590,B0785,"Please quote for 9402 electric motors, Aluminium, IE2, 10 HP. Location: Ahmedabad. Required by 35 days.",Electric Motors,Aluminium,IE2,10 HP,9402,units,Ahmedabad,35,Automotive,Flexible,0.29,3358466.05,Medium
R00591,B0798,"Need 11033 sheet metal parts for oem project, Mild Steel SS304, 5 mm. Delivery required in Pune within 29 days. Please share quotation.",Sheet Metal Parts,Mild Steel,SS304,5 mm,11033,units,Pune,29,OEM project,Flexible,0.17,394689.14,Medium
R00592,B0475,"Looking for 4065 units of Stainless Steel industrial pumps (SS316), size 20 HP, for our construction plant in Nagpur. Need delivery in 41 days.",Industrial Pumps,Stainless Steel,SS316,20 HP,4065,units,Nagpur,41,Construction,Flexible,0.97,461174.09,Low
R00593,B1416,"Looking for 10780 units of PU conveyor belts (Food Grade), size 800 mm, for our oem project plant in Delhi. Need delivery in 20 days.",Conveyor Belts,PU,Food Grade,800 mm,10780,units,Delhi,20,OEM project,Normal,0.09,3038210.84,Medium
R00594,B0580,"Please quote for 9858 industrial pumps, Stainless Steel, SS316, 10 HP. Location: Delhi. Required by 5 days.",Industrial Pumps,Stainless Steel,SS316,10 HP,9858,units,Delhi,5,Automotive,Urgent,0.65,2092057.02,High
R00595,B0244,"Looking for 10770 units of Stainless Steel ball valves (SS304), size 2 inch, for our industrial plant plant in Nashik. Need delivery in 5 days.",Ball Valves,Stainless Steel,SS304,2 inch,10770,units,Nashik,5,Industrial plant,Urgent,0.92,2371090.94,High
R00596,B0675,"Looking for 668 units of Stainless Steel industrial pumps (CI), size 20 HP, for our industrial plant plant in Delhi. Need delivery in 21 days.",Industrial Pumps,Stainless Steel,CI,20 HP,668,units,Delhi,21,Industrial plant,Normal,0.55,174303.37,Low
R00597,B1212,"Need 3255 steel brackets for automotive, Stainless Steel SS304, 5 mm. Delivery required in Mumbai within 30 days. Please share quotation.",Steel Brackets,Stainless Steel,SS304,5 mm,3255,units,Mumbai,30,Automotive,Flexible,0.21,823900.6,Medium
R00598,B1397,"Looking for 7893 units of Cast Iron gearboxes (Helical), size 5 HP, for our general manufacturing plant in Mumbai. Need delivery in 8 days.",Gearboxes,Cast Iron,Helical,5 HP,7893,units,Mumbai,8,General manufacturing,Urgent,0.93,528241.47,High
R00599,B1093,"Looking for 10981 units of Stainless Steel industrial pumps (SS316), size 10 HP, for our oem project plant in Pune. Need delivery in 13 days.",Industrial Pumps,Stainless Steel,SS316,10 HP,10981,units,Pune,13,OEM project,Normal,0.85,848072.81,High
R00600,B0604,"Looking for 11442 units of Cast Iron electric motors (IE2), size 10 HP, for our industrial plant plant in Mumbai. Need delivery in 41 days.",Electric Motors,Cast Iron,IE2,10 HP,11442,units,Mumbai,41,Industrial plant,Flexible,0.19,2924718.89,Medium
R00601,B0587,"Need 634 ball valves for oem project, Stainless Steel CS, 1 inch. Delivery required in Chennai within 22 days. Please share quotation.",Ball Valves,Stainless Steel,CS,1 inch,634,units,Chennai,22,OEM project,Normal,0.25,250797.44,Low
R00602,B0888,"Please quote for 804 steel brackets, Stainless Steel, MS, 5 mm. Location: Mumbai. Required by 18 days.",Steel Brackets,Stainless Steel,MS,5 mm,804,units,Mumbai,18,Automotive,Normal,0.19,246401.68,Low
R00603,B0005,"Need 5662 ball valves for construction, Carbon Steel CS, 2 inch. Delivery required in Bengaluru within 13 days. Please share quotation.",Ball Valves,Carbon Steel,CS,2 inch,5662,units,Bengaluru,13,Construction,Normal,0.63,2541344.37,High
R00604,B0873,"Looking for 7663 units of Cast Iron electric motors (IE2), size 25 HP, for our oem project plant in Nagpur. Need delivery in 37 days.",Electric Motors,Cast Iron,IE2,25 HP,7663,units,Nagpur,37,OEM project,Flexible,0.6,3499803.2,Medium
R00605,B0749,"Looking for 1756 units of Rubber conveyor belts (Grade A), size 800 mm, for our construction plant in Nagpur. Need delivery in 43 days.",Conveyor Belts,Rubber,Grade A,800 mm,1756,units,Nagpur,43,Construction,Flexible,0.78,373865.4,Low
R00606,B0054,"Looking for 10475 units of Aluminium electric motors (IE2), size 10 HP, for our industrial plant plant in Mumbai. Need delivery in 32 days.",Electric Motors,Aluminium,IE2,10 HP,10475,units,Mumbai,32,Industrial plant,Flexible,0.38,2246310.69,Medium
R00607,B1328,"Looking for 721 units of Cast Iron industrial pumps (SS304), size 20 HP, for our construction plant in Mumbai. Need delivery in 21 days.",Industrial Pumps,Cast Iron,SS304,20 HP,721,units,Mumbai,21,Construction,Normal,0.86,145263.53,Low
R00608,B0206,"Looking for 104 units of Aluminium electric motors (IE3), size 5 HP, for our general manufacturing plant in Pune. Need delivery in 43 days.",Electric Motors,Aluminium,IE3,5 HP,104,units,Pune,43,General manufacturing,Flexible,0.14,51414.71,Low
R00609,B0293,"Please quote for 2780 steel brackets, Stainless Steel, MS, 5 mm. Location: Delhi. Required by 35 days.",Steel Brackets,Stainless Steel,MS,5 mm,2780,units,Delhi,35,Automotive,Flexible,0.15,242425.33,Low
R00610,B1220,"Looking for 8802 units of Stainless Steel steel brackets (MS), size 3 mm, for our construction plant in Ahmedabad. Need delivery in 33 days.",Steel Brackets,Stainless Steel,MS,3 mm,8802,units,Ahmedabad,33,Construction,Flexible,0.03,2736347.55,Medium
R00611,B0237,"Need 9100 electric motors for oem project, Aluminium IE2, 25 HP. Delivery required in Ahmedabad within 31 days. Please share quotation.",Electric Motors,Aluminium,IE2,25 HP,9100,units,Ahmedabad,31,OEM project,Flexible,0.35,626574.37,Medium
R00612,B0593,"Need 7278 industrial pumps for oem project, Cast Iron SS304, 10 HP. Delivery required in Nashik within 13 days. Please share quotation.",Industrial Pumps,Cast Iron,SS304,10 HP,7278,units,Nashik,13,OEM project,Normal,0.64,3392645.83,High
R00613,B0615,"Need 7628 hydraulic cylinders for automotive, Stainless Steel MS, 150 mm. Delivery required in Kolkata within 18 days. Please share quotation.",Hydraulic Cylinders,Stainless Steel,MS,150 mm,7628,units,Kolkata,18,Automotive,Normal,0.62,239444.64,Medium
R00614,B1139,"Looking for 10067 units of Steel hydraulic cylinders (SS304), size 50 mm, for our oem project plant in Bengaluru. Need delivery in 11 days.",Hydraulic Cylinders,Steel,SS304,50 mm,10067,units,Bengaluru,11,OEM project,Normal,0.8,1592573.03,High
R00615,B1146,"Please quote for 1412 electric motors, Aluminium, IE2, 5 HP. Location: Kolkata. Required by 38 days.",Electric Motors,Aluminium,IE2,5 HP,1412,units,Kolkata,38,OEM project,Flexible,0.71,365575.98,Low
R00616,B0911,"Looking for 9607 units of Stainless Steel industrial pumps (SS316), size 20 HP, for our industrial plant plant in Mumbai. Need delivery in 45 days.",Industrial Pumps,Stainless Steel,SS316,20 HP,9607,units,Mumbai,45,Industrial plant,Flexible,0.93,4364964.02,Medium
R00617,B0043,"Please quote for 5458 conveyor belts, PU, Grade A, 800 mm. Location: Kolkata. Required by 23 days.",Conveyor Belts,PU,Grade A,800 mm,5458,units,Kolkata,23,Construction,Normal,0.76,910991.0,High
R00618,B1113,"Looking for 7063 units of Stainless Steel steel brackets (MS), size 8 mm, for our automotive plant in Nagpur. Need delivery in 43 days.",Steel Brackets,Stainless Steel,MS,8 mm,7063,units,Nagpur,43,Automotive,Flexible,0.01,2201633.92,Medium
R00619,B0818,"Looking for 6907 units of Stainless Steel ball valves (SS316), size 2 inch, for our industrial plant plant in Chennai. Need delivery in 18 days.",Ball Valves,Stainless Steel,SS316,2 inch,6907,units,Chennai,18,Industrial plant,Normal,0.14,281467.28,Medium
R00620,B0042,"Please quote for 10897 gearboxes, Cast Iron, Helical, 5 HP. Location: Kolkata. Required by 7 days.",Gearboxes,Cast Iron,Helical,5 HP,10897,units,Kolkata,7,Construction,Urgent,0.28,1368412.09,High
R00621,B0662,"Need 10061 sheet metal parts for construction, Stainless Steel MS, 10 mm. Delivery required in Hyderabad within 21 days. Please share quotation.",Sheet Metal Parts,Stainless Steel,MS,10 mm,10061,units,Hyderabad,21,Construction,Normal,0.53,4592957.31,Medium
R00622,B0631,"Need 2872 steel brackets for oem project, Stainless Steel SS304, 5 mm. Delivery required in Delhi within 22 days. Please share quotation.",Steel Brackets,Stainless Steel,SS304,5 mm,2872,units,Delhi,22,OEM project,Normal,0.72,1035442.91,Medium
R00623,B0787,"Need 1789 hydraulic cylinders for construction, Steel SS304, 150 mm. Delivery required in Bengaluru within 37 days. Please share quotation.",Hydraulic Cylinders,Steel,SS304,150 mm,1789,units,Bengaluru,37,Construction,Flexible,0.83,832815.18,Medium
R00624,B0693,"Please quote for 2715 gearboxes, Cast Iron, Helical, 5 HP. Location: Bengaluru. Required by 31 days.",Gearboxes,Cast Iron,Helical,5 HP,2715,units,Bengaluru,31,Automotive,Flexible,0.6,242480.66,Low
R00625,B1240,"Looking for 5298 units of Steel hydraulic cylinders (MS), size 50 mm, for our oem project plant in Kolkata. Need delivery in 11 days.",Hydraulic Cylinders,Steel,MS,50 mm,5298,units,Kolkata,11,OEM project,Normal,0.39,2211951.44,High
R00626,B1110,"Need 7972 ball valves for oem project, Carbon Steel SS304, 1 inch. Delivery required in Ahmedabad within 13 days. Please share quotation.",Ball Valves,Carbon Steel,SS304,1 inch,7972,units,Ahmedabad,13,OEM project,Normal,0.91,1717886.55,High
R00627,B0727,"Need 6286 hydraulic cylinders for general manufacturing, Steel MS, 100 mm. Delivery required in Nagpur within 16 days. Please share quotation.",Hydraulic Cylinders,Steel,MS,100 mm,6286,units,Nagpur,16,General manufacturing,Normal,0.97,3101369.02,High
R00628,B0857,"Need 8213 ball valves for oem project, Stainless Steel CS, 1 inch. Delivery required in Pune within 22 days. Please share quotation.",Ball Valves,Stainless Steel,CS,1 inch,8213,units,Pune,22,OEM project,Normal,0.67,760420.34,High
R00629,B0005,"Need 10554 industrial pumps for construction, Stainless Steel CI, 5 HP. Delivery required in Delhi within 16 days. Please share quotation.",Industrial Pumps,Stainless Steel,CI,5 HP,10554,units,Delhi,16,Construction,Normal,0.65,3269390.16,High
R00630,B1053,"Please quote for 6193 steel brackets, Mild Steel, MS, 3 mm. Location: Nashik. Required by 14 days.",Steel Brackets,Mild Steel,MS,3 mm,6193,units,Nashik,14,Construction,Normal,0.37,1587080.83,High
R00631,B0280,"Please quote for 10205 electric motors, Aluminium, IE3, 25 HP. Location: Nashik. Required by 17 days.",Electric Motors,Aluminium,IE3,25 HP,10205,units,Nashik,17,Automotive,Normal,0.23,4991874.66,Medium
R00632,B0243,"Please quote for 1256 gearboxes, Steel, Worm, 10 HP. Location: Ahmedabad. Required by 24 days.",Gearboxes,Steel,Worm,10 HP,1256,units,Ahmedabad,24,General manufacturing,Normal,0.3,292761.28,Low
R00633,B1350,"Looking for 10998 units of Steel hydraulic cylinders (MS), size 50 mm, for our general manufacturing plant in Chennai. Need delivery in 34 days.",Hydraulic Cylinders,Steel,MS,50 mm,10998,units,Chennai,34,General manufacturing,Flexible,0.65,2039121.67,Medium
R00634,B1357,"Need 9448 gearboxes for automotive, Cast Iron Helical, 2 HP. Delivery required in Nashik within 38 days. Please share quotation.",Gearboxes,Cast Iron,Helical,2 HP,9448,units,Nashik,38,Automotive,Flexible,0.8,438133.49,Medium
R00635,B0979,"Please quote for 1154 industrial pumps, Stainless Steel, SS304, 5 HP. Location: Mumbai. Required by 28 days.",Industrial Pumps,Stainless Steel,SS304,5 HP,1154,units,Mumbai,28,General manufacturing,Flexible,0.43,237104.72,Low
R00636,B1303,"Please quote for 3270 hydraulic cylinders, Steel, MS, 50 mm. Location: Chennai. Required by 10 days.",Hydraulic Cylinders,Steel,MS,50 mm,3270,units,Chennai,10,OEM project,Urgent,0.72,659573.33,High
R00637,B0502,"Looking for 1392 units of Stainless Steel hydraulic cylinders (MS), size 100 mm, for our industrial plant plant in Mumbai. Need delivery in 21 days.",Hydraulic Cylinders,Stainless Steel,MS,100 mm,1392,units,Mumbai,21,Industrial plant,Normal,0.83,655215.32,Medium
R00638,B0779,"Looking for 11444 units of Rubber conveyor belts (Grade A), size 1000 mm, for our industrial plant plant in Mumbai. Need delivery in 16 days.",Conveyor Belts,Rubber,Grade A,1000 mm,11444,units,Mumbai,16,Industrial plant,Normal,0.61,2987551.5,Medium
R00639,B0431,"Please quote for 8062 steel brackets, Mild Steel, MS, 3 mm. Location: Kolkata. Required by 15 days.",Steel Brackets,Mild Steel,MS,3 mm,8062,units,Kolkata,15,General manufacturing,Normal,0.14,1480159.51,High
R00640,B0452,"Looking for 516 units of Stainless Steel ball valves (SS316), size 3 inch, for our industrial plant plant in Hyderabad. Need delivery in 25 days.",Ball Valves,Stainless Steel,SS316,3 inch,516,units,Hyderabad,25,Industrial plant,Normal,0.06,120566.44,Low
R00641,B0791,"Please quote for 5196 steel brackets, Mild Steel, SS304, 5 mm. Location: Bengaluru. Required by 17 days.",Steel Brackets,Mild Steel,SS304,5 mm,5196,units,Bengaluru,17,Industrial plant,Normal,0.47,887099.44,Medium
R00642,B0247,"Need 4828 gearboxes for industrial plant, Steel Worm, 10 HP. Delivery required in Nagpur within 30 days. Please share quotation.",Gearboxes,Steel,Worm,10 HP,4828,units,Nagpur,30,Industrial plant,Flexible,0.31,1737673.2,Medium
R00643,B1377,"Need 9499 steel brackets for general manufacturing, Mild Steel SS304, 5 mm. Delivery required in Nashik within 39 days. Please share quotation.",Steel Brackets,Mild Steel,SS304,5 mm,9499,units,Nashik,39,General manufacturing,Flexible,0.87,690875.7,Medium
R00644,B0442,"Looking for 8084 units of Mild Steel steel brackets (MS), size 8 mm, for our industrial plant plant in Nashik. Need delivery in 41 days.",Steel Brackets,Mild Steel,MS,8 mm,8084,units,Nashik,41,Industrial plant,Flexible,0.68,2428977.32,Medium
R00645,B0402,"Looking for 9449 units of Aluminium electric motors (IE2), size 5 HP, for our general manufacturing plant in Mumbai. Need delivery in 22 days.",Electric Motors,Aluminium,IE2,5 HP,9449,units,Mumbai,22,General manufacturing,Normal,0.89,1032797.44,High
R00646,B0940,"Need 8093 sheet metal parts for industrial plant, Mild Steel SS304, 5 mm. Delivery required in Nagpur within 32 days. Please share quotation.",Sheet Metal Parts,Mild Steel,SS304,5 mm,8093,units,Nagpur,32,Industrial plant,Flexible,0.2,2708005.53,Medium
R00647,B1163,"Please quote for 9121 steel brackets, Stainless Steel, MS, 5 mm. Location: Nashik. Required by 18 days.",Steel Brackets,Stainless Steel,MS,5 mm,9121,units,Nashik,18,Industrial plant,Normal,0.7,428031.54,Medium
R00648,B1066,"Looking for 6576 units of Steel hydraulic cylinders (SS304), size 100 mm, for our general manufacturing plant in Chennai. Need delivery in 3 days.",Hydraulic Cylinders,Steel,SS304,100 mm,6576,units,Chennai,3,General manufacturing,Urgent,0.2,2810432.03,High
R00649,B1113,"Need 463 ball valves for construction, Stainless Steel SS304, 1 inch. Delivery required in Pune within 36 days. Please share quotation.",Ball Valves,Stainless Steel,SS304,1 inch,463,units,Pune,36,Construction,Flexible,0.2,65515.01,Low
R00650,B1483,"Please quote for 9461 conveyor belts, PU, Food Grade, 1000 mm. Location: Hyderabad. Required by 4 days.",Conveyor Belts,PU,Food Grade,1000 mm,9461,units,Hyderabad,4,OEM project,Urgent,0.64,2030580.43,High
R00651,B0759,"Looking for 10507 units of PU conveyor belts (Grade A), size 800 mm, for our construction plant in Ahmedabad. Need delivery in 41 days.",Conveyor Belts,PU,Grade A,800 mm,10507,units,Ahmedabad,41,Construction,Flexible,0.28,331315.99,Low
R00652,B0002,"Need 4305 industrial pumps for automotive, Stainless Steel SS304, 5 HP. Delivery required in Nagpur within 26 days. Please share quotation.",Industrial Pumps,Stainless Steel,SS304,5 HP,4305,units,Nagpur,26,Automotive,Flexible,0.11,1790611.71,Medium
R00653,B1182,"Please quote for 7805 hydraulic cylinders, Stainless Steel, SS304, 50 mm. Location: Bengaluru. Required by 36 days.",Hydraulic Cylinders,Stainless Steel,SS304,50 mm,7805,units,Bengaluru,36,Automotive,Flexible,0.76,2905014.96,Medium
R00654,B0697,"Need 1136 industrial pumps for automotive, Cast Iron SS316, 20 HP. Delivery required in Pune within 21 days. Please share quotation.",Industrial Pumps,Cast Iron,SS316,20 HP,1136,units,Pune,21,Automotive,Normal,0.69,509995.74,Medium
R00655,B1310,"Need 8458 hydraulic cylinders for construction, Steel MS, 100 mm. Delivery required in Delhi within 33 days. Please share quotation.",Hydraulic Cylinders,Steel,MS,100 mm,8458,units,Delhi,33,Construction,Flexible,0.1,339928.18,Low
R00656,B0317,"Looking for 7349 units of Steel gearboxes (Worm), size 5 HP, for our general manufacturing plant in Mumbai. Need delivery in 34 days.",Gearboxes,Steel,Worm,5 HP,7349,units,Mumbai,34,General manufacturing,Flexible,0.79,2292412.09,Medium
R00657,B0798,"Looking for 11389 units of Carbon Steel ball valves (CS), size 3 inch, for our industrial plant plant in Kolkata. Need delivery in 44 days.",Ball Valves,Carbon Steel,CS,3 inch,11389,units,Kolkata,44,Industrial plant,Flexible,0.98,2227580.74,Medium
R00658,B0328,"Looking for 9379 units of Cast Iron gearboxes (Helical), size 10 HP, for our general manufacturing plant in Chennai. Need delivery in 27 days.",Gearboxes,Cast Iron,Helical,10 HP,9379,units,Chennai,27,General manufacturing,Flexible,0.07,3176835.02,Medium
R00659,B0671,"Looking for 8806 units of Cast Iron industrial pumps (SS304), size 10 HP, for our industrial plant plant in Delhi. Need delivery in 26 days.",Industrial Pumps,Cast Iron,SS304,10 HP,8806,units,Delhi,26,Industrial plant,Flexible,0.71,1646133.81,High
R00660,B1351,"Need 4074 hydraulic cylinders for oem project, Steel SS304, 50 mm. Delivery required in Nagpur within 44 days. Please share quotation.",Hydraulic Cylinders,Steel,SS304,50 mm,4074,units,Nagpur,44,OEM project,Flexible,0.09,840019.01,Medium
R00661,B0009,"Need 11182 sheet metal parts for construction, Stainless Steel MS, 2 mm. Delivery required in Bengaluru within 37 days. Please share quotation.",Sheet Metal Parts,Stainless Steel,MS,2 mm,11182,units,Bengaluru,37,Construction,Flexible,0.01,4887913.13,Medium
R00662,B1307,"Looking for 2948 units of Steel hydraulic cylinders (MS), size 100 mm, for our general manufacturing plant in Chennai. Need delivery in 27 days.",Hydraulic Cylinders,Steel,MS,100 mm,2948,units,Chennai,27,General manufacturing,Flexible,0.81,507040.6,Medium
R00663,B0391,"Need 8504 industrial pumps for general manufacturing, Stainless Steel SS316, 5 HP. Delivery required in Bengaluru within 22 days. Please share quotation.",Industrial Pumps,Stainless Steel,SS316,5 HP,8504,units,Bengaluru,22,General manufacturing,Normal,0.54,2076809.07,Medium
R00664,B0238,"Need 7502 sheet metal parts for industrial plant, Mild Steel MS, 10 mm. Delivery required in Delhi within 38 days. Please share quotation.",Sheet Metal Parts,Mild Steel,MS,10 mm,7502,units,Delhi,38,Industrial plant,Flexible,0.88,3462396.94,Medium
R00665,B0907,"Need 11378 electric motors for oem project, Aluminium IE3, 5 HP. Delivery required in Chennai within 44 days. Please share quotation.",Electric Motors,Aluminium,IE3,5 HP,11378,units,Chennai,44,OEM project,Flexible,0.15,563321.24,Medium
R00666,B1349,"Looking for 2327 units of Stainless Steel industrial pumps (CI), size 10 HP, for our construction plant in Delhi. Need delivery in 21 days.",Industrial Pumps,Stainless Steel,CI,10 HP,2327,units,Delhi,21,Construction,Normal,0.85,436134.26,Medium
R00667,B0890,"Looking for 11682 units of Stainless Steel sheet metal parts (MS), size 10 mm, for our oem project plant in Hyderabad. Need delivery in 10 days.",Sheet Metal Parts,Stainless Steel,MS,10 mm,11682,units,Hyderabad,10,OEM project,Urgent,0.77,4213613.37,High
R00668,B0036,"Please quote for 686 gearboxes, Steel, Worm, 5 HP. Location: Nagpur. Required by 42 days.",Gearboxes,Steel,Worm,5 HP,686,units,Nagpur,42,General manufacturing,Flexible,0.71,101313.18,Low
R00669,B0181,"Please quote for 11070 steel brackets, Stainless Steel, MS, 3 mm. Location: Hyderabad. Required by 26 days.",Steel Brackets,Stainless Steel,MS,3 mm,11070,units,Hyderabad,26,Industrial plant,Flexible,0.08,1190063.79,Medium
R00670,B1312,"Please quote for 368 electric motors, Aluminium, IE2, 10 HP. Location: Bengaluru. Required by 21 days.",Electric Motors,Aluminium,IE2,10 HP,368,units,Bengaluru,21,General manufacturing,Normal,0.11,66459.32,Low
R00671,B1172,"Please quote for 1154 hydraulic cylinders, Steel, MS, 50 mm. Location: Hyderabad. Required by 12 days.",Hydraulic Cylinders,Steel,MS,50 mm,1154,units,Hyderabad,12,General manufacturing,Normal,0.21,216203.69,Low
R00672,B0183,"Please quote for 7486 electric motors, Cast Iron, IE3, 25 HP. Location: Kolkata. Required by 16 days.",Electric Motors,Cast Iron,IE3,25 HP,7486,units,Kolkata,16,Industrial plant,Normal,0.19,1436677.06,Medium
R00673,B0794,"Looking for 1515 units of Cast Iron electric motors (IE3), size 25 HP, for our industrial plant plant in Ahmedabad. Need delivery in 27 days.",Electric Motors,Cast Iron,IE3,25 HP,1515,units,Ahmedabad,27,Industrial plant,Flexible,0.68,746556.5,Medium
R00674,B1104,"Looking for 1521 units of Rubber conveyor belts (Grade A), size 500 mm, for our general manufacturing plant in Chennai. Need delivery in 11 days.",Conveyor Belts,Rubber,Grade A,500 mm,1521,units,Chennai,11,General manufacturing,Normal,0.26,257020.73,Low
R00675,B0773,"Need 62 steel brackets for industrial plant, Mild Steel SS304, 5 mm. Delivery required in Pune within 5 days. Please share quotation.",Steel Brackets,Mild Steel,SS304,5 mm,62,units,Pune,5,Industrial plant,Urgent,0.32,10292.82,Medium
R00676,B1486,"Need 2366 industrial pumps for general manufacturing, Cast Iron SS316, 5 HP. Delivery required in Chennai within 10 days. Please share quotation.",Industrial Pumps,Cast Iron,SS316,5 HP,2366,units,Chennai,10,General manufacturing,Urgent,0.99,779793.49,High
R00677,B1219,"Please quote for 9822 hydraulic cylinders, Stainless Steel, MS, 100 mm. Location: Delhi. Required by 3 days.",Hydraulic Cylinders,Stainless Steel,MS,100 mm,9822,units,Delhi,3,Automotive,Urgent,0.23,443554.83,High
R00678,B0133,"Looking for 8731 units of Mild Steel sheet metal parts (MS), size 5 mm, for our oem project plant in Pune. Need delivery in 14 days.",Sheet Metal Parts,Mild Steel,MS,5 mm,8731,units,Pune,14,OEM project,Normal,0.54,4163664.29,High
R00679,B1094,"Please quote for 4320 steel brackets, Stainless Steel, SS304, 3 mm. Location: Delhi. Required by 43 days.",Steel Brackets,Stainless Steel,SS304,3 mm,4320,units,Delhi,43,General manufacturing,Flexible,0.02,903207.85,Medium
R00680,B0940,"Please quote for 10426 ball valves, Stainless Steel, SS304, 3 inch. Location: Hyderabad. Required by 36 days.",Ball Valves,Stainless Steel,SS304,3 inch,10426,units,Hyderabad,36,Automotive,Flexible,0.98,1725377.05,Medium
R00681,B0501,"Need 3629 sheet metal parts for automotive, Mild Steel SS304, 10 mm. Delivery required in Mumbai within 8 days. Please share quotation.",Sheet Metal Parts,Mild Steel,SS304,10 mm,3629,units,Mumbai,8,Automotive,Urgent,0.86,1247231.88,High
R00682,B0632,"Need 7357 gearboxes for construction, Steel Helical, 10 HP. Delivery required in Nagpur within 35 days. Please share quotation.",Gearboxes,Steel,Helical,10 HP,7357,units,Nagpur,35,Construction,Flexible,0.67,587825.43,Medium
R00683,B1015,"Looking for 5852 units of PU conveyor belts (Food Grade), size 1000 mm, for our general manufacturing plant in Pune. Need delivery in 9 days.",Conveyor Belts,PU,Food Grade,1000 mm,5852,units,Pune,9,General manufacturing,Urgent,0.4,393142.83,Medium
R00684,B1311,"Need 7105 steel brackets for construction, Stainless Steel MS, 3 mm. Delivery required in Kolkata within 36 days. Please share quotation.",Steel Brackets,Stainless Steel,MS,3 mm,7105,units,Kolkata,36,Construction,Flexible,0.46,2788355.0,Medium
R00685,B0399,"Looking for 6985 units of Cast Iron gearboxes (Helical), size 2 HP, for our general manufacturing plant in Hyderabad. Need delivery in 30 days.",Gearboxes,Cast Iron,Helical,2 HP,6985,units,Hyderabad,30,General manufacturing,Flexible,0.64,2484101.77,Medium
R00686,B0597,"Please quote for 3088 ball valves, Carbon Steel, SS316, 1 inch. Location: Kolkata. Required by 44 days.",Ball Valves,Carbon Steel,SS316,1 inch,3088,units,Kolkata,44,OEM project,Flexible,0.58,62761.63,Low
R00687,B0779,"Looking for 5613 units of Steel hydraulic cylinders (MS), size 100 mm, for our general manufacturing plant in Nagpur. Need delivery in 33 days.",Hydraulic Cylinders,Steel,MS,100 mm,5613,units,Nagpur,33,General manufacturing,Flexible,0.02,2364498.78,Medium
R00688,B0989,"Please quote for 500 conveyor belts, PU, Grade A, 800 mm. Location: Mumbai. Required by 21 days.",Conveyor Belts,PU,Grade A,800 mm,500,units,Mumbai,21,Automotive,Normal,0.58,103007.58,Low
R00689,B1077,"Looking for 6515 units of Stainless Steel ball valves (CS), size 2 inch, for our oem project plant in Bengaluru. Need delivery in 8 days.",Ball Valves,Stainless Steel,CS,2 inch,6515,units,Bengaluru,8,OEM project,Urgent,0.04,3185560.68,High
R00690,B1007,"Looking for 9907 units of Steel hydraulic cylinders (MS), size 150 mm, for our construction plant in Nashik. Need delivery in 19 days.",Hydraulic Cylinders,Steel,MS,150 mm,9907,units,Nashik,19,Construction,Normal,0.64,2324764.22,Medium
R00691,B0131,"Please quote for 2334 industrial pumps, Stainless Steel, CI, 5 HP. Location: Nagpur. Required by 15 days.",Industrial Pumps,Stainless Steel,CI,5 HP,2334,units,Nagpur,15,Automotive,Normal,0.51,756537.26,Medium
R00692,B0836,"Please quote for 9385 industrial pumps, Cast Iron, SS316, 5 HP. Location: Pune. Required by 28 days.",Industrial Pumps,Cast Iron,SS316,5 HP,9385,units,Pune,28,OEM project,Flexible,0.21,4021204.04,Medium
R00693,B0789,"Please quote for 705 ball valves, Stainless Steel, SS316, 1 inch. Location: Pune. Required by 34 days.",Ball Valves,Stainless Steel,SS316,1 inch,705,units,Pune,34,Industrial plant,Flexible,0.71,72562.35,Low
R00694,B1414,"Need 3939 steel brackets for construction, Mild Steel MS, 5 mm. Delivery required in Chennai within 43 days. Please share quotation.",Steel Brackets,Mild Steel,MS,5 mm,3939,units,Chennai,43,Construction,Flexible,0.81,1750421.48,Medium
R00695,B0427,"Looking for 9810 units of Cast Iron electric motors (IE3), size 25 HP, for our general manufacturing plant in Bengaluru. Need delivery in 29 days.",Electric Motors,Cast Iron,IE3,25 HP,9810,units,Bengaluru,29,General manufacturing,Flexible,0.65,2517388.01,High
R00696,B0858,"Looking for 5431 units of Cast Iron electric motors (IE2), size 10 HP, for our general manufacturing plant in Mumbai. Need delivery in 20 days.",Electric Motors,Cast Iron,IE2,10 HP,5431,units,Mumbai,20,General manufacturing,Normal,0.93,1836095.14,High
R00697,B1013,"Need 9220 conveyor belts for construction, PU Grade A, 800 mm. Delivery required in Delhi within 45 days. Please share quotation.",Conveyor Belts,PU,Grade A,800 mm,9220,units,Delhi,45,Construction,Flexible,0.43,3966854.12,Medium
R00698,B1248,"Looking for 2547 units of Steel gearboxes (Worm), size 2 HP, for our general manufacturing plant in Pune. Need delivery in 45 days.",Gearboxes,Steel,Worm,2 HP,2547,units,Pune,45,General manufacturing,Flexible,0.24,671869.1,Medium
R00699,B0626,"Looking for 4015 units of Cast Iron gearboxes (Worm), size 5 HP, for our construction plant in Hyderabad. Need delivery in 41 days.",Gearboxes,Cast Iron,Worm,5 HP,4015,units,Hyderabad,41,Construction,Flexible,0.8,1475707.9,Medium
R00700,B1236,"Need 4429 hydraulic cylinders for industrial plant, Steel MS, 150 mm. Delivery required in Hyderabad within 32 days. Please share quotation.",Hydraulic Cylinders,Steel,MS,150 mm,4429,units,Hyderabad,32,Industrial plant,Flexible,0.57,684611.59,Medium
R00701,B1405,"Need 8048 sheet metal parts for construction, Stainless Steel MS, 10 mm. Delivery required in Nashik within 40 days. Please share quotation.",Sheet Metal Parts,Stainless Steel,MS,10 mm,8048,units,Nashik,40,Construction,Flexible,0.24,2590371.14,Medium
R00702,B0615,"Looking for 5509 units of Stainless Steel industrial pumps (SS316), size 5 HP, for our automotive plant in Kolkata. Need delivery in 25 days.",Industrial Pumps,Stainless Steel,SS316,5 HP,5509,units,Kolkata,25,Automotive,Normal,0.02,1792035.67,Medium
R00703,B1402,"Need 5646 steel brackets for industrial plant, Stainless Steel MS, 3 mm. Delivery required in Delhi within 7 days. Please share quotation.",Steel Brackets,Stainless Steel,MS,3 mm,5646,units,Delhi,7,Industrial plant,Urgent,0.82,1973835.9,High
R00704,B0342,"Looking for 11841 units of Stainless Steel sheet metal parts (MS), size 2 mm, for our industrial plant plant in Mumbai. Need delivery in 10 days.",Sheet Metal Parts,Stainless Steel,MS,2 mm,11841,units,Mumbai,10,Industrial plant,Urgent,0.36,5885026.49,High
R00705,B0395,"Please quote for 7132 sheet metal parts, Stainless Steel, MS, 10 mm. Location: Hyderabad. Required by 14 days.",Sheet Metal Parts,Stainless Steel,MS,10 mm,7132,units,Hyderabad,14,Construction,Normal,0.71,907570.8,High
R00706,B1198,"Need 1334 hydraulic cylinders for general manufacturing, Stainless Steel SS304, 100 mm. Delivery required in Ahmedabad within 43 days. Please share quotation.",Hydraulic Cylinders,Stainless Steel,SS304,100 mm,1334,units,Ahmedabad,43,General manufacturing,Flexible,0.32,427398.42,Low
R00707,B0971,"Need 5656 ball valves for industrial plant, Carbon Steel CS, 2 inch. Delivery required in Bengaluru within 23 days. Please share quotation.",Ball Valves,Carbon Steel,CS,2 inch,5656,units,Bengaluru,23,Industrial plant,Normal,0.54,1247611.4,Medium
R00708,B0975,"Looking for 4074 units of Carbon Steel ball valves (SS316), size 1 inch, for our general manufacturing plant in Chennai. Need delivery in 19 days.",Ball Valves,Carbon Steel,SS316,1 inch,4074,units,Chennai,19,General manufacturing,Normal,0.96,1387377.72,Medium
R00709,B0804,"Need 2867 steel brackets for oem project, Mild Steel MS, 3 mm. Delivery required in Hyderabad within 4 days. Please share quotation.",Steel Brackets,Mild Steel,MS,3 mm,2867,units,Hyderabad,4,OEM project,Urgent,0.01,958728.55,High
R00710,B0152,"Looking for 1393 units of Cast Iron industrial pumps (CI), size 5 HP, for our industrial plant plant in Nagpur. Need delivery in 30 days.",Industrial Pumps,Cast Iron,CI,5 HP,1393,units,Nagpur,30,Industrial plant,Flexible,0.74,427514.74,Low
R00711,B1482,"Looking for 11689 units of Cast Iron industrial pumps (SS316), size 5 HP, for our oem project plant in Bengaluru. Need delivery in 42 days.",Industrial Pumps,Cast Iron,SS316,5 HP,11689,units,Bengaluru,42,OEM project,Flexible,0.44,4033245.27,Medium
R00712,B1347,"Looking for 3774 units of Stainless Steel ball valves (SS304), size 2 inch, for our oem project plant in Kolkata. Need delivery in 38 days.",Ball Valves,Stainless Steel,SS304,2 inch,3774,units,Kolkata,38,OEM project,Flexible,0.65,1770627.91,Medium
R00713,B0487,"Need 3989 industrial pumps for construction, Stainless Steel SS316, 20 HP. Delivery required in Hyderabad within 22 days. Please share quotation.",Industrial Pumps,Stainless Steel,SS316,20 HP,3989,units,Hyderabad,22,Construction,Normal,0.25,1583664.84,Medium
R00714,B0050,"Please quote for 7254 steel brackets, Mild Steel, MS, 5 mm. Location: Hyderabad. Required by 32 days.",Steel Brackets,Mild Steel,MS,5 mm,7254,units,Hyderabad,32,Industrial plant,Flexible,0.29,1164602.18,Medium
R00715,B0174,"Need 11607 electric motors for construction, Aluminium IE2, 25 HP. Delivery required in Delhi within 44 days. Please share quotation.",Electric Motors,Aluminium,IE2,25 HP,11607,units,Delhi,44,Construction,Flexible,0.69,5331892.78,Medium
R00716,B0958,"Please quote for 11131 steel brackets, Mild Steel, MS, 3 mm. Location: Mumbai. Required by 23 days.",Steel Brackets,Mild Steel,MS,3 mm,11131,units,Mumbai,23,Automotive,Normal,0.13,3819161.53,Medium
R00717,B1002,"Need 2669 hydraulic cylinders for general manufacturing, Steel SS304, 50 mm. Delivery required in Kolkata within 10 days. Please share quotation.",Hydraulic Cylinders,Steel,SS304,50 mm,2669,units,Kolkata,10,General manufacturing,Urgent,0.82,990076.36,High
R00718,B0892,"Looking for 9030 units of Stainless Steel steel brackets (SS304), size 8 mm, for our oem project plant in Delhi. Need delivery in 28 days.",Steel Brackets,Stainless Steel,SS304,8 mm,9030,units,Delhi,28,OEM project,Flexible,0.11,3125380.06,Medium
R00719,B1493,"Need 8438 industrial pumps for automotive, Cast Iron SS304, 20 HP. Delivery required in Chennai within 34 days. Please share quotation.",Industrial Pumps,Cast Iron,SS304,20 HP,8438,units,Chennai,34,Automotive,Flexible,0.37,3167902.34,Medium
R00720,B0500,"Please quote for 5226 conveyor belts, Rubber, Food Grade, 800 mm. Location: Pune. Required by 3 days.",Conveyor Belts,Rubber,Food Grade,800 mm,5226,units,Pune,3,Industrial plant,Urgent,0.49,2128654.19,High
R00721,B0487,"Please quote for 10472 industrial pumps, Stainless Steel, CI, 10 HP. Location: Bengaluru. Required by 6 days.",Industrial Pumps,Stainless Steel,CI,10 HP,10472,units,Bengaluru,6,Industrial plant,Urgent,0.78,2202977.82,High
R00722,B0869,"Please quote for 6706 electric motors, Aluminium, IE2, 10 HP. Location: Chennai. Required by 25 days.",Electric Motors,Aluminium,IE2,10 HP,6706,units,Chennai,25,Construction,Normal,0.5,906952.52,Medium
R00723,B0576,"Looking for 10915 units of Stainless Steel industrial pumps (SS304), size 20 HP, for our industrial plant plant in Nashik. Need delivery in 31 days.",Industrial Pumps,Stainless Steel,SS304,20 HP,10915,units,Nashik,31,Industrial plant,Flexible,0.06,1495011.18,Medium
R00724,B0404,"Please quote for 1634 electric motors, Aluminium, IE2, 5 HP. Location: Delhi. Required by 37 days.",Electric Motors,Aluminium,IE2,5 HP,1634,units,Delhi,37,OEM project,Flexible,0.73,637350.12,Medium
R00725,B0981,"Need 6824 gearboxes for oem project, Cast Iron Worm, 2 HP. Delivery required in Pune within 18 days. Please share quotation.",Gearboxes,Cast Iron,Worm,2 HP,6824,units,Pune,18,OEM project,Normal,0.74,3210265.81,High
R00726,B0166,"Looking for 9727 units of Cast Iron industrial pumps (CI), size 20 HP, for our general manufacturing plant in Ahmedabad. Need delivery in 44 days.",Industrial Pumps,Cast Iron,CI,20 HP,9727,units,Ahmedabad,44,General manufacturing,Flexible,0.7,1845429.1,Medium
R00727,B1375,"Please quote for 7503 ball valves, Stainless Steel, SS316, 1 inch. Location: Mumbai. Required by 30 days.",Ball Valves,Stainless Steel,SS316,1 inch,7503,units,Mumbai,30,Industrial plant,Flexible,0.84,3011245.09,High
R00728,B1275,"Looking for 7536 units of Steel hydraulic cylinders (MS), size 50 mm, for our construction plant in Pune. Need delivery in 36 days.",Hydraulic Cylinders,Steel,MS,50 mm,7536,units,Pune,36,Construction,Flexible,0.8,2876249.52,Medium
R00729,B0382,"Looking for 6906 units of Cast Iron electric motors (IE3), size 10 HP, for our industrial plant plant in Nagpur. Need delivery in 33 days.",Electric Motors,Cast Iron,IE3,10 HP,6906,units,Nagpur,33,Industrial plant,Flexible,0.43,518945.64,Medium
R00730,B0821,"Need 11232 ball valves for oem project, Stainless Steel SS316, 2 inch. Delivery required in Mumbai within 35 days. Please share quotation.",Ball Valves,Stainless Steel,SS316,2 inch,11232,units,Mumbai,35,OEM project,Flexible,0.13,3376721.87,Medium
R00731,B1075,"Looking for 3604 units of Steel gearboxes (Worm), size 10 HP, for our construction plant in Pune. Need delivery in 26 days.",Gearboxes,Steel,Worm,10 HP,3604,units,Pune,26,Construction,Flexible,0.75,1535708.82,Medium
R00732,B0361,"Looking for 3582 units of Stainless Steel industrial pumps (CI), size 5 HP, for our general manufacturing plant in Ahmedabad. Need delivery in 45 days.",Industrial Pumps,Stainless Steel,CI,5 HP,3582,units,Ahmedabad,45,General manufacturing,Flexible,0.42,1594556.85,Medium
R00733,B0768,"Need 1829 conveyor belts for general manufacturing, Rubber Food Grade, 1000 mm. Delivery required in Mumbai within 32 days. Please share quotation.",Conveyor Belts,Rubber,Food Grade,1000 mm,1829,units,Mumbai,32,General manufacturing,Flexible,0.3,625613.68,Low
R00734,B1158,"Looking for 6925 units of Rubber conveyor belts (Food Grade), size 1000 mm, for our construction plant in Delhi. Need delivery in 29 days.",Conveyor Belts,Rubber,Food Grade,1000 mm,6925,units,Delhi,29,Construction,Flexible,0.59,1392005.92,Medium
R00735,B1313,"Need 9050 sheet metal parts for automotive, Mild Steel MS, 5 mm. Delivery required in Kolkata within 17 days. Please share quotation.",Sheet Metal Parts,Mild Steel,MS,5 mm,9050,units,Kolkata,17,Automotive,Normal,0.4,2801958.44,Medium
R00736,B1226,"Need 2987 conveyor belts for automotive, Rubber Food Grade, 1000 mm. Delivery required in Nashik within 41 days. Please share quotation.",Conveyor Belts,Rubber,Food Grade,1000 mm,2987,units,Nashik,41,Automotive,Flexible,0.28,609302.75,Medium
R00737,B0983,"Need 11252 industrial pumps for automotive, Cast Iron SS304, 10 HP. Delivery required in Nashik within 40 days. Please share quotation.",Industrial Pumps,Cast Iron,SS304,10 HP,11252,units,Nashik,40,Automotive,Flexible,0.52,1072332.83,Medium
R00738,B1494,"Please quote for 7332 industrial pumps, Stainless Steel, CI, 5 HP. Location: Nagpur. Required by 28 days.",Industrial Pumps,Stainless Steel,CI,5 HP,7332,units,Nagpur,28,Automotive,Flexible,0.52,1997190.87,Medium
R00739,B0255,"Need 10084 electric motors for oem project, Cast Iron IE3, 25 HP. Delivery required in Chennai within 42 days. Please share quotation.",Electric Motors,Cast Iron,IE3,25 HP,10084,units,Chennai,42,OEM project,Flexible,0.28,716958.98,Medium
R00740,B0887,"Need 8486 gearboxes for oem project, Steel Worm, 5 HP. Delivery required in Mumbai within 38 days. Please share quotation.",Gearboxes,Steel,Worm,5 HP,8486,units,Mumbai,38,OEM project,Flexible,0.49,4112250.14,Medium
R00741,B0365,"Please quote for 6703 hydraulic cylinders, Stainless Steel, MS, 50 mm. Location: Delhi. Required by 9 days.",Hydraulic Cylinders,Stainless Steel,MS,50 mm,6703,units,Delhi,9,Industrial plant,Urgent,0.87,1267882.96,High
R00742,B0433,"Please quote for 5018 gearboxes, Cast Iron, Worm, 10 HP. Location: Nagpur. Required by 29 days.",Gearboxes,Cast Iron,Worm,10 HP,5018,units,Nagpur,29,Industrial plant,Flexible,0.85,1482819.98,High
R00743,B0713,"Need 11451 industrial pumps for industrial plant, Cast Iron CI, 5 HP. Delivery required in Pune within 10 days. Please share quotation.",Industrial Pumps,Cast Iron,CI,5 HP,11451,units,Pune,10,Industrial plant,Urgent,0.8,5676626.14,High
R00744,B0675,"Looking for 11342 units of Stainless Steel steel brackets (MS), size 3 mm, for our automotive plant in Delhi. Need delivery in 29 days.",Steel Brackets,Stainless Steel,MS,3 mm,11342,units,Delhi,29,Automotive,Flexible,0.58,4914168.29,Medium
R00745,B1032,"Need 942 industrial pumps for industrial plant, Cast Iron CI, 20 HP. Delivery required in Delhi within 33 days. Please share quotation.",Industrial Pumps,Cast Iron,CI,20 HP,942,units,Delhi,33,Industrial plant,Flexible,0.34,369953.51,Low
R00746,B0701,"Need 7914 gearboxes for oem project, Cast Iron Helical, 2 HP. Delivery required in Ahmedabad within 16 days. Please share quotation.",Gearboxes,Cast Iron,Helical,2 HP,7914,units,Ahmedabad,16,OEM project,Normal,0.44,3809131.34,Medium
R00747,B0218,"Please quote for 9156 electric motors, Aluminium, IE2, 10 HP. Location: Mumbai. Required by 43 days.",Electric Motors,Aluminium,IE2,10 HP,9156,units,Mumbai,43,Construction,Flexible,0.99,4158744.47,Medium
R00748,B1482,"Please quote for 11426 conveyor belts, PU, Grade A, 500 mm. Location: Kolkata. Required by 28 days.",Conveyor Belts,PU,Grade A,500 mm,11426,units,Kolkata,28,Industrial plant,Flexible,0.25,4752199.2,Medium
R00749,B1355,"Please quote for 3585 conveyor belts, Rubber, Food Grade, 800 mm. Location: Pune. Required by 41 days.",Conveyor Belts,Rubber,Food Grade,800 mm,3585,units,Pune,41,Industrial plant,Flexible,0.34,759921.6,Medium
R00750,B1252,"Please quote for 5031 industrial pumps, Cast Iron, CI, 20 HP. Location: Bengaluru. Required by 40 days.",Industrial Pumps,Cast Iron,CI,20 HP,5031,units,Bengaluru,40,OEM project,Flexible,0.87,178162.88,Medium
R00751,B1274,"Looking for 3103 units of Carbon Steel ball valves (SS316), size 3 inch, for our automotive plant in Bengaluru. Need delivery in 44 days.",Ball Valves,Carbon Steel,SS316,3 inch,3103,units,Bengaluru,44,Automotive,Flexible,0.19,369176.2,Low
R00752,B0370,"Looking for 11364 units of Steel gearboxes (Helical), size 5 HP, for our general manufacturing plant in Nashik. Need delivery in 10 days.",Gearboxes,Steel,Helical,5 HP,11364,units,Nashik,10,General manufacturing,Urgent,0.13,4080206.22,High
R00753,B0481,"Looking for 11297 units of Stainless Steel steel brackets (MS), size 3 mm, for our industrial plant plant in Nagpur. Need delivery in 36 days.",Steel Brackets,Stainless Steel,MS,3 mm,11297,units,Nagpur,36,Industrial plant,Flexible,0.31,1557902.67,Medium
R00754,B0319,"Please quote for 10650 industrial pumps, Stainless Steel, CI, 5 HP. Location: Ahmedabad. Required by 21 days.",Industrial Pumps,Stainless Steel,CI,5 HP,10650,units,Ahmedabad,21,Construction,Normal,0.99,4573569.83,High
R00755,B0242,"Please quote for 4028 industrial pumps, Stainless Steel, CI, 10 HP. Location: Bengaluru. Required by 3 days.",Industrial Pumps,Stainless Steel,CI,10 HP,4028,units,Bengaluru,3,OEM project,Urgent,0.74,1894087.87,High
R00756,B1270,"Please quote for 4508 gearboxes, Cast Iron, Worm, 5 HP. Location: Pune. Required by 42 days.",Gearboxes,Cast Iron,Worm,5 HP,4508,units,Pune,42,OEM project,Flexible,0.06,1433898.5,Medium
R00757,B0367,"Looking for 5116 units of PU conveyor belts (Grade A), size 800 mm, for our construction plant in Nashik. Need delivery in 22 days.",Conveyor Belts,PU,Grade A,800 mm,5116,units,Nashik,22,Construction,Normal,0.86,1351207.32,High
R00758,B1299,"Need 5235 ball valves for oem project, Stainless Steel CS, 1 inch. Delivery required in Hyderabad within 23 days. Please share quotation.",Ball Valves,Stainless Steel,CS,1 inch,5235,units,Hyderabad,23,OEM project,Normal,0.24,545516.46,Medium
R00759,B0192,"Please quote for 10898 gearboxes, Steel, Worm, 10 HP. Location: Hyderabad. Required by 41 days.",Gearboxes,Steel,Worm,10 HP,10898,units,Hyderabad,41,Industrial plant,Flexible,0.25,3028385.74,Medium
R00760,B0776,"Looking for 286 units of Stainless Steel ball valves (CS), size 3 inch, for our construction plant in Nagpur. Need delivery in 17 days.",Ball Valves,Stainless Steel,CS,3 inch,286,units,Nagpur,17,Construction,Normal,0.67,46088.02,Low
R00761,B0210,"Please quote for 3322 conveyor belts, PU, Food Grade, 500 mm. Location: Ahmedabad. Required by 36 days.",Conveyor Belts,PU,Food Grade,500 mm,3322,units,Ahmedabad,36,OEM project,Flexible,0.53,820092.56,Medium
R00762,B0274,"Please quote for 7141 gearboxes, Steel, Helical, 10 HP. Location: Bengaluru. Required by 21 days.",Gearboxes,Steel,Helical,10 HP,7141,units,Bengaluru,21,Industrial plant,Normal,0.33,3377784.24,Medium
R00763,B1072,"Please quote for 5590 industrial pumps, Cast Iron, SS316, 5 HP. Location: Pune. Required by 39 days.",Industrial Pumps,Cast Iron,SS316,5 HP,5590,units,Pune,39,Construction,Flexible,0.99,2535856.85,Medium
R00764,B0964,"Looking for 9347 units of Cast Iron electric motors (IE2), size 5 HP, for our general manufacturing plant in Hyderabad. Need delivery in 41 days.",Electric Motors,Cast Iron,IE2,5 HP,9347,units,Hyderabad,41,General manufacturing,Flexible,0.33,3953437.91,Medium
R00765,B1042,"Looking for 8589 units of Cast Iron electric motors (IE2), size 25 HP, for our automotive plant in Delhi. Need delivery in 3 days.",Electric Motors,Cast Iron,IE2,25 HP,8589,units,Delhi,3,Automotive,Urgent,0.21,734012.8,High
R00766,B0837,"Please quote for 6201 electric motors, Cast Iron, IE3, 25 HP. Location: Kolkata. Required by 30 days.",Electric Motors,Cast Iron,IE3,25 HP,6201,units,Kolkata,30,General manufacturing,Flexible,0.11,1484227.15,Medium
R00767,B1073,"Looking for 1412 units of Cast Iron industrial pumps (CI), size 5 HP, for our general manufacturing plant in Ahmedabad. Need delivery in 42 days.",Industrial Pumps,Cast Iron,CI,5 HP,1412,units,Ahmedabad,42,General manufacturing,Flexible,0.8,173885.75,Low
R00768,B1035,"Looking for 7891 units of Mild Steel sheet metal parts (SS304), size 5 mm, for our general manufacturing plant in Bengaluru. Need delivery in 29 days.",Sheet Metal Parts,Mild Steel,SS304,5 mm,7891,units,Bengaluru,29,General manufacturing,Flexible,0.94,2213846.73,High
R00769,B1311,"Looking for 4812 units of Carbon Steel ball valves (SS316), size 3 inch, for our industrial plant plant in Ahmedabad. Need delivery in 39 days.",Ball Valves,Carbon Steel,SS316,3 inch,4812,units,Ahmedabad,39,Industrial plant,Flexible,0.58,946087.02,Medium
R00770,B0637,"Need 292 hydraulic cylinders for general manufacturing, Steel SS304, 100 mm. Delivery required in Bengaluru within 29 days. Please share quotation.",Hydraulic Cylinders,Steel,SS304,100 mm,292,units,Bengaluru,29,General manufacturing,Flexible,0.14,73743.67,Low
R00771,B0267,"Looking for 7747 units of Aluminium electric motors (IE3), size 5 HP, for our industrial plant plant in Kolkata. Need delivery in 40 days.",Electric Motors,Aluminium,IE3,5 HP,7747,units,Kolkata,40,Industrial plant,Flexible,0.06,3720912.56,Medium
R00772,B1060,"Please quote for 2845 conveyor belts, PU, Food Grade, 800 mm. Location: Hyderabad. Required by 22 days.",Conveyor Belts,PU,Food Grade,800 mm,2845,units,Hyderabad,22,OEM project,Normal,0.29,1089124.49,Medium
R00773,B0163,"Need 6333 conveyor belts for oem project, PU Grade A, 1000 mm. Delivery required in Delhi within 23 days. Please share quotation.",Conveyor Belts,PU,Grade A,1000 mm,6333,units,Delhi,23,OEM project,Normal,0.44,192732.95,Medium
R00774,B1451,"Looking for 10645 units of Steel gearboxes (Helical), size 10 HP, for our construction plant in Delhi. Need delivery in 3 days.",Gearboxes,Steel,Helical,10 HP,10645,units,Delhi,3,Construction,Urgent,0.46,4845014.18,High
R00775,B1393,"Looking for 6365 units of Steel gearboxes (Helical), size 2 HP, for our industrial plant plant in Bengaluru. Need delivery in 29 days.",Gearboxes,Steel,Helical,2 HP,6365,units,Bengaluru,29,Industrial plant,Flexible,0.21,902494.17,Medium
R00776,B0901,"Please quote for 11795 electric motors, Cast Iron, IE3, 25 HP. Location: Delhi. Required by 17 days.",Electric Motors,Cast Iron,IE3,25 HP,11795,units,Delhi,17,Automotive,Normal,0.42,1494758.55,Medium
R00777,B0847,"Need 2052 sheet metal parts for construction, Mild Steel SS304, 2 mm. Delivery required in Chennai within 22 days. Please share quotation.",Sheet Metal Parts,Mild Steel,SS304,2 mm,2052,units,Chennai,22,Construction,Normal,0.39,211496.52,Low
R00778,B1016,"Looking for 694 units of Steel gearboxes (Worm), size 10 HP, for our oem project plant in Kolkata. Need delivery in 42 days.",Gearboxes,Steel,Worm,10 HP,694,units,Kolkata,42,OEM project,Flexible,0.61,102145.51,Low
R00779,B0057,"Need 11699 electric motors for oem project, Aluminium IE3, 25 HP. Delivery required in Bengaluru within 11 days. Please share quotation.",Electric Motors,Aluminium,IE3,25 HP,11699,units,Bengaluru,11,OEM project,Normal,0.48,4654581.85,High
R00780,B1223,"Looking for 429 units of Stainless Steel sheet metal parts (SS304), size 5 mm, for our automotive plant in Ahmedabad. Need delivery in 12 days.",Sheet Metal Parts,Stainless Steel,SS304,5 mm,429,units,Ahmedabad,12,Automotive,Normal,0.35,25160.08,Low
R00781,B0096,"Please quote for 7739 electric motors, Aluminium, IE2, 10 HP. Location: Delhi. Required by 44 days.",Electric Motors,Aluminium,IE2,10 HP,7739,units,Delhi,44,Industrial plant,Flexible,0.85,2544644.1,Medium
R00782,B0684,"Please quote for 5870 industrial pumps, Cast Iron, SS316, 10 HP. Location: Kolkata. Required by 12 days.",Industrial Pumps,Cast Iron,SS316,10 HP,5870,units,Kolkata,12,Industrial plant,Normal,0.66,1597580.37,High
R00783,B0028,"Need 3301 hydraulic cylinders for general manufacturing, Steel SS304, 50 mm. Delivery required in Nashik within 29 days. Please share quotation.",Hydraulic Cylinders,Steel,SS304,50 mm,3301,units,Nashik,29,General manufacturing,Flexible,0.26,1129375.43,Medium
R00784,B1028,"Please quote for 4042 industrial pumps, Stainless Steel, SS304, 5 HP. Location: Ahmedabad. Required by 40 days.",Industrial Pumps,Stainless Steel,SS304,5 HP,4042,units,Ahmedabad,40,Construction,Flexible,0.59,1565805.98,Medium
R00785,B0874,"Need 8992 gearboxes for oem project, Steel Helical, 2 HP. Delivery required in Mumbai within 23 days. Please share quotation.",Gearboxes,Steel,Helical,2 HP,8992,units,Mumbai,23,OEM project,Normal,0.31,1374043.01,Medium
R00786,B1196,"Looking for 1543 units of Cast Iron electric motors (IE3), size 10 HP, for our general manufacturing plant in Kolkata. Need delivery in 44 days.",Electric Motors,Cast Iron,IE3,10 HP,1543,units,Kolkata,44,General manufacturing,Flexible,0.4,372708.52,Low
R00787,B1268,"Need 6129 gearboxes for general manufacturing, Cast Iron Helical, 10 HP. Delivery required in Nashik within 26 days. Please share quotation.",Gearboxes,Cast Iron,Helical,10 HP,6129,units,Nashik,26,General manufacturing,Flexible,0.28,1672248.32,Medium
R00788,B0986,"Please quote for 11980 steel brackets, Stainless Steel, SS304, 3 mm. Location: Nashik. Required by 39 days.",Steel Brackets,Stainless Steel,SS304,3 mm,11980,units,Nashik,39,Industrial plant,Flexible,0.24,2054114.22,Medium
R00789,B0993,"Looking for 4171 units of Cast Iron gearboxes (Helical), size 2 HP, for our automotive plant in Pune. Need delivery in 25 days.",Gearboxes,Cast Iron,Helical,2 HP,4171,units,Pune,25,Automotive,Normal,0.45,147950.08,Low
R00790,B0385,"Looking for 7454 units of Rubber conveyor belts (Grade A), size 800 mm, for our industrial plant plant in Kolkata. Need delivery in 24 days.",Conveyor Belts,Rubber,Grade A,800 mm,7454,units,Kolkata,24,Industrial plant,Normal,0.61,607777.48,Medium
R00791,B1397,"Please quote for 11033 electric motors, Aluminium, IE2, 25 HP. Location: Nashik. Required by 17 days.",Electric Motors,Aluminium,IE2,25 HP,11033,units,Nashik,17,OEM project,Normal,0.75,655378.15,High
R00792,B0385,"Need 7869 gearboxes for industrial plant, Steel Worm, 5 HP. Delivery required in Ahmedabad within 9 days. Please share quotation.",Gearboxes,Steel,Worm,5 HP,7869,units,Ahmedabad,9,Industrial plant,Urgent,0.14,2066648.17,High
R00793,B1307,"Need 5234 hydraulic cylinders for construction, Steel SS304, 100 mm. Delivery required in Kolkata within 8 days. Please share quotation.",Hydraulic Cylinders,Steel,SS304,100 mm,5234,units,Kolkata,8,Construction,Urgent,0.69,1456218.59,High
R00794,B0350,"Please quote for 10176 sheet metal parts, Stainless Steel, SS304, 10 mm. Location: Pune. Required by 39 days.",Sheet Metal Parts,Stainless Steel,SS304,10 mm,10176,units,Pune,39,OEM project,Flexible,0.98,574624.37,Medium
R00795,B0638,"Please quote for 7568 hydraulic cylinders, Stainless Steel, MS, 100 mm. Location: Bengaluru. Required by 42 days.",Hydraulic Cylinders,Stainless Steel,MS,100 mm,7568,units,Bengaluru,42,Industrial plant,Flexible,0.76,2285887.15,Medium
R00796,B0355,"Looking for 3232 units of Stainless Steel ball valves (CS), size 1 inch, for our construction plant in Kolkata. Need delivery in 7 days.",Ball Valves,Stainless Steel,CS,1 inch,3232,units,Kolkata,7,Construction,Urgent,0.91,1005850.58,High
R00797,B0605,"Need 3987 ball valves for automotive, Carbon Steel CS, 2 inch. Delivery required in Pune within 40 days. Please share quotation.",Ball Valves,Carbon Steel,CS,2 inch,3987,units,Pune,40,Automotive,Flexible,0.99,1810932.48,Medium
R00798,B0080,"Need 4107 electric motors for construction, Cast Iron IE2, 5 HP. Delivery required in Mumbai within 24 days. Please share quotation.",Electric Motors,Cast Iron,IE2,5 HP,4107,units,Mumbai,24,Construction,Normal,0.06,714409.91,Medium
R00799,B1258,"Please quote for 7244 electric motors, Cast Iron, IE2, 10 HP. Location: Kolkata. Required by 8 days.",Electric Motors,Cast Iron,IE2,10 HP,7244,units,Kolkata,8,Automotive,Urgent,0.3,1560996.57,High
R00800,B0377,"Please quote for 11618 hydraulic cylinders, Stainless Steel, SS304, 100 mm. Location: Hyderabad. Required by 18 days.",Hydraulic Cylinders,Stainless Steel,SS304,100 mm,11618,units,Hyderabad,18,Construction,Normal,0.59,3346142.52,Medium
R00801,B0047,"Looking for 2521 units of Mild Steel steel brackets (MS), size 5 mm, for our construction plant in Pune. Need delivery in 29 days.",Steel Brackets,Mild Steel,MS,5 mm,2521,units,Pune,29,Construction,Flexible,0.97,1022950.91,Medium
R00802,B1097,"Need 984 gearboxes for industrial plant, Steel Helical, 2 HP. Delivery required in Kolkata within 43 days. Please share quotation.",Gearboxes,Steel,Helical,2 HP,984,units,Kolkata,43,Industrial plant,Flexible,0.42,78010.53,Low
R00803,B0782,"Need 8199 steel brackets for general manufacturing, Stainless Steel SS304, 8 mm. Delivery required in Bengaluru within 43 days. Please share quotation.",Steel Brackets,Stainless Steel,SS304,8 mm,8199,units,Bengaluru,43,General manufacturing,Flexible,0.03,2401247.36,Medium
R00804,B1298,"Looking for 11626 units of PU conveyor belts (Food Grade), size 1000 mm, for our automotive plant in Mumbai. Need delivery in 3 days.",Conveyor Belts,PU,Food Grade,1000 mm,11626,units,Mumbai,3,Automotive,Urgent,0.49,3771352.55,High
R00805,B1145,"Looking for 3317 units of Mild Steel steel brackets (SS304), size 8 mm, for our automotive plant in Nashik. Need delivery in 12 days.",Steel Brackets,Mild Steel,SS304,8 mm,3317,units,Nashik,12,Automotive,Normal,0.62,1412169.26,Medium
R00806,B0092,"Looking for 7607 units of Mild Steel steel brackets (SS304), size 8 mm, for our oem project plant in Mumbai. Need delivery in 12 days.",Steel Brackets,Mild Steel,SS304,8 mm,7607,units,Mumbai,12,OEM project,Normal,0.68,2770962.6,High
R00807,B0537,"Need 6564 industrial pumps for automotive, Stainless Steel CI, 20 HP. Delivery required in Pune within 27 days. Please share quotation.",Industrial Pumps,Stainless Steel,CI,20 HP,6564,units,Pune,27,Automotive,Flexible,0.42,2751902.49,Medium
R00808,B1030,"Please quote for 7411 hydraulic cylinders, Stainless Steel, SS304, 100 mm. Location: Hyderabad. Required by 41 days.",Hydraulic Cylinders,Stainless Steel,SS304,100 mm,7411,units,Hyderabad,41,Construction,Flexible,0.58,445009.48,Low
R00809,B0276,"Need 4273 hydraulic cylinders for automotive, Stainless Steel SS304, 150 mm. Delivery required in Delhi within 5 days. Please share quotation.",Hydraulic Cylinders,Stainless Steel,SS304,150 mm,4273,units,Delhi,5,Automotive,Urgent,0.51,970309.78,High
R00810,B0263,"Need 6992 sheet metal parts for industrial plant, Stainless Steel SS304, 5 mm. Delivery required in Nagpur within 42 days. Please share quotation.",Sheet Metal Parts,Stainless Steel,SS304,5 mm,6992,units,Nagpur,42,Industrial plant,Flexible,0.84,1538319.87,Medium
R00811,B0916,"Need 3190 industrial pumps for automotive, Stainless Steel SS304, 20 HP. Delivery required in Kolkata within 27 days. Please share quotation.",Industrial Pumps,Stainless Steel,SS304,20 HP,3190,units,Kolkata,27,Automotive,Flexible,0.75,1082674.48,Medium
R00812,B1495,"Need 3416 industrial pumps for construction, Stainless Steel CI, 5 HP. Delivery required in Bengaluru within 10 days. Please share quotation.",Industrial Pumps,Stainless Steel,CI,5 HP,3416,units,Bengaluru,10,Construction,Urgent,0.56,1323161.58,High
R00813,B0903,"Need 11673 electric motors for general manufacturing, Cast Iron IE2, 25 HP. Delivery required in Mumbai within 19 days. Please share quotation.",Electric Motors,Cast Iron,IE2,25 HP,11673,units,Mumbai,19,General manufacturing,Normal,0.56,1540976.66,Medium
R00814,B1140,"Looking for 3543 units of Steel hydraulic cylinders (SS304), size 100 mm, for our construction plant in Pune. Need delivery in 39 days.",Hydraulic Cylinders,Steel,SS304,100 mm,3543,units,Pune,39,Construction,Flexible,0.86,909997.26,Medium
R00815,B0326,"Please quote for 11304 gearboxes, Steel, Worm, 5 HP. Location: Nashik. Required by 40 days.",Gearboxes,Steel,Worm,5 HP,11304,units,Nashik,40,Industrial plant,Flexible,0.91,3826447.59,Medium
R00816,B1490,"Looking for 2547 units of Stainless Steel industrial pumps (CI), size 5 HP, for our industrial plant plant in Delhi. Need delivery in 26 days.",Industrial Pumps,Stainless Steel,CI,5 HP,2547,units,Delhi,26,Industrial plant,Flexible,0.68,573087.93,Medium
R00817,B0551,"Please quote for 8133 gearboxes, Steel, Worm, 10 HP. Location: Kolkata. Required by 4 days.",Gearboxes,Steel,Worm,10 HP,8133,units,Kolkata,4,OEM project,Urgent,0.28,1016862.67,High
R00818,B1453,"Looking for 1320 units of Stainless Steel hydraulic cylinders (SS304), size 50 mm, for our industrial plant plant in Delhi. Need delivery in 25 days.",Hydraulic Cylinders,Stainless Steel,SS304,50 mm,1320,units,Delhi,25,Industrial plant,Normal,0.6,459579.06,Low
R00819,B0791,"Please quote for 11628 steel brackets, Mild Steel, MS, 8 mm. Location: Chennai. Required by 20 days.",Steel Brackets,Mild Steel,MS,8 mm,11628,units,Chennai,20,Automotive,Normal,0.89,5650645.08,High
R00820,B0729,"Looking for 1991 units of Mild Steel steel brackets (MS), size 5 mm, for our oem project plant in Mumbai. Need delivery in 42 days.",Steel Brackets,Mild Steel,MS,5 mm,1991,units,Mumbai,42,OEM project,Flexible,0.07,625774.69,Low
R00821,B0103,"Please quote for 10036 hydraulic cylinders, Stainless Steel, SS304, 50 mm. Location: Hyderabad. Required by 31 days.",Hydraulic Cylinders,Stainless Steel,SS304,50 mm,10036,units,Hyderabad,31,OEM project,Flexible,0.96,4601377.32,Medium
R00822,B0354,"Looking for 6508 units of Steel hydraulic cylinders (MS), size 50 mm, for our automotive plant in Delhi. Need delivery in 5 days.",Hydraulic Cylinders,Steel,MS,50 mm,6508,units,Delhi,5,Automotive,Urgent,0.14,2127235.3,High
R00823,B0893,"Please quote for 9853 electric motors, Aluminium, IE3, 25 HP. Location: Nashik. Required by 33 days.",Electric Motors,Aluminium,IE3,25 HP,9853,units,Nashik,33,General manufacturing,Flexible,0.69,3821193.13,Medium
R00824,B0496,"Looking for 3362 units of Stainless Steel ball valves (SS316), size 1 inch, for our oem project plant in Delhi. Need delivery in 22 days.",Ball Valves,Stainless Steel,SS316,1 inch,3362,units,Delhi,22,OEM project,Normal,0.79,420933.53,Medium
R00825,B0805,"Need 5687 gearboxes for construction, Steel Worm, 2 HP. Delivery required in Bengaluru within 19 days. Please share quotation.",Gearboxes,Steel,Worm,2 HP,5687,units,Bengaluru,19,Construction,Normal,0.62,534781.08,Medium
R00826,B0613,"Please quote for 6621 gearboxes, Steel, Worm, 10 HP. Location: Nashik. Required by 34 days.",Gearboxes,Steel,Worm,10 HP,6621,units,Nashik,34,Industrial plant,Flexible,0.57,3072712.29,Medium
R00827,B0732,"Looking for 5738 units of Stainless Steel ball valves (CS), size 3 inch, for our industrial plant plant in Hyderabad. Need delivery in 31 days.",Ball Valves,Stainless Steel,CS,3 inch,5738,units,Hyderabad,31,Industrial plant,Flexible,0.72,2816986.67,Medium
R00828,B0533,"Need 8164 conveyor belts for construction, Rubber Grade A, 1000 mm. Delivery required in Chennai within 24 days. Please share quotation.",Conveyor Belts,Rubber,Grade A,1000 mm,8164,units,Chennai,24,Construction,Normal,0.94,878027.11,High
R00829,B0985,"Looking for 8408 units of Stainless Steel hydraulic cylinders (SS304), size 150 mm, for our general manufacturing plant in Ahmedabad. Need delivery in 21 days.",Hydraulic Cylinders,Stainless Steel,SS304,150 mm,8408,units,Ahmedabad,21,General manufacturing,Normal,0.08,258465.32,Medium
R00830,B1238,"Need 6158 ball valves for industrial plant, Stainless Steel SS316, 2 inch. Delivery required in Bengaluru within 7 days. Please share quotation.",Ball Valves,Stainless Steel,SS316,2 inch,6158,units,Bengaluru,7,Industrial plant,Urgent,0.34,2468516.9,High
R00831,B0902,"Looking for 8891 units of Carbon Steel ball valves (SS316), size 3 inch, for our industrial plant plant in Nashik. Need delivery in 36 days.",Ball Valves,Carbon Steel,SS316,3 inch,8891,units,Nashik,36,Industrial plant,Flexible,0.43,2208675.48,Medium
R00832,B0627,"Need 327 gearboxes for construction, Steel Helical, 5 HP. Delivery required in Bengaluru within 23 days. Please share quotation.",Gearboxes,Steel,Helical,5 HP,327,units,Bengaluru,23,Construction,Normal,0.98,39540.34,Low
R00833,B1255,"Need 5529 gearboxes for industrial plant, Steel Worm, 2 HP. Delivery required in Hyderabad within 39 days. Please share quotation.",Gearboxes,Steel,Worm,2 HP,5529,units,Hyderabad,39,Industrial plant,Flexible,0.49,815544.72,Medium
R00834,B0683,"Please quote for 3468 conveyor belts, PU, Grade A, 800 mm. Location: Bengaluru. Required by 40 days.",Conveyor Belts,PU,Grade A,800 mm,3468,units,Bengaluru,40,General manufacturing,Flexible,0.25,252120.55,Low
R00835,B0355,"Looking for 4326 units of Mild Steel sheet metal parts (SS304), size 10 mm, for our automotive plant in Delhi. Need delivery in 45 days.",Sheet Metal Parts,Mild Steel,SS304,10 mm,4326,units,Delhi,45,Automotive,Flexible,0.94,1091030.91,Medium
R00836,B1094,"Looking for 1721 units of Stainless Steel sheet metal parts (SS304), size 5 mm, for our construction plant in Delhi. Need delivery in 24 days.",Sheet Metal Parts,Stainless Steel,SS304,5 mm,1721,units,Delhi,24,Construction,Normal,0.88,113088.16,Low
R00837,B0037,"Please quote for 10918 hydraulic cylinders, Stainless Steel, MS, 150 mm. Location: Bengaluru. Required by 12 days.",Hydraulic Cylinders,Stainless Steel,MS,150 mm,10918,units,Bengaluru,12,Industrial plant,Normal,0.75,2050058.59,High
R00838,B0538,"Please quote for 5953 hydraulic cylinders, Stainless Steel, SS304, 100 mm. Location: Kolkata. Required by 9 days.",Hydraulic Cylinders,Stainless Steel,SS304,100 mm,5953,units,Kolkata,9,General manufacturing,Urgent,0.64,1636083.6,High
R00839,B0911,"Please quote for 3516 conveyor belts, PU, Grade A, 500 mm. Location: Ahmedabad. Required by 31 days.",Conveyor Belts,PU,Grade A,500 mm,3516,units,Ahmedabad,31,Automotive,Flexible,0.72,1432047.85,Medium
R00840,B1062,"Please quote for 11382 electric motors, Cast Iron, IE3, 25 HP. Location: Delhi. Required by 21 days.",Electric Motors,Cast Iron,IE3,25 HP,11382,units,Delhi,21,Automotive,Normal,0.22,5662011.38,Medium
R00841,B1262,"Please quote for 2029 electric motors, Cast Iron, IE3, 5 HP. Location: Chennai. Required by 4 days.",Electric Motors,Cast Iron,IE3,5 HP,2029,units,Chennai,4,Industrial plant,Urgent,0.03,488697.48,Medium
R00842,B1436,"Please quote for 597 industrial pumps, Stainless Steel, SS316, 20 HP. Location: Hyderabad. Required by 32 days.",Industrial Pumps,Stainless Steel,SS316,20 HP,597,units,Hyderabad,32,OEM project,Flexible,0.18,167540.94,Low
R00843,B1199,"Looking for 11548 units of Stainless Steel hydraulic cylinders (MS), size 100 mm, for our construction plant in Nashik. Need delivery in 10 days.",Hydraulic Cylinders,Stainless Steel,MS,100 mm,11548,units,Nashik,10,Construction,Urgent,0.45,4502706.2,High
R00844,B0263,"Need 7995 conveyor belts for construction, PU Grade A, 800 mm. Delivery required in Delhi within 26 days. Please share quotation.",Conveyor Belts,PU,Grade A,800 mm,7995,units,Delhi,26,Construction,Flexible,0.53,381686.11,Medium
R00845,B0635,"Need 3796 conveyor belts for industrial plant, PU Grade A, 500 mm. Delivery required in Bengaluru within 9 days. Please share quotation.",Conveyor Belts,PU,Grade A,500 mm,3796,units,Bengaluru,9,Industrial plant,Urgent,0.49,1175729.35,High
R00846,B0129,"Please quote for 11036 electric motors, Aluminium, IE3, 10 HP. Location: Delhi. Required by 23 days.",Electric Motors,Aluminium,IE3,10 HP,11036,units,Delhi,23,General manufacturing,Normal,0.27,4292344.59,Medium
R00847,B0315,"Looking for 200 units of Stainless Steel industrial pumps (CI), size 20 HP, for our industrial plant plant in Pune. Need delivery in 32 days.",Industrial Pumps,Stainless Steel,CI,20 HP,200,units,Pune,32,Industrial plant,Flexible,0.82,39016.71,Low
R00848,B1038,"Please quote for 6820 steel brackets, Mild Steel, SS304, 8 mm. Location: Delhi. Required by 33 days.",Steel Brackets,Mild Steel,SS304,8 mm,6820,units,Delhi,33,OEM project,Flexible,0.39,599583.17,Medium
R00849,B0774,"Need 2124 ball valves for automotive, Stainless Steel SS304, 3 inch. Delivery required in Delhi within 13 days. Please share quotation.",Ball Valves,Stainless Steel,SS304,3 inch,2124,units,Delhi,13,Automotive,Normal,0.92,204651.68,Medium
R00850,B1434,"Need 5035 sheet metal parts for general manufacturing, Mild Steel SS304, 10 mm. Delivery required in Hyderabad within 23 days. Please share quotation.",Sheet Metal Parts,Mild Steel,SS304,10 mm,5035,units,Hyderabad,23,General manufacturing,Normal,0.18,2311379.72,Medium
R00851,B0783,"Looking for 1812 units of Stainless Steel hydraulic cylinders (SS304), size 50 mm, for our oem project plant in Kolkata. Need delivery in 9 days.",Hydraulic Cylinders,Stainless Steel,SS304,50 mm,1812,units,Kolkata,9,OEM project,Urgent,0.19,110454.94,Medium
R00852,B0879,"Please quote for 3396 industrial pumps, Cast Iron, SS304, 5 HP. Location: Kolkata. Required by 44 days.",Industrial Pumps,Cast Iron,SS304,5 HP,3396,units,Kolkata,44,OEM project,Flexible,0.3,1618484.17,Medium
R00853,B0407,"Need 4282 ball valves for industrial plant, Carbon Steel SS316, 1 inch. Delivery required in Hyderabad within 45 days. Please share quotation.",Ball Valves,Carbon Steel,SS316,1 inch,4282,units,Hyderabad,45,Industrial plant,Flexible,0.32,1159005.62,Medium
R00854,B0809,"Looking for 7276 units of Stainless Steel industrial pumps (SS304), size 5 HP, for our industrial plant plant in Nashik. Need delivery in 37 days.",Industrial Pumps,Stainless Steel,SS304,5 HP,7276,units,Nashik,37,Industrial plant,Flexible,0.47,1827789.36,Medium
R00855,B1237,"Looking for 10856 units of Mild Steel sheet metal parts (MS), size 5 mm, for our automotive plant in Chennai. Need delivery in 30 days.",Sheet Metal Parts,Mild Steel,MS,5 mm,10856,units,Chennai,30,Automotive,Flexible,0.0,969473.19,Medium
R00856,B1149,"Need 6836 gearboxes for general manufacturing, Steel Helical, 10 HP. Delivery required in Nashik within 9 days. Please share quotation.",Gearboxes,Steel,Helical,10 HP,6836,units,Nashik,9,General manufacturing,Urgent,0.66,1830338.03,High
R00857,B1260,"Looking for 752 units of Carbon Steel ball valves (CS), size 1 inch, for our industrial plant plant in Delhi. Need delivery in 45 days.",Ball Valves,Carbon Steel,CS,1 inch,752,units,Delhi,45,Industrial plant,Flexible,0.47,159642.63,Low
R00858,B1157,"Please quote for 5310 ball valves, Stainless Steel, SS316, 1 inch. Location: Delhi. Required by 41 days.",Ball Valves,Stainless Steel,SS316,1 inch,5310,units,Delhi,41,Automotive,Flexible,0.71,1556793.1,Medium
R00859,B0142,"Please quote for 2161 sheet metal parts, Mild Steel, MS, 5 mm. Location: Bengaluru. Required by 45 days.",Sheet Metal Parts,Mild Steel,MS,5 mm,2161,units,Bengaluru,45,Automotive,Flexible,0.86,171202.54,Low
R00860,B0506,"Need 2349 ball valves for general manufacturing, Stainless Steel SS316, 3 inch. Delivery required in Nagpur within 28 days. Please share quotation.",Ball Valves,Stainless Steel,SS316,3 inch,2349,units,Nagpur,28,General manufacturing,Flexible,0.6,1130217.24,Medium
R00861,B1450,"Please quote for 6598 gearboxes, Cast Iron, Worm, 2 HP. Location: Pune. Required by 11 days.",Gearboxes,Cast Iron,Worm,2 HP,6598,units,Pune,11,Industrial plant,Normal,0.46,211401.8,Medium
R00862,B1273,"Please quote for 3819 electric motors, Aluminium, IE2, 25 HP. Location: Delhi. Required by 26 days.",Electric Motors,Aluminium,IE2,25 HP,3819,units,Delhi,26,OEM project,Flexible,0.08,1327379.84,Medium
R00863,B1446,"Looking for 5365 units of Steel gearboxes (Worm), size 2 HP, for our construction plant in Mumbai. Need delivery in 33 days.",Gearboxes,Steel,Worm,2 HP,5365,units,Mumbai,33,Construction,Flexible,0.12,2094036.74,Medium
R00864,B1194,"Please quote for 1468 steel brackets, Stainless Steel, MS, 3 mm. Location: Nashik. Required by 37 days.",Steel Brackets,Stainless Steel,MS,3 mm,1468,units,Nashik,37,Industrial plant,Flexible,0.48,699833.75,Low
R00865,B0842,"Please quote for 7454 industrial pumps, Stainless Steel, SS316, 20 HP. Location: Mumbai. Required by 34 days.",Industrial Pumps,Stainless Steel,SS316,20 HP,7454,units,Mumbai,34,General manufacturing,Flexible,0.45,265928.91,Low
R00866,B1300,"Please quote for 4175 industrial pumps, Cast Iron, SS304, 5 HP. Location: Hyderabad. Required by 3 days.",Industrial Pumps,Cast Iron,SS304,5 HP,4175,units,Hyderabad,3,Construction,Urgent,0.56,548145.53,High
R00867,B1367,"Looking for 6330 units of Steel hydraulic cylinders (MS), size 100 mm, for our automotive plant in Kolkata. Need delivery in 19 days.",Hydraulic Cylinders,Steel,MS,100 mm,6330,units,Kolkata,19,Automotive,Normal,0.86,1516683.48,High
R00868,B0164,"Please quote for 5101 industrial pumps, Cast Iron, SS316, 5 HP. Location: Bengaluru. Required by 44 days.",Industrial Pumps,Cast Iron,SS316,5 HP,5101,units,Bengaluru,44,OEM project,Flexible,0.76,2163726.12,Medium
R00869,B1024,"Looking for 2920 units of Rubber conveyor belts (Grade A), size 500 mm, for our general manufacturing plant in Ahmedabad. Need delivery in 40 days.",Conveyor Belts,Rubber,Grade A,500 mm,2920,units,Ahmedabad,40,General manufacturing,Flexible,0.99,1337232.3,Medium
R00870,B0445,"Need 8913 hydraulic cylinders for automotive, Steel MS, 100 mm. Delivery required in Ahmedabad within 37 days. Please share quotation.",Hydraulic Cylinders,Steel,MS,100 mm,8913,units,Ahmedabad,37,Automotive,Flexible,0.54,3281531.84,Medium
R00871,B1188,"Please quote for 4763 hydraulic cylinders, Stainless Steel, MS, 100 mm. Location: Nashik. Required by 33 days.",Hydraulic Cylinders,Stainless Steel,MS,100 mm,4763,units,Nashik,33,Automotive,Flexible,0.89,2242718.82,Medium
R00872,B0720,"Looking for 1781 units of Stainless Steel sheet metal parts (MS), size 2 mm, for our oem project plant in Pune. Need delivery in 33 days.",Sheet Metal Parts,Stainless Steel,MS,2 mm,1781,units,Pune,33,OEM project,Flexible,0.34,283475.36,Low
R00873,B0417,"Please quote for 6367 steel brackets, Mild Steel, SS304, 3 mm. Location: Nagpur. Required by 16 days.",Steel Brackets,Mild Steel,SS304,3 mm,6367,units,Nagpur,16,Construction,Normal,0.01,202916.14,Medium
R00874,B1332,"Please quote for 6849 electric motors, Cast Iron, IE3, 25 HP. Location: Pune. Required by 30 days.",Electric Motors,Cast Iron,IE3,25 HP,6849,units,Pune,30,General manufacturing,Flexible,0.86,2982334.99,High
R00875,B0900,"Please quote for 6733 ball valves, Stainless Steel, CS, 1 inch. Location: Kolkata. Required by 33 days.",Ball Valves,Stainless Steel,CS,1 inch,6733,units,Kolkata,33,Automotive,Flexible,0.37,3012195.48,Medium
R00876,B0910,"Need 6676 industrial pumps for industrial plant, Stainless Steel CI, 20 HP. Delivery required in Nashik within 27 days. Please share quotation.",Industrial Pumps,Stainless Steel,CI,20 HP,6676,units,Nashik,27,Industrial plant,Flexible,0.67,2722410.06,High
R00877,B1106,"Please quote for 5878 ball valves, Stainless Steel, SS316, 1 inch. Location: Mumbai. Required by 11 days.",Ball Valves,Stainless Steel,SS316,1 inch,5878,units,Mumbai,11,OEM project,Normal,0.92,209206.08,Medium
R00878,B0047,"Looking for 3175 units of Aluminium electric motors (IE2), size 5 HP, for our industrial plant plant in Delhi. Need delivery in 6 days.",Electric Motors,Aluminium,IE2,5 HP,3175,units,Delhi,6,Industrial plant,Urgent,0.81,490102.63,High
R00879,B0803,"Looking for 11615 units of Cast Iron industrial pumps (CI), size 10 HP, for our general manufacturing plant in Delhi. Need delivery in 3 days.",Industrial Pumps,Cast Iron,CI,10 HP,11615,units,Delhi,3,General manufacturing,Urgent,0.78,2672264.13,High
R00880,B1139,"Looking for 5650 units of Aluminium electric motors (IE2), size 25 HP, for our automotive plant in Delhi. Need delivery in 33 days.",Electric Motors,Aluminium,IE2,25 HP,5650,units,Delhi,33,Automotive,Flexible,0.29,801328.4,Medium
R00881,B0294,"Please quote for 1927 sheet metal parts, Stainless Steel, MS, 2 mm. Location: Nagpur. Required by 43 days.",Sheet Metal Parts,Stainless Steel,MS,2 mm,1927,units,Nagpur,43,OEM project,Flexible,0.8,929355.6,Medium
R00882,B1128,"Please quote for 4979 hydraulic cylinders, Steel, SS304, 100 mm. Location: Nashik. Required by 26 days.",Hydraulic Cylinders,Steel,SS304,100 mm,4979,units,Nashik,26,Construction,Flexible,0.64,2372863.72,Medium
R00883,B0985,"Need 2976 sheet metal parts for oem project, Stainless Steel MS, 10 mm. Delivery required in Pune within 17 days. Please share quotation.",Sheet Metal Parts,Stainless Steel,MS,10 mm,2976,units,Pune,17,OEM project,Normal,0.9,166885.63,Medium
R00884,B0992,"Need 6814 ball valves for oem project, Carbon Steel CS, 2 inch. Delivery required in Delhi within 40 days. Please share quotation.",Ball Valves,Carbon Steel,CS,2 inch,6814,units,Delhi,40,OEM project,Flexible,0.92,1851718.58,Medium
R00885,B1366,"Please quote for 2600 sheet metal parts, Mild Steel, MS, 5 mm. Location: Ahmedabad. Required by 39 days.",Sheet Metal Parts,Mild Steel,MS,5 mm,2600,units,Ahmedabad,39,Construction,Flexible,0.39,643414.04,Medium
R00886,B1437,"Need 3861 electric motors for oem project, Aluminium IE3, 5 HP. Delivery required in Delhi within 14 days. Please share quotation.",Electric Motors,Aluminium,IE3,5 HP,3861,units,Delhi,14,OEM project,Normal,0.18,678018.89,Medium
R00887,B1482,"Looking for 1319 units of Stainless Steel sheet metal parts (SS304), size 10 mm, for our industrial plant plant in Nashik. Need delivery in 4 days.",Sheet Metal Parts,Stainless Steel,SS304,10 mm,1319,units,Nashik,4,Industrial plant,Urgent,0.36,28675.98,Medium
R00888,B0552,"Looking for 4532 units of Stainless Steel hydraulic cylinders (MS), size 100 mm, for our oem project plant in Kolkata. Need delivery in 34 days.",Hydraulic Cylinders,Stainless Steel,MS,100 mm,4532,units,Kolkata,34,OEM project,Flexible,0.42,1979817.78,Medium
R00889,B1478,"Looking for 5844 units of Stainless Steel sheet metal parts (MS), size 2 mm, for our oem project plant in Nashik. Need delivery in 28 days.",Sheet Metal Parts,Stainless Steel,MS,2 mm,5844,units,Nashik,28,OEM project,Flexible,0.06,761529.66,Medium
R00890,B0815,"Please quote for 239 hydraulic cylinders, Stainless Steel, MS, 50 mm. Location: Nagpur. Required by 26 days.",Hydraulic Cylinders,Stainless Steel,MS,50 mm,239,units,Nagpur,26,OEM project,Flexible,0.71,68494.42,Low
R00891,B1360,"Please quote for 4273 industrial pumps, Cast Iron, SS304, 5 HP. Location: Bengaluru. Required by 31 days.",Industrial Pumps,Cast Iron,SS304,5 HP,4273,units,Bengaluru,31,OEM project,Flexible,0.34,634915.36,Medium
R00892,B0271,"Need 5999 ball valves for oem project, Carbon Steel SS304, 1 inch. Delivery required in Pune within 9 days. Please share quotation.",Ball Valves,Carbon Steel,SS304,1 inch,5999,units,Pune,9,OEM project,Urgent,0.62,1511903.43,High
R00893,B1158,"Looking for 1972 units of Steel hydraulic cylinders (MS), size 50 mm, for our oem project plant in Kolkata. Need delivery in 12 days.",Hydraulic Cylinders,Steel,MS,50 mm,1972,units,Kolkata,12,OEM project,Normal,0.84,706795.06,Medium
R00894,B0762,"Looking for 5598 units of Aluminium electric motors (IE3), size 25 HP, for our oem project plant in Kolkata. Need delivery in 13 days.",Electric Motors,Aluminium,IE3,25 HP,5598,units,Kolkata,13,OEM project,Normal,0.81,1809182.63,High
R00895,B0942,"Looking for 10602 units of Carbon Steel ball valves (SS304), size 3 inch, for our construction plant in Chennai. Need delivery in 8 days.",Ball Valves,Carbon Steel,SS304,3 inch,10602,units,Chennai,8,Construction,Urgent,0.7,2586780.42,High
R00896,B1118,"Need 9216 ball valves for oem project, Carbon Steel SS304, 2 inch. Delivery required in Chennai within 18 days. Please share quotation.",Ball Valves,Carbon Steel,SS304,2 inch,9216,units,Chennai,18,OEM project,Normal,0.69,537013.09,High
R00897,B0609,"Need 7385 steel brackets for general manufacturing, Mild Steel MS, 8 mm. Delivery required in Delhi within 44 days. Please share quotation.",Steel Brackets,Mild Steel,MS,8 mm,7385,units,Delhi,44,General manufacturing,Flexible,0.64,2811603.72,Medium
R00898,B0832,"Please quote for 7596 conveyor belts, PU, Food Grade, 1000 mm. Location: Kolkata. Required by 34 days.",Conveyor Belts,PU,Food Grade,1000 mm,7596,units,Kolkata,34,Industrial plant,Flexible,0.85,554146.95,Medium
R00899,B0965,"Please quote for 9381 conveyor belts, Rubber, Grade A, 1000 mm. Location: Pune. Required by 17 days.",Conveyor Belts,Rubber,Grade A,1000 mm,9381,units,Pune,17,Construction,Normal,0.86,752105.8,High
R00900,B0262,"Looking for 9319 units of Stainless Steel industrial pumps (CI), size 5 HP, for our oem project plant in Ahmedabad. Need delivery in 3 days.",Industrial Pumps,Stainless Steel,CI,5 HP,9319,units,Ahmedabad,3,OEM project,Urgent,0.88,2324004.67,High
R00901,B1220,"Need 6016 gearboxes for industrial plant, Steel Helical, 2 HP. Delivery required in Ahmedabad within 41 days. Please share quotation.",Gearboxes,Steel,Helical,2 HP,6016,units,Ahmedabad,41,Industrial plant,Flexible,0.72,787168.72,Medium
R00902,B0374,"Looking for 5460 units of Aluminium electric motors (IE2), size 25 HP, for our industrial plant plant in Nashik. Need delivery in 32 days.",Electric Motors,Aluminium,IE2,25 HP,5460,units,Nashik,32,Industrial plant,Flexible,0.31,592335.76,Medium
R00903,B0457,"Need 6919 ball valves for automotive, Carbon Steel SS316, 2 inch. Delivery required in Nagpur within 3 days. Please share quotation.",Ball Valves,Carbon Steel,SS316,2 inch,6919,units,Nagpur,3,Automotive,Urgent,0.98,2165513.37,High
R00904,B0855,"Please quote for 2607 electric motors, Cast Iron, IE3, 5 HP. Location: Nagpur. Required by 37 days.",Electric Motors,Cast Iron,IE3,5 HP,2607,units,Nagpur,37,Industrial plant,Flexible,0.42,456381.75,Low
R00905,B1493,"Need 4102 sheet metal parts for industrial plant, Stainless Steel MS, 5 mm. Delivery required in Nagpur within 4 days. Please share quotation.",Sheet Metal Parts,Stainless Steel,MS,5 mm,4102,units,Nagpur,4,Industrial plant,Urgent,0.4,675080.64,High
R00906,B0929,"Looking for 2367 units of Stainless Steel industrial pumps (CI), size 5 HP, for our automotive plant in Nagpur. Need delivery in 39 days.",Industrial Pumps,Stainless Steel,CI,5 HP,2367,units,Nagpur,39,Automotive,Flexible,0.07,538529.19,Medium
R00907,B0361,"Please quote for 8265 electric motors, Cast Iron, IE2, 10 HP. Location: Chennai. Required by 18 days.",Electric Motors,Cast Iron,IE2,10 HP,8265,units,Chennai,18,Construction,Normal,0.25,3819396.38,Medium
R00908,B1274,"Need 11576 gearboxes for general manufacturing, Steel Helical, 10 HP. Delivery required in Pune within 30 days. Please share quotation.",Gearboxes,Steel,Helical,10 HP,11576,units,Pune,30,General manufacturing,Flexible,0.31,3403738.54,Medium
R00909,B0961,"Please quote for 5254 conveyor belts, PU, Grade A, 800 mm. Location: Delhi. Required by 45 days.",Conveyor Belts,PU,Grade A,800 mm,5254,units,Delhi,45,OEM project,Flexible,0.69,545199.12,Medium
R00910,B1392,"Need 8391 hydraulic cylinders for industrial plant, Stainless Steel MS, 50 mm. Delivery required in Mumbai within 17 days. Please share quotation.",Hydraulic Cylinders,Stainless Steel,MS,50 mm,8391,units,Mumbai,17,Industrial plant,Normal,0.05,1168908.37,Medium
R00911,B1464,"Looking for 2948 units of PU conveyor belts (Food Grade), size 500 mm, for our general manufacturing plant in Nashik. Need delivery in 21 days.",Conveyor Belts,PU,Food Grade,500 mm,2948,units,Nashik,21,General manufacturing,Normal,0.16,588621.08,Medium
R00912,B0999,"Please quote for 5331 conveyor belts, Rubber, Food Grade, 500 mm. Location: Mumbai. Required by 28 days.",Conveyor Belts,Rubber,Food Grade,500 mm,5331,units,Mumbai,28,Automotive,Flexible,0.09,2201968.03,Medium
R00913,B0613,"Looking for 9649 units of Stainless Steel hydraulic cylinders (SS304), size 50 mm, for our automotive plant in Ahmedabad. Need delivery in 43 days.",Hydraulic Cylinders,Stainless Steel,SS304,50 mm,9649,units,Ahmedabad,43,Automotive,Flexible,0.39,3375190.89,Medium
R00914,B0996,"Please quote for 2580 ball valves, Stainless Steel, CS, 3 inch. Location: Bengaluru. Required by 26 days.",Ball Valves,Stainless Steel,CS,3 inch,2580,units,Bengaluru,26,Automotive,Flexible,0.08,95678.77,Low
R00915,B1461,"Looking for 369 units of Stainless Steel ball valves (CS), size 2 inch, for our construction plant in Bengaluru. Need delivery in 17 days.",Ball Valves,Stainless Steel,CS,2 inch,369,units,Bengaluru,17,Construction,Normal,0.11,19491.76,Low
R00916,B0839,"Need 2006 sheet metal parts for industrial plant, Stainless Steel SS304, 5 mm. Delivery required in Hyderabad within 30 days. Please share quotation.",Sheet Metal Parts,Stainless Steel,SS304,5 mm,2006,units,Hyderabad,30,Industrial plant,Flexible,0.02,984379.42,Medium
R00917,B0002,"Looking for 1239 units of Cast Iron gearboxes (Worm), size 2 HP, for our construction plant in Kolkata. Need delivery in 45 days.",Gearboxes,Cast Iron,Worm,2 HP,1239,units,Kolkata,45,Construction,Flexible,0.44,102940.07,Low
R00918,B0861,"Please quote for 2540 ball valves, Carbon Steel, SS304, 2 inch. Location: Pune. Required by 23 days.",Ball Valves,Carbon Steel,SS304,2 inch,2540,units,Pune,23,OEM project,Normal,0.45,864792.33,Medium
R00919,B0583,"Looking for 3555 units of Carbon Steel ball valves (SS304), size 3 inch, for our oem project plant in Hyderabad. Need delivery in 4 days.",Ball Valves,Carbon Steel,SS304,3 inch,3555,units,Hyderabad,4,OEM project,Urgent,0.73,146405.69,High
R00920,B0801,"Please quote for 7975 industrial pumps, Stainless Steel, CI, 5 HP. Location: Kolkata. Required by 36 days.",Industrial Pumps,Stainless Steel,CI,5 HP,7975,units,Kolkata,36,OEM project,Flexible,0.11,1235350.17,Medium
R00921,B0094,"Looking for 7771 units of Rubber conveyor belts (Food Grade), size 1000 mm, for our automotive plant in Kolkata. Need delivery in 25 days.",Conveyor Belts,Rubber,Food Grade,1000 mm,7771,units,Kolkata,25,Automotive,Normal,0.63,3627989.05,Medium
R00922,B1000,"Need 8806 gearboxes for general manufacturing, Steel Worm, 10 HP. Delivery required in Nashik within 27 days. Please share quotation.",Gearboxes,Steel,Worm,10 HP,8806,units,Nashik,27,General manufacturing,Flexible,0.82,835861.59,High
R00923,B1484,"Please quote for 10379 ball valves, Carbon Steel, SS316, 1 inch. Location: Delhi. Required by 32 days.",Ball Valves,Carbon Steel,SS316,1 inch,10379,units,Delhi,32,Industrial plant,Flexible,0.78,1319923.81,Medium
R00924,B0582,"Please quote for 7285 conveyor belts, Rubber, Food Grade, 1000 mm. Location: Kolkata. Required by 41 days.",Conveyor Belts,Rubber,Food Grade,1000 mm,7285,units,Kolkata,41,OEM project,Flexible,0.55,1038444.38,Medium
R00925,B0921,"Looking for 6369 units of Steel gearboxes (Helical), size 5 HP, for our oem project plant in Chennai. Need delivery in 19 days.",Gearboxes,Steel,Helical,5 HP,6369,units,Chennai,19,OEM project,Normal,0.07,2338343.45,Medium
R00926,B0425,"Looking for 6982 units of Stainless Steel hydraulic cylinders (MS), size 50 mm, for our general manufacturing plant in Ahmedabad. Need delivery in 25 days.",Hydraulic Cylinders,Stainless Steel,MS,50 mm,6982,units,Ahmedabad,25,General manufacturing,Normal,0.25,2891196.39,Medium
R00927,B0709,"Looking for 7210 units of Stainless Steel ball valves (CS), size 3 inch, for our industrial plant plant in Delhi. Need delivery in 40 days.",Ball Valves,Stainless Steel,CS,3 inch,7210,units,Delhi,40,Industrial plant,Flexible,0.33,3033602.76,Medium
R00928,B0222,"Please quote for 7832 conveyor belts, Rubber, Food Grade, 1000 mm. Location: Chennai. Required by 18 days.",Conveyor Belts,Rubber,Food Grade,1000 mm,7832,units,Chennai,18,Automotive,Normal,0.78,2251391.14,High
R00929,B0768,"Looking for 8990 units of Cast Iron gearboxes (Worm), size 5 HP, for our automotive plant in Chennai. Need delivery in 12 days.",Gearboxes,Cast Iron,Worm,5 HP,8990,units,Chennai,12,Automotive,Normal,0.34,777436.7,High
R00930,B1016,"Looking for 9684 units of Stainless Steel industrial pumps (SS316), size 10 HP, for our automotive plant in Pune. Need delivery in 35 days.",Industrial Pumps,Stainless Steel,SS316,10 HP,9684,units,Pune,35,Automotive,Flexible,0.63,1164160.21,Medium
R00931,B0451,"Please quote for 6205 conveyor belts, PU, Grade A, 800 mm. Location: Mumbai. Required by 28 days.",Conveyor Belts,PU,Grade A,800 mm,6205,units,Mumbai,28,Industrial plant,Flexible,0.06,864919.34,Medium
R00932,B1463,"Looking for 5146 units of Stainless Steel industrial pumps (SS316), size 5 HP, for our construction plant in Nashik. Need delivery in 42 days.",Industrial Pumps,Stainless Steel,SS316,5 HP,5146,units,Nashik,42,Construction,Flexible,0.11,1811330.89,Medium
R00933,B0774,"Need 6368 gearboxes for oem project, Steel Worm, 5 HP. Delivery required in Nashik within 35 days. Please share quotation.",Gearboxes,Steel,Worm,5 HP,6368,units,Nashik,35,OEM project,Flexible,0.15,1978569.51,Medium
R00934,B0080,"Looking for 6642 units of Mild Steel steel brackets (MS), size 8 mm, for our industrial plant plant in Pune. Need delivery in 3 days.",Steel Brackets,Mild Steel,MS,8 mm,6642,units,Pune,3,Industrial plant,Urgent,0.38,3174098.74,High
R00935,B1058,"Please quote for 5908 sheet metal parts, Stainless Steel, MS, 2 mm. Location: Mumbai. Required by 45 days.",Sheet Metal Parts,Stainless Steel,MS,2 mm,5908,units,Mumbai,45,Construction,Flexible,0.17,408235.19,Low
R00936,B1080,"Please quote for 6615 industrial pumps, Cast Iron, SS304, 10 HP. Location: Hyderabad. Required by 5 days.",Industrial Pumps,Cast Iron,SS304,10 HP,6615,units,Hyderabad,5,OEM project,Urgent,0.29,535835.3,High
R00937,B1130,"Looking for 9143 units of Cast Iron electric motors (IE2), size 25 HP, for our general manufacturing plant in Hyderabad. Need delivery in 15 days.",Electric Motors,Cast Iron,IE2,25 HP,9143,units,Hyderabad,15,General manufacturing,Normal,0.3,1600211.13,High
R00938,B0946,"Need 4272 steel brackets for construction, Stainless Steel SS304, 3 mm. Delivery required in Kolkata within 12 days. Please share quotation.",Steel Brackets,Stainless Steel,SS304,3 mm,4272,units,Kolkata,12,Construction,Normal,0.46,229997.49,Medium
R00939,B0250,"Looking for 1227 units of Cast Iron electric motors (IE2), size 5 HP, for our automotive plant in Mumbai. Need delivery in 37 days.",Electric Motors,Cast Iron,IE2,5 HP,1227,units,Mumbai,37,Automotive,Flexible,0.79,370354.0,Low
R00940,B0255,"Need 1417 conveyor belts for general manufacturing, PU Grade A, 800 mm. Delivery required in Pune within 19 days. Please share quotation.",Conveyor Belts,PU,Grade A,800 mm,1417,units,Pune,19,General manufacturing,Normal,0.81,414576.27,Low
R00941,B0593,"Need 11104 steel brackets for construction, Mild Steel MS, 8 mm. Delivery required in Nagpur within 12 days. Please share quotation.",Steel Brackets,Mild Steel,MS,8 mm,11104,units,Nagpur,12,Construction,Normal,0.97,4363761.79,High
R00942,B0213,"Looking for 1547 units of PU conveyor belts (Grade A), size 800 mm, for our oem project plant in Delhi. Need delivery in 7 days.",Conveyor Belts,PU,Grade A,800 mm,1547,units,Delhi,7,OEM project,Urgent,0.01,448528.24,Medium
R00943,B0849,"Need 5178 hydraulic cylinders for oem project, Steel MS, 50 mm. Delivery required in Mumbai within 31 days. Please share quotation.",Hydraulic Cylinders,Steel,MS,50 mm,5178,units,Mumbai,31,OEM project,Flexible,0.57,1352066.24,Medium
R00944,B0725,"Looking for 1659 units of Aluminium electric motors (IE3), size 10 HP, for our oem project plant in Ahmedabad. Need delivery in 45 days.",Electric Motors,Aluminium,IE3,10 HP,1659,units,Ahmedabad,45,OEM project,Flexible,0.27,116448.37,Low
R00945,B0922,"Looking for 5395 units of Mild Steel sheet metal parts (MS), size 5 mm, for our construction plant in Chennai. Need delivery in 41 days.",Sheet Metal Parts,Mild Steel,MS,5 mm,5395,units,Chennai,41,Construction,Flexible,0.26,684044.86,Medium
R00946,B1291,"Looking for 9988 units of Mild Steel sheet metal parts (MS), size 2 mm, for our general manufacturing plant in Mumbai. Need delivery in 17 days.",Sheet Metal Parts,Mild Steel,MS,2 mm,9988,units,Mumbai,17,General manufacturing,Normal,0.96,1090635.88,High
R00947,B0713,"Looking for 3692 units of Stainless Steel ball valves (SS316), size 1 inch, for our general manufacturing plant in Nashik. Need delivery in 30 days.",Ball Valves,Stainless Steel,SS316,1 inch,3692,units,Nashik,30,General manufacturing,Flexible,0.93,1060084.64,Medium
R00948,B0340,"Looking for 613 units of Cast Iron gearboxes (Helical), size 10 HP, for our oem project plant in Mumbai. Need delivery in 4 days.",Gearboxes,Cast Iron,Helical,10 HP,613,units,Mumbai,4,OEM project,Urgent,0.23,243769.63,Medium
R00949,B0776,"Please quote for 1026 industrial pumps, Cast Iron, SS316, 5 HP. Location: Ahmedabad. Required by 31 days.",Industrial Pumps,Cast Iron,SS316,5 HP,1026,units,Ahmedabad,31,Construction,Flexible,0.64,452333.35,Low
R00950,B0009,"Need 218 electric motors for automotive, Cast Iron IE2, 10 HP. Delivery required in Delhi within 28 days. Please share quotation.",Electric Motors,Cast Iron,IE2,10 HP,218,units,Delhi,28,Automotive,Flexible,0.44,87855.65,Low
R00951,B0152,"Looking for 5098 units of PU conveyor belts (Food Grade), size 1000 mm, for our industrial plant plant in Nagpur. Need delivery in 15 days.",Conveyor Belts,PU,Food Grade,1000 mm,5098,units,Nagpur,15,Industrial plant,Normal,0.11,354649.71,Medium
R00952,B0685,"Please quote for 10113 gearboxes, Cast Iron, Helical, 5 HP. Location: Pune. Required by 13 days.",Gearboxes,Cast Iron,Helical,5 HP,10113,units,Pune,13,Automotive,Normal,0.42,4134940.55,High
R00953,B0332,"Need 10924 electric motors for oem project, Aluminium IE2, 5 HP. Delivery required in Kolkata within 22 days. Please share quotation.",Electric Motors,Aluminium,IE2,5 HP,10924,units,Kolkata,22,OEM project,Normal,0.57,2179690.74,Medium
R00954,B1423,"Please quote for 3478 ball valves, Carbon Steel, CS, 1 inch. Location: Delhi. Required by 26 days.",Ball Valves,Carbon Steel,CS,1 inch,3478,units,Delhi,26,Industrial plant,Flexible,0.58,588950.66,Medium
R00955,B0444,"Please quote for 11805 gearboxes, Steel, Worm, 2 HP. Location: Hyderabad. Required by 10 days.",Gearboxes,Steel,Worm,2 HP,11805,units,Hyderabad,10,OEM project,Urgent,0.87,5871049.28,High
R00956,B1355,"Need 8135 gearboxes for oem project, Cast Iron Worm, 10 HP. Delivery required in Nashik within 15 days. Please share quotation.",Gearboxes,Cast Iron,Worm,10 HP,8135,units,Nashik,15,OEM project,Normal,0.84,1449602.94,High
R00957,B0255,"Looking for 7445 units of Mild Steel steel brackets (MS), size 8 mm, for our automotive plant in Mumbai. Need delivery in 19 days.",Steel Brackets,Mild Steel,MS,8 mm,7445,units,Mumbai,19,Automotive,Normal,0.92,866329.51,High
R00958,B1245,"Need 116 gearboxes for oem project, Steel Helical, 5 HP. Delivery required in Bengaluru within 26 days. Please share quotation.",Gearboxes,Steel,Helical,5 HP,116,units,Bengaluru,26,OEM project,Flexible,0.12,20105.86,Low
R00959,B0620,"Looking for 421 units of Carbon Steel ball valves (SS304), size 2 inch, for our oem project plant in Hyderabad. Need delivery in 40 days.",Ball Valves,Carbon Steel,SS304,2 inch,421,units,Hyderabad,40,OEM project,Flexible,0.21,61561.68,Low
R00960,B1355,"Need 10876 sheet metal parts for general manufacturing, Mild Steel MS, 5 mm. Delivery required in Bengaluru within 26 days. Please share quotation.",Sheet Metal Parts,Mild Steel,MS,5 mm,10876,units,Bengaluru,26,General manufacturing,Flexible,0.48,1456533.23,Medium
R00961,B1273,"Need 9575 ball valves for construction, Carbon Steel SS316, 3 inch. Delivery required in Nashik within 26 days. Please share quotation.",Ball Valves,Carbon Steel,SS316,3 inch,9575,units,Nashik,26,Construction,Flexible,0.39,1704811.49,Medium
R00962,B1199,"Looking for 1334 units of Stainless Steel industrial pumps (SS304), size 20 HP, for our automotive plant in Mumbai. Need delivery in 45 days.",Industrial Pumps,Stainless Steel,SS304,20 HP,1334,units,Mumbai,45,Automotive,Flexible,0.19,71766.98,Low
R00963,B1088,"Looking for 1457 units of Cast Iron electric motors (IE2), size 5 HP, for our automotive plant in Delhi. Need delivery in 3 days.",Electric Motors,Cast Iron,IE2,5 HP,1457,units,Delhi,3,Automotive,Urgent,0.67,563298.24,High
R00964,B0955,"Please quote for 2114 gearboxes, Cast Iron, Worm, 5 HP. Location: Delhi. Required by 16 days.",Gearboxes,Cast Iron,Worm,5 HP,2114,units,Delhi,16,Automotive,Normal,0.25,543338.82,Medium
R00965,B0287,"Need 6884 gearboxes for industrial plant, Steel Worm, 10 HP. Delivery required in Mumbai within 41 days. Please share quotation.",Gearboxes,Steel,Worm,10 HP,6884,units,Mumbai,41,Industrial plant,Flexible,0.41,1944978.95,Medium
R00966,B1414,"Please quote for 7895 ball valves, Carbon Steel, SS316, 1 inch. Location: Hyderabad. Required by 7 days.",Ball Valves,Carbon Steel,SS316,1 inch,7895,units,Hyderabad,7,Industrial plant,Urgent,0.44,3055341.21,High
R00967,B0302,"Need 10271 conveyor belts for automotive, PU Grade A, 800 mm. Delivery required in Nagpur within 40 days. Please share quotation.",Conveyor Belts,PU,Grade A,800 mm,10271,units,Nagpur,40,Automotive,Flexible,0.78,4329930.58,Medium
R00968,B0209,"Need 5644 ball valves for industrial plant, Stainless Steel CS, 1 inch. Delivery required in Nashik within 37 days. Please share quotation.",Ball Valves,Stainless Steel,CS,1 inch,5644,units,Nashik,37,Industrial plant,Flexible,0.38,1343400.15,Medium
R00969,B0527,"Looking for 10253 units of PU conveyor belts (Food Grade), size 1000 mm, for our industrial plant plant in Nagpur. Need delivery in 23 days.",Conveyor Belts,PU,Food Grade,1000 mm,10253,units,Nagpur,23,Industrial plant,Normal,0.3,2244870.43,Medium
R00970,B0456,"Need 11974 electric motors for oem project, Aluminium IE3, 25 HP. Delivery required in Kolkata within 30 days. Please share quotation.",Electric Motors,Aluminium,IE3,25 HP,11974,units,Kolkata,30,OEM project,Flexible,0.05,2016097.32,Medium
R00971,B1422,"Need 9226 electric motors for automotive, Aluminium IE2, 10 HP. Delivery required in Chennai within 33 days. Please share quotation.",Electric Motors,Aluminium,IE2,10 HP,9226,units,Chennai,33,Automotive,Flexible,0.77,3172921.38,Medium
R00972,B1495,"Looking for 7866 units of Cast Iron gearboxes (Worm), size 10 HP, for our industrial plant plant in Nagpur. Need delivery in 6 days.",Gearboxes,Cast Iron,Worm,10 HP,7866,units,Nagpur,6,Industrial plant,Urgent,0.95,217018.75,High
R00973,B0149,"Please quote for 6777 conveyor belts, PU, Grade A, 500 mm. Location: Nashik. Required by 28 days.",Conveyor Belts,PU,Grade A,500 mm,6777,units,Nashik,28,General manufacturing,Flexible,0.8,1790385.61,High
R00974,B1170,"Need 10165 steel brackets for general manufacturing, Mild Steel MS, 8 mm. Delivery required in Nagpur within 39 days. Please share quotation.",Steel Brackets,Mild Steel,MS,8 mm,10165,units,Nagpur,39,General manufacturing,Flexible,0.6,4677285.42,Medium
R00975,B0982,"Please quote for 1125 hydraulic cylinders, Stainless Steel, SS304, 100 mm. Location: Nagpur. Required by 44 days.",Hydraulic Cylinders,Stainless Steel,SS304,100 mm,1125,units,Nagpur,44,Industrial plant,Flexible,0.22,62184.84,Low
R00976,B0214,"Need 11660 gearboxes for industrial plant, Steel Helical, 2 HP. Delivery required in Kolkata within 30 days. Please share quotation.",Gearboxes,Steel,Helical,2 HP,11660,units,Kolkata,30,Industrial plant,Flexible,0.16,5062372.14,Medium
R00977,B1433,"Need 521 electric motors for automotive, Aluminium IE2, 5 HP. Delivery required in Pune within 37 days. Please share quotation.",Electric Motors,Aluminium,IE2,5 HP,521,units,Pune,37,Automotive,Flexible,0.58,247429.06,Low
R00978,B0171,"Need 7660 steel brackets for automotive, Mild Steel SS304, 8 mm. Delivery required in Delhi within 13 days. Please share quotation.",Steel Brackets,Mild Steel,SS304,8 mm,7660,units,Delhi,13,Automotive,Normal,0.64,2082652.26,High
R00979,B0047,"Please quote for 8945 conveyor belts, PU, Food Grade, 800 mm. Location: Bengaluru. Required by 12 days.",Conveyor Belts,PU,Food Grade,800 mm,8945,units,Bengaluru,12,Industrial plant,Normal,0.29,2107538.4,High
R00980,B0136,"Need 11191 sheet metal parts for oem project, Stainless Steel MS, 5 mm. Delivery required in Nashik within 34 days. Please share quotation.",Sheet Metal Parts,Stainless Steel,MS,5 mm,11191,units,Nashik,34,OEM project,Flexible,0.62,2348641.41,Medium
R00981,B1102,"Looking for 11233 units of Stainless Steel hydraulic cylinders (SS304), size 50 mm, for our construction plant in Pune. Need delivery in 4 days.",Hydraulic Cylinders,Stainless Steel,SS304,50 mm,11233,units,Pune,4,Construction,Urgent,0.71,1861485.57,High
R00982,B0079,"Need 11326 steel brackets for industrial plant, Mild Steel SS304, 3 mm. Delivery required in Pune within 3 days. Please share quotation.",Steel Brackets,Mild Steel,SS304,3 mm,11326,units,Pune,3,Industrial plant,Urgent,0.75,1534684.48,High
R00983,B0891,"Please quote for 4471 conveyor belts, Rubber, Grade A, 1000 mm. Location: Nashik. Required by 43 days.",Conveyor Belts,Rubber,Grade A,1000 mm,4471,units,Nashik,43,Construction,Flexible,0.14,1321947.32,Medium
R00984,B0966,"Please quote for 6514 industrial pumps, Stainless Steel, SS316, 20 HP. Location: Delhi. Required by 10 days.",Industrial Pumps,Stainless Steel,SS316,20 HP,6514,units,Delhi,10,General manufacturing,Urgent,0.68,2744681.76,High
R00985,B1189,"Looking for 4185 units of Stainless Steel industrial pumps (SS304), size 5 HP, for our construction plant in Bengaluru. Need delivery in 20 days.",Industrial Pumps,Stainless Steel,SS304,5 HP,4185,units,Bengaluru,20,Construction,Normal,0.0,869067.91,Medium
R00986,B1420,"Need 470 electric motors for automotive, Cast Iron IE3, 25 HP. Delivery required in Mumbai within 24 days. Please share quotation.",Electric Motors,Cast Iron,IE3,25 HP,470,units,Mumbai,24,Automotive,Normal,0.52,102544.41,Low
R00987,B1445,"Looking for 5896 units of Mild Steel steel brackets (SS304), size 3 mm, for our automotive plant in Pune. Need delivery in 23 days.",Steel Brackets,Mild Steel,SS304,3 mm,5896,units,Pune,23,Automotive,Normal,0.1,1739968.23,Medium
R00988,B1132,"Need 11625 conveyor belts for industrial plant, Rubber Food Grade, 500 mm. Delivery required in Bengaluru within 26 days. Please share quotation.",Conveyor Belts,Rubber,Food Grade,500 mm,11625,units,Bengaluru,26,Industrial plant,Flexible,0.32,4658462.96,Medium
R00989,B0829,"Need 5003 conveyor belts for construction, PU Food Grade, 1000 mm. Delivery required in Delhi within 25 days. Please share quotation.",Conveyor Belts,PU,Food Grade,1000 mm,5003,units,Delhi,25,Construction,Normal,0.94,835050.75,High
R00990,B0949,"Looking for 1444 units of PU conveyor belts (Grade A), size 500 mm, for our industrial plant plant in Mumbai. Need delivery in 24 days.",Conveyor Belts,PU,Grade A,500 mm,1444,units,Mumbai,24,Industrial plant,Normal,0.7,607513.2,Medium
R00991,B0735,"Please quote for 1370 steel brackets, Mild Steel, SS304, 3 mm. Location: Chennai. Required by 20 days.",Steel Brackets,Mild Steel,SS304,3 mm,1370,units,Chennai,20,OEM project,Normal,0.89,624813.78,Medium
R00992,B0673,"Please quote for 7094 industrial pumps, Cast Iron, SS304, 20 HP. Location: Mumbai. Required by 22 days.",Industrial Pumps,Cast Iron,SS304,20 HP,7094,units,Mumbai,22,Industrial plant,Normal,0.77,3401527.62,High
R00993,B0220,"Please quote for 5797 hydraulic cylinders, Steel, MS, 100 mm. Location: Nagpur. Required by 29 days.",Hydraulic Cylinders,Steel,MS,100 mm,5797,units,Nagpur,29,General manufacturing,Flexible,0.19,2488321.93,Medium
R00994,B1399,"Need 5024 sheet metal parts for general manufacturing, Mild Steel MS, 10 mm. Delivery required in Bengaluru within 32 days. Please share quotation.",Sheet Metal Parts,Mild Steel,MS,10 mm,5024,units,Bengaluru,32,General manufacturing,Flexible,0.09,1950246.78,Medium
R00995,B0421,"Need 9366 gearboxes for automotive, Cast Iron Worm, 10 HP. Delivery required in Chennai within 5 days. Please share quotation.",Gearboxes,Cast Iron,Worm,10 HP,9366,units,Chennai,5,Automotive,Urgent,0.38,1003439.08,High
R00996,B1058,"Please quote for 3227 gearboxes, Cast Iron, Helical, 10 HP. Location: Ahmedabad. Required by 32 days.",Gearboxes,Cast Iron,Helical,10 HP,3227,units,Ahmedabad,32,General manufacturing,Flexible,0.62,1049089.68,Medium
R00997,B1218,"Need 6416 conveyor belts for industrial plant, Rubber Food Grade, 800 mm. Delivery required in Mumbai within 10 days. Please share quotation.",Conveyor Belts,Rubber,Food Grade,800 mm,6416,units,Mumbai,10,Industrial plant,Urgent,0.47,1603992.94,High
R00998,B0749,"Please quote for 3481 hydraulic cylinders, Stainless Steel, MS, 50 mm. Location: Kolkata. Required by 34 days.",Hydraulic Cylinders,Stainless Steel,MS,50 mm,3481,units,Kolkata,34,OEM project,Flexible,0.64,312789.52,Low
R00999,B0964,"Need 9447 gearboxes for industrial plant, Cast Iron Worm, 2 HP. Delivery required in Chennai within 28 days. Please share quotation.",Gearboxes,Cast Iron,Worm,2 HP,9447,units,Chennai,28,Industrial plant,Flexible,0.5,3113957.37,Medium
R01000,B0349,"Please quote for 7598 electric motors, Cast Iron, IE3, 10 HP. Location: Ahmedabad. Required by 22 days.",Electric Motors,Cast Iron,IE3,10 HP,7598,units,Ahmedabad,22,Construction,Normal,0.43,2272824.63,Medium
R01001,B0531,"Need 3825 gearboxes for construction, Steel Worm, 10 HP. Delivery required in Ahmedabad within 31 days. Please share quotation.",Gearboxes,Steel,Worm,10 HP,3825,units,Ahmedabad,31,Construction,Flexible,0.34,1796249.55,Medium
R01002,B1377,"Looking for 9948 units of PU conveyor belts (Grade A), size 800 mm, for our construction plant in Nagpur. Need delivery in 30 days.",Conveyor Belts,PU,Grade A,800 mm,9948,units,Nagpur,30,Construction,Flexible,0.33,1263642.7,Medium
R01003,B1336,"Please quote for 5089 ball valves, Carbon Steel, SS316, 3 inch. Location: Delhi. Required by 22 days.",Ball Valves,Carbon Steel,SS316,3 inch,5089,units,Delhi,22,Automotive,Normal,0.1,2534921.35,Medium
R01004,B1196,"Need 11260 sheet metal parts for automotive, Stainless Steel SS304, 2 mm. Delivery required in Delhi within 23 days. Please share quotation.",Sheet Metal Parts,Stainless Steel,SS304,2 mm,11260,units,Delhi,23,Automotive,Normal,0.15,1402970.81,Medium
R01005,B0089,"Please quote for 3891 conveyor belts, PU, Food Grade, 500 mm. Location: Delhi. Required by 29 days.",Conveyor Belts,PU,Food Grade,500 mm,3891,units,Delhi,29,OEM project,Flexible,0.19,699814.71,Medium
R01006,B0584,"Please quote for 5181 ball valves, Stainless Steel, CS, 2 inch. Location: Delhi. Required by 13 days.",Ball Valves,Stainless Steel,CS,2 inch,5181,units,Delhi,13,General manufacturing,Normal,0.45,2115162.83,High
R01007,B0069,"Please quote for 2116 electric motors, Aluminium, IE2, 5 HP. Location: Delhi. Required by 20 days.",Electric Motors,Aluminium,IE2,5 HP,2116,units,Delhi,20,General manufacturing,Normal,0.24,377229.54,Low
R01008,B0857,"Looking for 11404 units of Stainless Steel hydraulic cylinders (SS304), size 100 mm, for our industrial plant plant in Chennai. Need delivery in 5 days.",Hydraulic Cylinders,Stainless Steel,SS304,100 mm,11404,units,Chennai,5,Industrial plant,Urgent,0.27,631195.36,High
R01009,B0303,"Looking for 1841 units of Stainless Steel hydraulic cylinders (SS304), size 100 mm, for our oem project plant in Nashik. Need delivery in 9 days.",Hydraulic Cylinders,Stainless Steel,SS304,100 mm,1841,units,Nashik,9,OEM project,Urgent,0.68,882105.77,High
R01010,B1344,"Please quote for 7189 industrial pumps, Cast Iron, SS316, 5 HP. Location: Hyderabad. Required by 9 days.",Industrial Pumps,Cast Iron,SS316,5 HP,7189,units,Hyderabad,9,Industrial plant,Urgent,0.63,2383667.93,High
R01011,B0697,"Please quote for 6888 hydraulic cylinders, Stainless Steel, SS304, 100 mm. Location: Kolkata. Required by 25 days.",Hydraulic Cylinders,Stainless Steel,SS304,100 mm,6888,units,Kolkata,25,Industrial plant,Normal,0.33,1208459.48,Medium
R01012,B0444,"Need 5473 steel brackets for general manufacturing, Mild Steel SS304, 8 mm. Delivery required in Hyderabad within 3 days. Please share quotation.",Steel Brackets,Mild Steel,SS304,8 mm,5473,units,Hyderabad,3,General manufacturing,Urgent,0.65,1875262.29,High
R01013,B0501,"Looking for 11868 units of Stainless Steel sheet metal parts (MS), size 10 mm, for our construction plant in Nagpur. Need delivery in 6 days.",Sheet Metal Parts,Stainless Steel,MS,10 mm,11868,units,Nagpur,6,Construction,Urgent,0.57,1251038.46,High
R01014,B0214,"Looking for 11253 units of Mild Steel steel brackets (SS304), size 3 mm, for our automotive plant in Nashik. Need delivery in 12 days.",Steel Brackets,Mild Steel,SS304,3 mm,11253,units,Nashik,12,Automotive,Normal,0.77,351258.05,Medium
R01015,B0634,"Please quote for 409 industrial pumps, Cast Iron, CI, 10 HP. Location: Mumbai. Required by 24 days.",Industrial Pumps,Cast Iron,CI,10 HP,409,units,Mumbai,24,Automotive,Normal,0.03,49168.69,Low
R01016,B1205,"Please quote for 6285 gearboxes, Steel, Helical, 2 HP. Location: Nashik. Required by 7 days.",Gearboxes,Steel,Helical,2 HP,6285,units,Nashik,7,OEM project,Urgent,0.64,2593133.43,High
R01017,B0355,"Looking for 10649 units of Stainless Steel ball valves (CS), size 2 inch, for our automotive plant in Nagpur. Need delivery in 12 days.",Ball Valves,Stainless Steel,CS,2 inch,10649,units,Nagpur,12,Automotive,Normal,0.04,647662.04,High
R01018,B0664,"Looking for 3840 units of Stainless Steel industrial pumps (SS304), size 20 HP, for our construction plant in Chennai. Need delivery in 31 days.",Industrial Pumps,Stainless Steel,SS304,20 HP,3840,units,Chennai,31,Construction,Flexible,0.74,1220399.67,Medium
R01019,B0163,"Need 6577 sheet metal parts for industrial plant, Mild Steel MS, 2 mm. Delivery required in Delhi within 12 days. Please share quotation.",Sheet Metal Parts,Mild Steel,MS,2 mm,6577,units,Delhi,12,Industrial plant,Normal,0.42,2475590.66,High
R01020,B0027,"Please quote for 11549 industrial pumps, Cast Iron, SS316, 10 HP. Location: Hyderabad. Required by 26 days.",Industrial Pumps,Cast Iron,SS316,10 HP,11549,units,Hyderabad,26,OEM project,Flexible,0.42,2953234.12,Medium
R01021,B0962,"Looking for 2569 units of Cast Iron industrial pumps (SS316), size 10 HP, for our industrial plant plant in Ahmedabad. Need delivery in 24 days.",Industrial Pumps,Cast Iron,SS316,10 HP,2569,units,Ahmedabad,24,Industrial plant,Normal,0.55,908246.55,Medium
R01022,B0889,"Need 11437 electric motors for general manufacturing, Aluminium IE3, 5 HP. Delivery required in Nagpur within 20 days. Please share quotation.",Electric Motors,Aluminium,IE3,5 HP,11437,units,Nagpur,20,General manufacturing,Normal,0.14,518916.36,Medium
R01023,B1474,"Need 6555 sheet metal parts for oem project, Mild Steel SS304, 2 mm. Delivery required in Kolkata within 6 days. Please share quotation.",Sheet Metal Parts,Mild Steel,SS304,2 mm,6555,units,Kolkata,6,OEM project,Urgent,0.71,1392975.39,High
R01024,B0686,"Looking for 459 units of Steel gearboxes (Helical), size 5 HP, for our industrial plant plant in Pune. Need delivery in 24 days.",Gearboxes,Steel,Helical,5 HP,459,units,Pune,24,Industrial plant,Normal,0.73,102649.72,Low
R01025,B0132,"Need 11324 gearboxes for construction, Cast Iron Helical, 2 HP. Delivery required in Hyderabad within 27 days. Please share quotation.",Gearboxes,Cast Iron,Helical,2 HP,11324,units,Hyderabad,27,Construction,Flexible,0.47,2225024.04,Medium
R01026,B0037,"Need 2207 conveyor belts for industrial plant, Rubber Grade A, 800 mm. Delivery required in Kolkata within 26 days. Please share quotation.",Conveyor Belts,Rubber,Grade A,800 mm,2207,units,Kolkata,26,Industrial plant,Flexible,0.58,932365.6,Medium
R01027,B0996,"Need 8577 ball valves for automotive, Carbon Steel CS, 1 inch. Delivery required in Chennai within 3 days. Please share quotation.",Ball Valves,Carbon Steel,CS,1 inch,8577,units,Chennai,3,Automotive,Urgent,0.37,2992295.54,High
R01028,B0764,"Please quote for 1715 industrial pumps, Cast Iron, SS316, 20 HP. Location: Pune. Required by 33 days.",Industrial Pumps,Cast Iron,SS316,20 HP,1715,units,Pune,33,Construction,Flexible,0.44,485390.41,Low
R01029,B0002,"Need 4831 gearboxes for automotive, Steel Helical, 10 HP. Delivery required in Hyderabad within 8 days. Please share quotation.",Gearboxes,Steel,Helical,10 HP,4831,units,Hyderabad,8,Automotive,Urgent,0.68,2018223.17,High
R01030,B0335,"Please quote for 5952 industrial pumps, Stainless Steel, SS316, 20 HP. Location: Pune. Required by 14 days.",Industrial Pumps,Stainless Steel,SS316,20 HP,5952,units,Pune,14,Automotive,Normal,0.76,1734211.05,High
R01031,B0944,"Please quote for 215 conveyor belts, Rubber, Grade A, 500 mm. Location: Nashik. Required by 42 days.",Conveyor Belts,Rubber,Grade A,500 mm,215,units,Nashik,42,General manufacturing,Flexible,0.69,32063.94,Low
R01032,B1394,"Please quote for 9768 hydraulic cylinders, Steel, SS304, 100 mm. Location: Chennai. Required by 22 days.",Hydraulic Cylinders,Steel,SS304,100 mm,9768,units,Chennai,22,Construction,Normal,0.76,3304428.18,High
R01033,B1393,"Looking for 1386 units of Aluminium electric motors (IE2), size 10 HP, for our automotive plant in Hyderabad. Need delivery in 21 days.",Electric Motors,Aluminium,IE2,10 HP,1386,units,Hyderabad,21,Automotive,Normal,0.09,53898.35,Low
R01034,B1093,"Need 3784 conveyor belts for general manufacturing, Rubber Food Grade, 1000 mm. Delivery required in Chennai within 30 days. Please share quotation.",Conveyor Belts,Rubber,Food Grade,1000 mm,3784,units,Chennai,30,General manufacturing,Flexible,0.74,888099.36,Medium
R01035,B1482,"Looking for 8153 units of Cast Iron gearboxes (Worm), size 5 HP, for our construction plant in Mumbai. Need delivery in 32 days.",Gearboxes,Cast Iron,Worm,5 HP,8153,units,Mumbai,32,Construction,Flexible,0.52,1330340.0,Medium
R01036,B0581,"Please quote for 10051 ball valves, Carbon Steel, SS316, 3 inch. Location: Pune. Required by 35 days.",Ball Valves,Carbon Steel,SS316,3 inch,10051,units,Pune,35,Automotive,Flexible,0.05,2134516.01,Medium
R01037,B0499,"Looking for 5438 units of Stainless Steel hydraulic cylinders (SS304), size 100 mm, for our oem project plant in Pune. Need delivery in 39 days.",Hydraulic Cylinders,Stainless Steel,SS304,100 mm,5438,units,Pune,39,OEM project,Flexible,0.15,1084690.55,Medium
R01038,B1388,"Looking for 1503 units of Mild Steel sheet metal parts (MS), size 2 mm, for our construction plant in Pune. Need delivery in 36 days.",Sheet Metal Parts,Mild Steel,MS,2 mm,1503,units,Pune,36,Construction,Flexible,0.9,210625.83,Low
R01039,B1482,"Please quote for 3997 hydraulic cylinders, Steel, MS, 50 mm. Location: Bengaluru. Required by 39 days.",Hydraulic Cylinders,Steel,MS,50 mm,3997,units,Bengaluru,39,General manufacturing,Flexible,0.2,1344423.7,Medium
R01040,B0018,"Looking for 2441 units of Aluminium electric motors (IE2), size 5 HP, for our industrial plant plant in Hyderabad. Need delivery in 19 days.",Electric Motors,Aluminium,IE2,5 HP,2441,units,Hyderabad,19,Industrial plant,Normal,0.85,1141326.64,Medium
R01041,B1247,"Please quote for 1690 electric motors, Aluminium, IE3, 25 HP. Location: Nagpur. Required by 12 days.",Electric Motors,Aluminium,IE3,25 HP,1690,units,Nagpur,12,Automotive,Normal,0.54,587921.77,Medium
R01042,B0517,"Please quote for 4848 sheet metal parts, Stainless Steel, SS304, 2 mm. Location: Nashik. Required by 40 days.",Sheet Metal Parts,Stainless Steel,SS304,2 mm,4848,units,Nashik,40,Industrial plant,Flexible,0.47,1371347.92,Medium
R01043,B1273,"Need 1306 steel brackets for general manufacturing, Stainless Steel MS, 5 mm. Delivery required in Chennai within 14 days. Please share quotation.",Steel Brackets,Stainless Steel,MS,5 mm,1306,units,Chennai,14,General manufacturing,Normal,0.42,528006.22,Medium
R01044,B0483,"Looking for 5437 units of Steel gearboxes (Worm), size 5 HP, for our construction plant in Ahmedabad. Need delivery in 20 days.",Gearboxes,Steel,Worm,5 HP,5437,units,Ahmedabad,20,Construction,Normal,0.0,2631010.84,Medium
R01045,B1431,"Please quote for 11345 steel brackets, Stainless Steel, MS, 3 mm. Location: Bengaluru. Required by 41 days.",Steel Brackets,Stainless Steel,MS,3 mm,11345,units,Bengaluru,41,General manufacturing,Flexible,0.21,575431.93,Medium
R01046,B1371,"Looking for 2529 units of Cast Iron gearboxes (Helical), size 2 HP, for our construction plant in Ahmedabad. Need delivery in 36 days.",Gearboxes,Cast Iron,Helical,2 HP,2529,units,Ahmedabad,36,Construction,Flexible,0.41,923105.57,Medium
R01047,B1347,"Looking for 6607 units of Carbon Steel ball valves (SS316), size 3 inch, for our industrial plant plant in Nashik. Need delivery in 11 days.",Ball Valves,Carbon Steel,SS316,3 inch,6607,units,Nashik,11,Industrial plant,Normal,0.34,1607881.53,High
R01048,B0109,"Need 1693 electric motors for industrial plant, Aluminium IE3, 5 HP. Delivery required in Hyderabad within 5 days. Please share quotation.",Electric Motors,Aluminium,IE3,5 HP,1693,units,Hyderabad,5,Industrial plant,Urgent,0.84,229927.64,Medium
R01049,B0216,"Need 6800 steel brackets for construction, Mild Steel SS304, 8 mm. Delivery required in Nashik within 21 days. Please share quotation.",Steel Brackets,Mild Steel,SS304,8 mm,6800,units,Nashik,21,Construction,Normal,0.63,2948188.73,Medium
R01050,B1428,"Looking for 3067 units of Rubber conveyor belts (Food Grade), size 1000 mm, for our oem project plant in Kolkata. Need delivery in 34 days.",Conveyor Belts,Rubber,Food Grade,1000 mm,3067,units,Kolkata,34,OEM project,Flexible,0.35,175541.73,Low
R01051,B1394,"Please quote for 5814 hydraulic cylinders, Stainless Steel, SS304, 50 mm. Location: Hyderabad. Required by 23 days.",Hydraulic Cylinders,Stainless Steel,SS304,50 mm,5814,units,Hyderabad,23,Construction,Normal,0.18,2500990.41,Medium
R01052,B0559,"Looking for 8593 units of Stainless Steel steel brackets (SS304), size 8 mm, for our general manufacturing plant in Kolkata. Need delivery in 27 days.",Steel Brackets,Stainless Steel,SS304,8 mm,8593,units,Kolkata,27,General manufacturing,Flexible,0.59,4099695.83,Medium
R01053,B1382,"Need 8746 electric motors for automotive, Aluminium IE2, 25 HP. Delivery required in Ahmedabad within 31 days. Please share quotation.",Electric Motors,Aluminium,IE2,25 HP,8746,units,Ahmedabad,31,Automotive,Flexible,0.81,1099418.2,Medium
R01054,B0907,"Please quote for 2630 sheet metal parts, Mild Steel, MS, 2 mm. Location: Pune. Required by 16 days.",Sheet Metal Parts,Mild Steel,MS,2 mm,2630,units,Pune,16,General manufacturing,Normal,0.48,212642.04,Low
R01055,B0499,"Need 11528 gearboxes for general manufacturing, Cast Iron Worm, 10 HP. Delivery required in Bengaluru within 14 days. Please share quotation.",Gearboxes,Cast Iron,Worm,10 HP,11528,units,Bengaluru,14,General manufacturing,Normal,0.01,391363.15,Medium
R01056,B1297,"Looking for 7190 units of Stainless Steel sheet metal parts (MS), size 5 mm, for our general manufacturing plant in Mumbai. Need delivery in 3 days.",Sheet Metal Parts,Stainless Steel,MS,5 mm,7190,units,Mumbai,3,General manufacturing,Urgent,0.81,1061680.42,High
R01057,B0075,"Need 6987 hydraulic cylinders for industrial plant, Stainless Steel MS, 100 mm. Delivery required in Nashik within 15 days. Please share quotation.",Hydraulic Cylinders,Stainless Steel,MS,100 mm,6987,units,Nashik,15,Industrial plant,Normal,0.25,2300623.48,High
R01058,B0260,"Need 9588 conveyor belts for automotive, PU Food Grade, 1000 mm. Delivery required in Chennai within 16 days. Please share quotation.",Conveyor Belts,PU,Food Grade,1000 mm,9588,units,Chennai,16,Automotive,Normal,0.55,3118915.17,Medium
R01059,B1488,"Please quote for 2694 sheet metal parts, Mild Steel, SS304, 10 mm. Location: Ahmedabad. Required by 5 days.",Sheet Metal Parts,Mild Steel,SS304,10 mm,2694,units,Ahmedabad,5,Industrial plant,Urgent,0.68,727863.92,High
R01060,B1196,"Looking for 1728 units of Stainless Steel sheet metal parts (MS), size 5 mm, for our general manufacturing plant in Mumbai. Need delivery in 29 days.",Sheet Metal Parts,Stainless Steel,MS,5 mm,1728,units,Mumbai,29,General manufacturing,Flexible,0.64,332897.22,Low
R01061,B0542,"Please quote for 8664 electric motors, Cast Iron, IE3, 5 HP. Location: Hyderabad. Required by 24 days.",Electric Motors,Cast Iron,IE3,5 HP,8664,units,Hyderabad,24,General manufacturing,Normal,0.67,2314601.88,High
R01062,B1095,"Looking for 11680 units of Mild Steel sheet metal parts (MS), size 2 mm, for our automotive plant in Nashik. Need delivery in 42 days.",Sheet Metal Parts,Mild Steel,MS,2 mm,11680,units,Nashik,42,Automotive,Flexible,0.92,2085363.0,Medium
R01063,B0572,"Need 6954 sheet metal parts for oem project, Mild Steel MS, 10 mm. Delivery required in Nashik within 18 days. Please share quotation.",Sheet Metal Parts,Mild Steel,MS,10 mm,6954,units,Nashik,18,OEM project,Normal,0.42,2400484.64,Medium
R01064,B0502,"Please quote for 10443 industrial pumps, Cast Iron, SS316, 5 HP. Location: Kolkata. Required by 41 days.",Industrial Pumps,Cast Iron,SS316,5 HP,10443,units,Kolkata,41,Construction,Flexible,0.51,445448.97,Low
R01065,B0657,"Please quote for 8192 ball valves, Stainless Steel, CS, 3 inch. Location: Mumbai. Required by 27 days.",Ball Valves,Stainless Steel,CS,3 inch,8192,units,Mumbai,27,Industrial plant,Flexible,0.78,2619687.52,High
R01066,B0939,"Need 297 ball valves for industrial plant, Stainless Steel CS, 3 inch. Delivery required in Mumbai within 26 days. Please share quotation.",Ball Valves,Stainless Steel,CS,3 inch,297,units,Mumbai,26,Industrial plant,Flexible,0.13,52425.59,Low
R01067,B1191,"Please quote for 7569 sheet metal parts, Stainless Steel, MS, 10 mm. Location: Mumbai. Required by 23 days.",Sheet Metal Parts,Stainless Steel,MS,10 mm,7569,units,Mumbai,23,General manufacturing,Normal,0.9,1832351.78,High
R01068,B0492,"Please quote for 5643 hydraulic cylinders, Stainless Steel, SS304, 150 mm. Location: Nagpur. Required by 39 days.",Hydraulic Cylinders,Stainless Steel,SS304,150 mm,5643,units,Nagpur,39,Construction,Flexible,0.63,2541293.71,Medium
R01069,B1413,"Looking for 4941 units of Stainless Steel steel brackets (MS), size 3 mm, for our construction plant in Kolkata. Need delivery in 26 days.",Steel Brackets,Stainless Steel,MS,3 mm,4941,units,Kolkata,26,Construction,Flexible,0.13,2333084.27,Medium
R01070,B0138,"Please quote for 10976 hydraulic cylinders, Steel, MS, 100 mm. Location: Kolkata. Required by 44 days.",Hydraulic Cylinders,Steel,MS,100 mm,10976,units,Kolkata,44,OEM project,Flexible,0.63,1870319.62,Medium
R01071,B0278,"Looking for 8071 units of Stainless Steel steel brackets (MS), size 5 mm, for our construction plant in Ahmedabad. Need delivery in 21 days.",Steel Brackets,Stainless Steel,MS,5 mm,8071,units,Ahmedabad,21,Construction,Normal,0.63,3287155.81,Medium
R01072,B0496,"Need 8423 electric motors for construction, Cast Iron IE2, 5 HP. Delivery required in Kolkata within 12 days. Please share quotation.",Electric Motors,Cast Iron,IE2,5 HP,8423,units,Kolkata,12,Construction,Normal,0.72,2930673.0,High
R01073,B0046,"Please quote for 4701 ball valves, Stainless Steel, CS, 2 inch. Location: Pune. Required by 14 days.",Ball Valves,Stainless Steel,CS,2 inch,4701,units,Pune,14,OEM project,Normal,0.25,1547160.96,Medium
R01074,B0980,"Please quote for 11790 steel brackets, Stainless Steel, SS304, 5 mm. Location: Nashik. Required by 25 days.",Steel Brackets,Stainless Steel,SS304,5 mm,11790,units,Nashik,25,General manufacturing,Normal,0.91,388087.14,Medium
R01075,B0234,"Need 2540 ball valves for general manufacturing, Stainless Steel CS, 1 inch. Delivery required in Bengaluru within 22 days. Please share quotation.",Ball Valves,Stainless Steel,CS,1 inch,2540,units,Bengaluru,22,General manufacturing,Normal,0.8,1214906.59,Medium
R01076,B0876,"Please quote for 1144 conveyor belts, PU, Food Grade, 800 mm. Location: Delhi. Required by 16 days.",Conveyor Belts,PU,Food Grade,800 mm,1144,units,Delhi,16,OEM project,Normal,0.42,512966.18,Medium
R01077,B0418,"Please quote for 2124 steel brackets, Mild Steel, SS304, 5 mm. Location: Mumbai. Required by 10 days.",Steel Brackets,Mild Steel,SS304,5 mm,2124,units,Mumbai,10,Industrial plant,Urgent,0.08,751867.63,High
R01078,B1321,"Please quote for 9720 conveyor belts, Rubber, Grade A, 800 mm. Location: Ahmedabad. Required by 38 days.",Conveyor Belts,Rubber,Grade A,800 mm,9720,units,Ahmedabad,38,Automotive,Flexible,0.71,2788744.21,Medium
R01079,B0144,"Please quote for 2605 gearboxes, Steel, Worm, 5 HP. Location: Delhi. Required by 10 days.",Gearboxes,Steel,Worm,5 HP,2605,units,Delhi,10,OEM project,Urgent,0.22,693726.44,High
R01080,B1458,"Please quote for 7266 hydraulic cylinders, Stainless Steel, MS, 50 mm. Location: Nashik. Required by 17 days.",Hydraulic Cylinders,Stainless Steel,MS,50 mm,7266,units,Nashik,17,General manufacturing,Normal,0.99,3604056.48,High
R01081,B0074,"Looking for 3586 units of Mild Steel sheet metal parts (MS), size 10 mm, for our automotive plant in Kolkata. Need delivery in 39 days.",Sheet Metal Parts,Mild Steel,MS,10 mm,3586,units,Kolkata,39,Automotive,Flexible,0.81,896443.1,Medium
R01082,B1010,"Need 3394 industrial pumps for industrial plant, Stainless Steel SS304, 20 HP. Delivery required in Nashik within 4 days. Please share quotation.",Industrial Pumps,Stainless Steel,SS304,20 HP,3394,units,Nashik,4,Industrial plant,Urgent,0.26,768169.17,High
R01083,B0312,"Need 11743 sheet metal parts for construction, Stainless Steel SS304, 2 mm. Delivery required in Chennai within 32 days. Please share quotation.",Sheet Metal Parts,Stainless Steel,SS304,2 mm,11743,units,Chennai,32,Construction,Flexible,0.08,3915691.84,Medium
R01084,B1376,"Please quote for 447 gearboxes, Cast Iron, Helical, 5 HP. Location: Delhi. Required by 45 days.",Gearboxes,Cast Iron,Helical,5 HP,447,units,Delhi,45,General manufacturing,Flexible,0.98,148902.43,Low
R01085,B0946,"Need 527 industrial pumps for oem project, Cast Iron CI, 10 HP. Delivery required in Delhi within 39 days. Please share quotation.",Industrial Pumps,Cast Iron,CI,10 HP,527,units,Delhi,39,OEM project,Flexible,0.01,111455.2,Low
R01086,B1010,"Need 11266 electric motors for industrial plant, Cast Iron IE3, 10 HP. Delivery required in Nagpur within 18 days. Please share quotation.",Electric Motors,Cast Iron,IE3,10 HP,11266,units,Nagpur,18,Industrial plant,Normal,0.74,545807.3,High
R01087,B0063,"Looking for 8137 units of Steel hydraulic cylinders (MS), size 150 mm, for our automotive plant in Mumbai. Need delivery in 20 days.",Hydraulic Cylinders,Steel,MS,150 mm,8137,units,Mumbai,20,Automotive,Normal,0.34,1327611.41,Medium
R01088,B1500,"Need 8895 sheet metal parts for industrial plant, Stainless Steel SS304, 10 mm. Delivery required in Kolkata within 38 days. Please share quotation.",Sheet Metal Parts,Stainless Steel,SS304,10 mm,8895,units,Kolkata,38,Industrial plant,Flexible,0.84,1608445.57,Medium
R01089,B0231,"Need 5345 sheet metal parts for construction, Mild Steel MS, 10 mm. Delivery required in Kolkata within 12 days. Please share quotation.",Sheet Metal Parts,Mild Steel,MS,10 mm,5345,units,Kolkata,12,Construction,Normal,0.62,918565.98,High
R01090,B1002,"Need 5112 ball valves for industrial plant, Carbon Steel SS304, 1 inch. Delivery required in Kolkata within 13 days. Please share quotation.",Ball Valves,Carbon Steel,SS304,1 inch,5112,units,Kolkata,13,Industrial plant,Normal,0.4,1446419.86,High
R01091,B0561,"Please quote for 298 conveyor belts, Rubber, Grade A, 1000 mm. Location: Pune. Required by 19 days.",Conveyor Belts,Rubber,Grade A,1000 mm,298,units,Pune,19,Industrial plant,Normal,0.43,65077.75,Low
R01092,B0346,"Please quote for 3802 sheet metal parts, Stainless Steel, MS, 5 mm. Location: Chennai. Required by 8 days.",Sheet Metal Parts,Stainless Steel,MS,5 mm,3802,units,Chennai,8,Industrial plant,Urgent,0.44,706029.32,High
R01093,B0163,"Looking for 5891 units of Cast Iron gearboxes (Helical), size 5 HP, for our automotive plant in Kolkata. Need delivery in 22 days.",Gearboxes,Cast Iron,Helical,5 HP,5891,units,Kolkata,22,Automotive,Normal,0.44,833396.4,Medium
R01094,B0064,"Need 11538 ball valves for automotive, Carbon Steel CS, 1 inch. Delivery required in Hyderabad within 7 days. Please share quotation.",Ball Valves,Carbon Steel,CS,1 inch,11538,units,Hyderabad,7,Automotive,Urgent,0.88,2372455.36,High
R01095,B0529,"Need 2746 ball valves for construction, Stainless Steel CS, 3 inch. Delivery required in Hyderabad within 4 days. Please share quotation.",Ball Valves,Stainless Steel,CS,3 inch,2746,units,Hyderabad,4,Construction,Urgent,0.74,1335233.8,High
R01096,B1295,"Please quote for 8209 conveyor belts, PU, Food Grade, 500 mm. Location: Chennai. Required by 8 days.",Conveyor Belts,PU,Food Grade,500 mm,8209,units,Chennai,8,Construction,Urgent,0.31,2830431.19,High
R01097,B0282,"Need 489 hydraulic cylinders for automotive, Stainless Steel SS304, 100 mm. Delivery required in Pune within 17 days. Please share quotation.",Hydraulic Cylinders,Stainless Steel,SS304,100 mm,489,units,Pune,17,Automotive,Normal,0.5,160829.09,Low
R01098,B0426,"Looking for 7746 units of Stainless Steel steel brackets (MS), size 8 mm, for our automotive plant in Ahmedabad. Need delivery in 11 days.",Steel Brackets,Stainless Steel,MS,8 mm,7746,units,Ahmedabad,11,Automotive,Normal,0.8,2920221.99,High
R01099,B0833,"Please quote for 5342 conveyor belts, PU, Grade A, 1000 mm. Location: Chennai. Required by 4 days.",Conveyor Belts,PU,Grade A,1000 mm,5342,units,Chennai,4,OEM project,Urgent,0.92,1577608.16,High
R01100,B0387,"Please quote for 3116 hydraulic cylinders, Steel, MS, 50 mm. Location: Hyderabad. Required by 19 days.",Hydraulic Cylinders,Steel,MS,50 mm,3116,units,Hyderabad,19,Automotive,Normal,0.96,902851.65,Medium
R01101,B0625,"Need 6900 sheet metal parts for oem project, Mild Steel MS, 10 mm. Delivery required in Nashik within 34 days. Please share quotation.",Sheet Metal Parts,Mild Steel,MS,10 mm,6900,units,Nashik,34,OEM project,Flexible,0.59,2488937.47,Medium
R01102,B0975,"Please quote for 6363 hydraulic cylinders, Stainless Steel, SS304, 150 mm. Location: Hyderabad. Required by 39 days.",Hydraulic Cylinders,Stainless Steel,SS304,150 mm,6363,units,Hyderabad,39,Construction,Flexible,0.7,2422744.64,Medium
R01103,B1472,"Need 5636 hydraulic cylinders for automotive, Stainless Steel MS, 100 mm. Delivery required in Nashik within 35 days. Please share quotation.",Hydraulic Cylinders,Stainless Steel,MS,100 mm,5636,units,Nashik,35,Automotive,Flexible,0.65,2121352.32,Medium
R01104,B0241,"Looking for 7572 units of Mild Steel sheet metal parts (SS304), size 5 mm, for our construction plant in Nagpur. Need delivery in 45 days.",Sheet Metal Parts,Mild Steel,SS304,5 mm,7572,units,Nagpur,45,Construction,Flexible,0.71,1289219.05,Medium
R01105,B0027,"Looking for 8447 units of Rubber conveyor belts (Food Grade), size 800 mm, for our automotive plant in Nagpur. Need delivery in 34 days.",Conveyor Belts,Rubber,Food Grade,800 mm,8447,units,Nagpur,34,Automotive,Flexible,0.56,535867.26,Medium
R01106,B0555,"Please quote for 10226 ball valves, Stainless Steel, CS, 3 inch. Location: Ahmedabad. Required by 43 days.",Ball Valves,Stainless Steel,CS,3 inch,10226,units,Ahmedabad,43,Construction,Flexible,0.3,1379647.63,Medium
R01107,B0414,"Please quote for 10268 electric motors, Aluminium, IE3, 5 HP. Location: Delhi. Required by 23 days.",Electric Motors,Aluminium,IE3,5 HP,10268,units,Delhi,23,Construction,Normal,0.21,4601399.31,Medium
R01108,B0668,"Looking for 10807 units of Mild Steel steel brackets (MS), size 5 mm, for our oem project plant in Chennai. Need delivery in 39 days.",Steel Brackets,Mild Steel,MS,5 mm,10807,units,Chennai,39,OEM project,Flexible,0.27,2366591.23,Medium
R01109,B0960,"Need 5617 sheet metal parts for industrial plant, Stainless Steel MS, 2 mm. Delivery required in Kolkata within 38 days. Please share quotation.",Sheet Metal Parts,Stainless Steel,MS,2 mm,5617,units,Kolkata,38,Industrial plant,Flexible,0.68,1526977.08,Medium
R01110,B0522,"Looking for 11942 units of Aluminium electric motors (IE2), size 10 HP, for our automotive plant in Nagpur. Need delivery in 10 days.",Electric Motors,Aluminium,IE2,10 HP,11942,units,Nagpur,10,Automotive,Urgent,0.71,2539320.62,High
R01111,B1003,"Need 3970 ball valves for general manufacturing, Stainless Steel CS, 3 inch. Delivery required in Pune within 39 days. Please share quotation.",Ball Valves,Stainless Steel,CS,3 inch,3970,units,Pune,39,General manufacturing,Flexible,0.96,654841.0,Medium
R01112,B0961,"Please quote for 11842 hydraulic cylinders, Steel, MS, 100 mm. Location: Chennai. Required by 21 days.",Hydraulic Cylinders,Steel,MS,100 mm,11842,units,Chennai,21,OEM project,Normal,0.56,263736.67,Medium
R01113,B1128,"Need 2847 ball valves for industrial plant, Stainless Steel SS316, 1 inch. Delivery required in Bengaluru within 9 days. Please share quotation.",Ball Valves,Stainless Steel,SS316,1 inch,2847,units,Bengaluru,9,Industrial plant,Urgent,0.75,1188878.49,High
R01114,B1125,"Need 6722 gearboxes for automotive, Steel Helical, 10 HP. Delivery required in Hyderabad within 29 days. Please share quotation.",Gearboxes,Steel,Helical,10 HP,6722,units,Hyderabad,29,Automotive,Flexible,0.83,2856325.94,High
R01115,B0387,"Please quote for 5057 hydraulic cylinders, Stainless Steel, MS, 100 mm. Location: Hyderabad. Required by 45 days.",Hydraulic Cylinders,Stainless Steel,MS,100 mm,5057,units,Hyderabad,45,OEM project,Flexible,0.99,2113684.97,Medium
R01116,B1462,"Please quote for 784 sheet metal parts, Mild Steel, MS, 5 mm. Location: Delhi. Required by 34 days.",Sheet Metal Parts,Mild Steel,MS,5 mm,784,units,Delhi,34,OEM project,Flexible,0.76,291588.47,Low
R01117,B1417,"Looking for 11592 units of Rubber conveyor belts (Grade A), size 800 mm, for our oem project plant in Pune. Need delivery in 39 days.",Conveyor Belts,Rubber,Grade A,800 mm,11592,units,Pune,39,OEM project,Flexible,0.49,3973106.25,Medium
R01118,B0697,"Looking for 2903 units of Cast Iron electric motors (IE3), size 25 HP, for our construction plant in Nagpur. Need delivery in 29 days.",Electric Motors,Cast Iron,IE3,25 HP,2903,units,Nagpur,29,Construction,Flexible,0.32,1261270.34,Medium
R01119,B1021,"Looking for 5925 units of Mild Steel steel brackets (MS), size 5 mm, for our oem project plant in Ahmedabad. Need delivery in 8 days.",Steel Brackets,Mild Steel,MS,5 mm,5925,units,Ahmedabad,8,OEM project,Urgent,0.58,1785024.85,High
R01120,B0463,"Need 5489 industrial pumps for automotive, Stainless Steel SS304, 10 HP. Delivery required in Nashik within 12 days. Please share quotation.",Industrial Pumps,Stainless Steel,SS304,10 HP,5489,units,Nashik,12,Automotive,Normal,0.22,2722619.71,High
R01121,B0946,"Looking for 6102 units of Steel gearboxes (Worm), size 2 HP, for our industrial plant plant in Chennai. Need delivery in 17 days.",Gearboxes,Steel,Worm,2 HP,6102,units,Chennai,17,Industrial plant,Normal,0.78,3048348.42,High
R01122,B0754,"Need 1437 industrial pumps for construction, Cast Iron SS304, 10 HP. Delivery required in Hyderabad within 35 days. Please share quotation.",Industrial Pumps,Cast Iron,SS304,10 HP,1437,units,Hyderabad,35,Construction,Flexible,0.13,542357.12,Low
R01123,B0279,"Looking for 11818 units of PU conveyor belts (Grade A), size 500 mm, for our general manufacturing plant in Bengaluru. Need delivery in 16 days.",Conveyor Belts,PU,Grade A,500 mm,11818,units,Bengaluru,16,General manufacturing,Normal,0.43,1421181.76,Medium
R01124,B0449,"Looking for 8749 units of PU conveyor belts (Grade A), size 500 mm, for our industrial plant plant in Bengaluru. Need delivery in 28 days.",Conveyor Belts,PU,Grade A,500 mm,8749,units,Bengaluru,28,Industrial plant,Flexible,0.67,762126.85,High
R01125,B1113,"Please quote for 599 steel brackets, Mild Steel, SS304, 3 mm. Location: Delhi. Required by 17 days.",Steel Brackets,Mild Steel,SS304,3 mm,599,units,Delhi,17,General manufacturing,Normal,0.58,27277.97,Low
R01126,B1295,"Please quote for 3369 steel brackets, Stainless Steel, MS, 3 mm. Location: Chennai. Required by 3 days.",Steel Brackets,Stainless Steel,MS,3 mm,3369,units,Chennai,3,Construction,Urgent,0.54,1171549.23,High
R01127,B0952,"Need 10417 conveyor belts for construction, PU Food Grade, 800 mm. Delivery required in Mumbai within 11 days. Please share quotation.",Conveyor Belts,PU,Food Grade,800 mm,10417,units,Mumbai,11,Construction,Normal,0.44,271548.59,Medium
R01128,B1446,"Looking for 9381 units of Steel hydraulic cylinders (SS304), size 100 mm, for our automotive plant in Hyderabad. Need delivery in 37 days.",Hydraulic Cylinders,Steel,SS304,100 mm,9381,units,Hyderabad,37,Automotive,Flexible,0.31,1851565.15,Medium
R01129,B1461,"Need 10926 steel brackets for general manufacturing, Stainless Steel MS, 5 mm. Delivery required in Kolkata within 17 days. Please share quotation.",Steel Brackets,Stainless Steel,MS,5 mm,10926,units,Kolkata,17,General manufacturing,Normal,0.63,1913582.26,Medium
R01130,B1302,"Please quote for 8692 sheet metal parts, Mild Steel, SS304, 10 mm. Location: Bengaluru. Required by 42 days.",Sheet Metal Parts,Mild Steel,SS304,10 mm,8692,units,Bengaluru,42,Industrial plant,Flexible,0.04,2493947.61,Medium
R01131,B1381,"Looking for 3480 units of Stainless Steel sheet metal parts (MS), size 10 mm, for our automotive plant in Mumbai. Need delivery in 26 days.",Sheet Metal Parts,Stainless Steel,MS,10 mm,3480,units,Mumbai,26,Automotive,Flexible,0.96,1335029.76,Medium
R01132,B1375,"Need 5453 hydraulic cylinders for general manufacturing, Steel MS, 50 mm. Delivery required in Pune within 28 days. Please share quotation.",Hydraulic Cylinders,Steel,MS,50 mm,5453,units,Pune,28,General manufacturing,Flexible,0.4,1168563.82,Medium
R01133,B1146,"Please quote for 6861 sheet metal parts, Mild Steel, SS304, 5 mm. Location: Chennai. Required by 8 days.",Sheet Metal Parts,Mild Steel,SS304,5 mm,6861,units,Chennai,8,Construction,Urgent,0.36,949386.07,High
R01134,B1160,"Looking for 5507 units of Stainless Steel ball valves (SS304), size 3 inch, for our industrial plant plant in Nashik. Need delivery in 22 days.",Ball Valves,Stainless Steel,SS304,3 inch,5507,units,Nashik,22,Industrial plant,Normal,0.24,969904.37,Medium
R01135,B0412,"Please quote for 11106 sheet metal parts, Stainless Steel, MS, 10 mm. Location: Hyderabad. Required by 17 days.",Sheet Metal Parts,Stainless Steel,MS,10 mm,11106,units,Hyderabad,17,OEM project,Normal,0.56,1762906.24,Medium
R01136,B0187,"Need 7154 hydraulic cylinders for automotive, Stainless Steel SS304, 100 mm. Delivery required in Bengaluru within 15 days. Please share quotation.",Hydraulic Cylinders,Stainless Steel,SS304,100 mm,7154,units,Bengaluru,15,Automotive,Normal,0.66,327053.53,Medium
R01137,B0381,"Need 6181 sheet metal parts for construction, Mild Steel SS304, 10 mm. Delivery required in Delhi within 13 days. Please share quotation.",Sheet Metal Parts,Mild Steel,SS304,10 mm,6181,units,Delhi,13,Construction,Normal,0.95,2259228.95,High
R01138,B0069,"Please quote for 9265 conveyor belts, PU, Food Grade, 800 mm. Location: Delhi. Required by 41 days.",Conveyor Belts,PU,Food Grade,800 mm,9265,units,Delhi,41,Automotive,Flexible,0.01,2765833.64,Medium
R01139,B1170,"Please quote for 7267 gearboxes, Steel, Helical, 10 HP. Location: Delhi. Required by 12 days.",Gearboxes,Steel,Helical,10 HP,7267,units,Delhi,12,General manufacturing,Normal,0.69,2827015.56,High
R01140,B0406,"Looking for 4597 units of Stainless Steel sheet metal parts (SS304), size 10 mm, for our general manufacturing plant in Mumbai. Need delivery in 33 days.",Sheet Metal Parts,Stainless Steel,SS304,10 mm,4597,units,Mumbai,33,General manufacturing,Flexible,0.1,143151.81,Low
R01141,B0892,"Please quote for 9182 gearboxes, Steel, Worm, 10 HP. Location: Mumbai. Required by 3 days.",Gearboxes,Steel,Worm,10 HP,9182,units,Mumbai,3,Construction,Urgent,0.84,1382001.88,High
R01142,B0667,"Need 3850 electric motors for oem project, Cast Iron IE2, 25 HP. Delivery required in Kolkata within 31 days. Please share quotation.",Electric Motors,Cast Iron,IE2,25 HP,3850,units,Kolkata,31,OEM project,Flexible,0.5,1822915.5,Medium
R01143,B0186,"Please quote for 5668 industrial pumps, Cast Iron, SS316, 10 HP. Location: Mumbai. Required by 38 days.",Industrial Pumps,Cast Iron,SS316,10 HP,5668,units,Mumbai,38,Industrial plant,Flexible,0.53,1335906.63,Medium
R01144,B0810,"Need 4345 conveyor belts for oem project, PU Food Grade, 500 mm. Delivery required in Bengaluru within 5 days. Please share quotation.",Conveyor Belts,PU,Food Grade,500 mm,4345,units,Bengaluru,5,OEM project,Urgent,0.75,1136715.78,High
R01145,B1311,"Need 8400 industrial pumps for oem project, Stainless Steel SS304, 5 HP. Delivery required in Nagpur within 44 days. Please share quotation.",Industrial Pumps,Stainless Steel,SS304,5 HP,8400,units,Nagpur,44,OEM project,Flexible,0.27,2620503.86,Medium
R01146,B0729,"Looking for 4134 units of PU conveyor belts (Grade A), size 800 mm, for our oem project plant in Kolkata. Need delivery in 28 days.",Conveyor Belts,PU,Grade A,800 mm,4134,units,Kolkata,28,OEM project,Flexible,0.03,285324.62,Low
R01147,B0002,"Looking for 8557 units of PU conveyor belts (Grade A), size 500 mm, for our industrial plant plant in Kolkata. Need delivery in 5 days.",Conveyor Belts,PU,Grade A,500 mm,8557,units,Kolkata,5,Industrial plant,Urgent,0.59,1739169.08,High
R01148,B0168,"Looking for 4272 units of Stainless Steel industrial pumps (SS316), size 10 HP, for our general manufacturing plant in Chennai. Need delivery in 20 days.",Industrial Pumps,Stainless Steel,SS316,10 HP,4272,units,Chennai,20,General manufacturing,Normal,0.08,1606294.34,Medium
R01149,B1438,"Need 3915 steel brackets for construction, Stainless Steel MS, 3 mm. Delivery required in Nagpur within 28 days. Please share quotation.",Steel Brackets,Stainless Steel,MS,3 mm,3915,units,Nagpur,28,Construction,Flexible,0.64,1022989.72,Medium
R01150,B1465,"Please quote for 5162 industrial pumps, Stainless Steel, SS316, 5 HP. Location: Kolkata. Required by 41 days.",Industrial Pumps,Stainless Steel,SS316,5 HP,5162,units,Kolkata,41,Industrial plant,Flexible,0.4,1133948.19,Medium
R01151,B0024,"Need 5191 ball valves for industrial plant, Stainless Steel CS, 2 inch. Delivery required in Pune within 4 days. Please share quotation.",Ball Valves,Stainless Steel,CS,2 inch,5191,units,Pune,4,Industrial plant,Urgent,0.99,2071794.81,High
R01152,B1340,"Need 5816 industrial pumps for oem project, Stainless Steel SS304, 10 HP. Delivery required in Chennai within 9 days. Please share quotation.",Industrial Pumps,Stainless Steel,SS304,10 HP,5816,units,Chennai,9,OEM project,Urgent,0.6,2203585.46,High
R01153,B1215,"Need 11882 ball valves for construction, Stainless Steel SS316, 3 inch. Delivery required in Bengaluru within 5 days. Please share quotation.",Ball Valves,Stainless Steel,SS316,3 inch,11882,units,Bengaluru,5,Construction,Urgent,0.83,4456386.94,High
R01154,B1224,"Need 7115 gearboxes for general manufacturing, Steel Helical, 10 HP. Delivery required in Chennai within 7 days. Please share quotation.",Gearboxes,Steel,Helical,10 HP,7115,units,Chennai,7,General manufacturing,Urgent,0.71,3379638.33,High
R01155,B0399,"Looking for 1681 units of Steel hydraulic cylinders (SS304), size 150 mm, for our automotive plant in Nagpur. Need delivery in 30 days.",Hydraulic Cylinders,Steel,SS304,150 mm,1681,units,Nagpur,30,Automotive,Flexible,0.58,146984.36,Low
R01156,B0965,"Looking for 4364 units of Stainless Steel steel brackets (SS304), size 8 mm, for our automotive plant in Pune. Need delivery in 45 days.",Steel Brackets,Stainless Steel,SS304,8 mm,4364,units,Pune,45,Automotive,Flexible,0.36,1503776.74,Medium
R01157,B0372,"Looking for 7375 units of Stainless Steel hydraulic cylinders (MS), size 150 mm, for our automotive plant in Ahmedabad. Need delivery in 37 days.",Hydraulic Cylinders,Stainless Steel,MS,150 mm,7375,units,Ahmedabad,37,Automotive,Flexible,0.79,3320388.95,Medium
R01158,B1136,"Looking for 6382 units of Stainless Steel steel brackets (SS304), size 3 mm, for our automotive plant in Nagpur. Need delivery in 26 days.",Steel Brackets,Stainless Steel,SS304,3 mm,6382,units,Nagpur,26,Automotive,Flexible,0.05,465122.47,Medium
R01159,B0122,"Need 11978 ball valves for industrial plant, Stainless Steel SS304, 3 inch. Delivery required in Nashik within 45 days. Please share quotation.",Ball Valves,Stainless Steel,SS304,3 inch,11978,units,Nashik,45,Industrial plant,Flexible,0.32,1513934.89,Medium
R01160,B1035,"Please quote for 2488 sheet metal parts, Mild Steel, MS, 5 mm. Location: Delhi. Required by 10 days.",Sheet Metal Parts,Mild Steel,MS,5 mm,2488,units,Delhi,10,Construction,Urgent,0.61,835695.79,High
R01161,B0335,"Need 6359 ball valves for general manufacturing, Stainless Steel CS, 3 inch. Delivery required in Mumbai within 39 days. Please share quotation.",Ball Valves,Stainless Steel,CS,3 inch,6359,units,Mumbai,39,General manufacturing,Flexible,0.07,221318.22,Low
R01162,B0519,"Looking for 8521 units of Stainless Steel industrial pumps (SS316), size 5 HP, for our construction plant in Mumbai. Need delivery in 28 days.",Industrial Pumps,Stainless Steel,SS316,5 HP,8521,units,Mumbai,28,Construction,Flexible,0.75,3314379.95,High
R01163,B1155,"Looking for 10033 units of Cast Iron gearboxes (Helical), size 10 HP, for our construction plant in Chennai. Need delivery in 9 days.",Gearboxes,Cast Iron,Helical,10 HP,10033,units,Chennai,9,Construction,Urgent,0.26,1516227.76,High
R01164,B0816,"Looking for 9696 units of Steel hydraulic cylinders (SS304), size 50 mm, for our automotive plant in Bengaluru. Need delivery in 35 days.",Hydraulic Cylinders,Steel,SS304,50 mm,9696,units,Bengaluru,35,Automotive,Flexible,0.59,1414572.15,Medium
R01165,B1271,"Looking for 4245 units of PU conveyor belts (Grade A), size 800 mm, for our construction plant in Nashik. Need delivery in 41 days.",Conveyor Belts,PU,Grade A,800 mm,4245,units,Nashik,41,Construction,Flexible,0.45,117656.87,Low
R01166,B0708,"Need 3141 sheet metal parts for general manufacturing, Stainless Steel MS, 5 mm. Delivery required in Kolkata within 21 days. Please share quotation.",Sheet Metal Parts,Stainless Steel,MS,5 mm,3141,units,Kolkata,21,General manufacturing,Normal,0.04,968287.71,Medium
R01167,B1193,"Need 8612 gearboxes for general manufacturing, Steel Worm, 2 HP. Delivery required in Hyderabad within 10 days. Please share quotation.",Gearboxes,Steel,Worm,2 HP,8612,units,Hyderabad,10,General manufacturing,Urgent,0.13,2316638.93,High
R01168,B0389,"Looking for 1409 units of Cast Iron gearboxes (Worm), size 5 HP, for our general manufacturing plant in Mumbai. Need delivery in 27 days.",Gearboxes,Cast Iron,Worm,5 HP,1409,units,Mumbai,27,General manufacturing,Flexible,0.6,33508.05,Low
R01169,B1006,"Please quote for 9760 steel brackets, Mild Steel, MS, 8 mm. Location: Hyderabad. Required by 33 days.",Steel Brackets,Mild Steel,MS,8 mm,9760,units,Hyderabad,33,Automotive,Flexible,0.3,2526528.19,Medium
R01170,B0700,"Please quote for 2184 steel brackets, Stainless Steel, MS, 5 mm. Location: Delhi. Required by 8 days.",Steel Brackets,Stainless Steel,MS,5 mm,2184,units,Delhi,8,Industrial plant,Urgent,0.39,400321.37,Medium
R01171,B0116,"Looking for 8580 units of Stainless Steel industrial pumps (CI), size 10 HP, for our oem project plant in Nagpur. Need delivery in 22 days.",Industrial Pumps,Stainless Steel,CI,10 HP,8580,units,Nagpur,22,OEM project,Normal,0.77,1662318.87,High
R01172,B0675,"Please quote for 5434 industrial pumps, Cast Iron, CI, 5 HP. Location: Delhi. Required by 8 days.",Industrial Pumps,Cast Iron,CI,5 HP,5434,units,Delhi,8,Industrial plant,Urgent,0.96,1187765.21,High
R01173,B0529,"Please quote for 2468 conveyor belts, PU, Grade A, 500 mm. Location: Nashik. Required by 10 days.",Conveyor Belts,PU,Grade A,500 mm,2468,units,Nashik,10,Automotive,Urgent,0.23,734854.57,High
R01174,B0404,"Please quote for 1250 ball valves, Carbon Steel, CS, 3 inch. Location: Ahmedabad. Required by 4 days.",Ball Valves,Carbon Steel,CS,3 inch,1250,units,Ahmedabad,4,OEM project,Urgent,0.84,441800.07,Medium
R01175,B0445,"Looking for 4996 units of Stainless Steel sheet metal parts (MS), size 10 mm, for our automotive plant in Pune. Need delivery in 12 days.",Sheet Metal Parts,Stainless Steel,MS,10 mm,4996,units,Pune,12,Automotive,Normal,0.62,646888.52,Medium
R01176,B1064,"Please quote for 718 ball valves, Stainless Steel, CS, 1 inch. Location: Nagpur. Required by 27 days.",Ball Valves,Stainless Steel,CS,1 inch,718,units,Nagpur,27,Industrial plant,Flexible,0.75,356718.31,Low
R01177,B1439,"Looking for 8276 units of Cast Iron gearboxes (Worm), size 5 HP, for our construction plant in Chennai. Need delivery in 31 days.",Gearboxes,Cast Iron,Worm,5 HP,8276,units,Chennai,31,Construction,Flexible,0.5,1822089.88,Medium
R01178,B0139,"Looking for 2462 units of Stainless Steel steel brackets (MS), size 8 mm, for our construction plant in Bengaluru. Need delivery in 22 days.",Steel Brackets,Stainless Steel,MS,8 mm,2462,units,Bengaluru,22,Construction,Normal,0.97,435599.4,Medium
R01179,B0326,"Need 4108 steel brackets for construction, Stainless Steel MS, 3 mm. Delivery required in Ahmedabad within 24 days. Please share quotation.",Steel Brackets,Stainless Steel,MS,3 mm,4108,units,Ahmedabad,24,Construction,Normal,0.99,1979431.62,Medium
R01180,B1427,"Please quote for 6240 sheet metal parts, Stainless Steel, SS304, 5 mm. Location: Hyderabad. Required by 5 days.",Sheet Metal Parts,Stainless Steel,SS304,5 mm,6240,units,Hyderabad,5,OEM project,Urgent,0.45,1086118.14,High
R01181,B1453,"Need 3421 steel brackets for general manufacturing, Stainless Steel MS, 5 mm. Delivery required in Mumbai within 16 days. Please share quotation.",Steel Brackets,Stainless Steel,MS,5 mm,3421,units,Mumbai,16,General manufacturing,Normal,0.4,1344538.8,Medium
R01182,B0168,"Looking for 11683 units of Stainless Steel ball valves (SS316), size 2 inch, for our construction plant in Mumbai. Need delivery in 19 days.",Ball Valves,Stainless Steel,SS316,2 inch,11683,units,Mumbai,19,Construction,Normal,0.92,4749481.96,High
R01183,B0981,"Need 5795 hydraulic cylinders for construction, Steel SS304, 100 mm. Delivery required in Chennai within 22 days. Please share quotation.",Hydraulic Cylinders,Steel,SS304,100 mm,5795,units,Chennai,22,Construction,Normal,0.81,1819157.93,High
R01184,B0094,"Please quote for 4552 hydraulic cylinders, Steel, MS, 50 mm. Location: Nagpur. Required by 31 days.",Hydraulic Cylinders,Steel,MS,50 mm,4552,units,Nagpur,31,Industrial plant,Flexible,0.21,292569.54,Low
R01185,B0847,"Please quote for 9846 electric motors, Aluminium, IE3, 10 HP. Location: Nagpur. Required by 34 days.",Electric Motors,Aluminium,IE3,10 HP,9846,units,Nagpur,34,Construction,Flexible,0.07,2803582.16,Medium
R01186,B0896,"Need 899 ball valves for construction, Carbon Steel CS, 2 inch. Delivery required in Nashik within 10 days. Please share quotation.",Ball Valves,Carbon Steel,CS,2 inch,899,units,Nashik,10,Construction,Urgent,0.51,111771.04,Medium
R01187,B0900,"Need 3532 sheet metal parts for industrial plant, Stainless Steel MS, 2 mm. Delivery required in Mumbai within 13 days. Please share quotation.",Sheet Metal Parts,Stainless Steel,MS,2 mm,3532,units,Mumbai,13,Industrial plant,Normal,0.29,1014527.98,Medium
R01188,B0014,"Looking for 8627 units of Rubber conveyor belts (Food Grade), size 1000 mm, for our oem project plant in Delhi. Need delivery in 28 days.",Conveyor Belts,Rubber,Food Grade,1000 mm,8627,units,Delhi,28,OEM project,Flexible,0.02,2227986.39,Medium
R01189,B0317,"Need 6609 gearboxes for general manufacturing, Steel Worm, 5 HP. Delivery required in Pune within 3 days. Please share quotation.",Gearboxes,Steel,Worm,5 HP,6609,units,Pune,3,General manufacturing,Urgent,0.87,3280612.88,High
R01190,B0874,"Looking for 3502 units of Stainless Steel steel brackets (SS304), size 8 mm, for our oem project plant in Kolkata. Need delivery in 29 days.",Steel Brackets,Stainless Steel,SS304,8 mm,3502,units,Kolkata,29,OEM project,Flexible,0.71,810274.18,Medium
R01191,B0824,"Looking for 4924 units of Rubber conveyor belts (Grade A), size 500 mm, for our oem project plant in Bengaluru. Need delivery in 44 days.",Conveyor Belts,Rubber,Grade A,500 mm,4924,units,Bengaluru,44,OEM project,Flexible,0.66,1895913.7,Medium
R01192,B1068,"Please quote for 5792 gearboxes, Cast Iron, Worm, 10 HP. Location: Delhi. Required by 9 days.",Gearboxes,Cast Iron,Worm,10 HP,5792,units,Delhi,9,Industrial plant,Urgent,0.28,2891777.7,High
R01193,B0482,"Looking for 5087 units of Stainless Steel ball valves (CS), size 3 inch, for our automotive plant in Hyderabad. Need delivery in 25 days.",Ball Valves,Stainless Steel,CS,3 inch,5087,units,Hyderabad,25,Automotive,Normal,0.56,2233196.69,Medium
R01194,B1489,"Looking for 5048 units of Carbon Steel ball valves (CS), size 1 inch, for our general manufacturing plant in Kolkata. Need delivery in 17 days.",Ball Valves,Carbon Steel,CS,1 inch,5048,units,Kolkata,17,General manufacturing,Normal,0.58,1771155.23,Medium
R01195,B0840,"Need 1220 hydraulic cylinders for general manufacturing, Stainless Steel SS304, 50 mm. Delivery required in Nagpur within 18 days. Please share quotation.",Hydraulic Cylinders,Stainless Steel,SS304,50 mm,1220,units,Nagpur,18,General manufacturing,Normal,0.91,471249.33,Low
R01196,B1145,"Looking for 8029 units of Steel gearboxes (Worm), size 2 HP, for our general manufacturing plant in Hyderabad. Need delivery in 32 days.",Gearboxes,Steel,Worm,2 HP,8029,units,Hyderabad,32,General manufacturing,Flexible,0.07,968360.53,Medium
R01197,B1337,"Please quote for 9778 electric motors, Aluminium, IE3, 10 HP. Location: Mumbai. Required by 40 days.",Electric Motors,Aluminium,IE3,10 HP,9778,units,Mumbai,40,Construction,Flexible,0.8,4700948.44,Medium
R01198,B0057,"Need 3165 steel brackets for oem project, Mild Steel MS, 3 mm. Delivery required in Delhi within 41 days. Please share quotation.",Steel Brackets,Mild Steel,MS,3 mm,3165,units,Delhi,41,OEM project,Flexible,0.09,237979.88,Low
R01199,B1023,"Please quote for 5497 ball valves, Stainless Steel, CS, 1 inch. Location: Ahmedabad. Required by 36 days.",Ball Valves,Stainless Steel,CS,1 inch,5497,units,Ahmedabad,36,Automotive,Flexible,0.16,2674145.61,Medium
R01200,B0513,"Looking for 229 units of Carbon Steel ball valves (CS), size 3 inch, for our oem project plant in Mumbai. Need delivery in 3 days.",Ball Valves,Carbon Steel,CS,3 inch,229,units,Mumbai,3,OEM project,Urgent,0.7,90024.93,Medium
R01201,B0782,"Looking for 9896 units of Cast Iron industrial pumps (CI), size 20 HP, for our construction plant in Nagpur. Need delivery in 8 days.",Industrial Pumps,Cast Iron,CI,20 HP,9896,units,Nagpur,8,Construction,Urgent,0.61,4578147.0,High
R01202,B0939,"Need 7427 gearboxes for oem project, Steel Helical, 5 HP. Delivery required in Nashik within 5 days. Please share quotation.",Gearboxes,Steel,Helical,5 HP,7427,units,Nashik,5,OEM project,Urgent,0.43,2863882.51,High
R01203,B0961,"Need 8358 conveyor belts for oem project, Rubber Grade A, 800 mm. Delivery required in Hyderabad within 39 days. Please share quotation.",Conveyor Belts,Rubber,Grade A,800 mm,8358,units,Hyderabad,39,OEM project,Flexible,0.66,1623746.97,Medium
R01204,B0197,"Looking for 3222 units of Stainless Steel hydraulic cylinders (SS304), size 150 mm, for our general manufacturing plant in Nashik. Need delivery in 34 days.",Hydraulic Cylinders,Stainless Steel,SS304,150 mm,3222,units,Nashik,34,General manufacturing,Flexible,0.68,1112743.15,Medium
R01205,B1128,"Looking for 9624 units of Rubber conveyor belts (Food Grade), size 500 mm, for our construction plant in Hyderabad. Need delivery in 35 days.",Conveyor Belts,Rubber,Food Grade,500 mm,9624,units,Hyderabad,35,Construction,Flexible,0.75,3152903.79,Medium
R01206,B1211,"Looking for 7790 units of Cast Iron industrial pumps (CI), size 20 HP, for our oem project plant in Delhi. Need delivery in 25 days.",Industrial Pumps,Cast Iron,CI,20 HP,7790,units,Delhi,25,OEM project,Normal,0.83,3213935.28,High
R01207,B0719,"Please quote for 8149 conveyor belts, PU, Food Grade, 800 mm. Location: Pune. Required by 13 days.",Conveyor Belts,PU,Food Grade,800 mm,8149,units,Pune,13,General manufacturing,Normal,0.39,2736184.83,High
R01208,B0715,"Looking for 6364 units of Cast Iron electric motors (IE3), size 25 HP, for our construction plant in Hyderabad. Need delivery in 42 days.",Electric Motors,Cast Iron,IE3,25 HP,6364,units,Hyderabad,42,Construction,Flexible,0.84,2401768.18,Medium
R01209,B1230,"Please quote for 5258 conveyor belts, PU, Food Grade, 800 mm. Location: Pune. Required by 43 days.",Conveyor Belts,PU,Food Grade,800 mm,5258,units,Pune,43,Industrial plant,Flexible,0.01,1354851.96,Medium
R01210,B1135,"Need 10533 electric motors for construction, Cast Iron IE3, 5 HP. Delivery required in Nagpur within 19 days. Please share quotation.",Electric Motors,Cast Iron,IE3,5 HP,10533,units,Nagpur,19,Construction,Normal,0.77,1977158.52,High
R01211,B0248,"Need 8737 sheet metal parts for oem project, Mild Steel SS304, 2 mm. Delivery required in Delhi within 15 days. Please share quotation.",Sheet Metal Parts,Mild Steel,SS304,2 mm,8737,units,Delhi,15,OEM project,Normal,0.41,3201022.52,High
R01212,B0721,"Need 4553 gearboxes for industrial plant, Steel Helical, 10 HP. Delivery required in Pune within 33 days. Please share quotation.",Gearboxes,Steel,Helical,10 HP,4553,units,Pune,33,Industrial plant,Flexible,0.72,691698.51,Medium
R01213,B0472,"Please quote for 4239 gearboxes, Cast Iron, Helical, 10 HP. Location: Pune. Required by 23 days.",Gearboxes,Cast Iron,Helical,10 HP,4239,units,Pune,23,Automotive,Normal,0.45,819240.98,Medium
R01214,B0885,"Please quote for 6484 gearboxes, Cast Iron, Helical, 5 HP. Location: Chennai. Required by 20 days.",Gearboxes,Cast Iron,Helical,5 HP,6484,units,Chennai,20,General manufacturing,Normal,0.04,2933274.92,Medium
R01215,B1179,"Looking for 9365 units of Rubber conveyor belts (Food Grade), size 500 mm, for our construction plant in Nagpur. Need delivery in 33 days.",Conveyor Belts,Rubber,Food Grade,500 mm,9365,units,Nagpur,33,Construction,Flexible,0.82,3373103.24,Medium
R01216,B0236,"Looking for 2953 units of Stainless Steel ball valves (SS304), size 1 inch, for our automotive plant in Chennai. Need delivery in 30 days.",Ball Valves,Stainless Steel,SS304,1 inch,2953,units,Chennai,30,Automotive,Flexible,0.3,904314.19,Medium
R01217,B0540,"Looking for 10404 units of Cast Iron electric motors (IE3), size 25 HP, for our oem project plant in Chennai. Need delivery in 15 days.",Electric Motors,Cast Iron,IE3,25 HP,10404,units,Chennai,15,OEM project,Normal,0.21,2341064.14,High
R01218,B1370,"Please quote for 11584 hydraulic cylinders, Stainless Steel, SS304, 100 mm. Location: Chennai. Required by 36 days.",Hydraulic Cylinders,Stainless Steel,SS304,100 mm,11584,units,Chennai,36,OEM project,Flexible,0.69,5298714.93,Medium
R01219,B1433,"Please quote for 495 gearboxes, Cast Iron, Helical, 5 HP. Location: Hyderabad. Required by 36 days.",Gearboxes,Cast Iron,Helical,5 HP,495,units,Hyderabad,36,General manufacturing,Flexible,0.68,30142.67,Low
R01220,B1226,"Please quote for 3938 ball valves, Stainless Steel, CS, 1 inch. Location: Hyderabad. Required by 9 days.",Ball Valves,Stainless Steel,CS,1 inch,3938,units,Hyderabad,9,Industrial plant,Urgent,0.59,558037.17,High
R01221,B1003,"Please quote for 8182 electric motors, Aluminium, IE2, 5 HP. Location: Hyderabad. Required by 35 days.",Electric Motors,Aluminium,IE2,5 HP,8182,units,Hyderabad,35,General manufacturing,Flexible,0.07,4009355.12,Medium
R01222,B1102,"Please quote for 1971 industrial pumps, Cast Iron, CI, 10 HP. Location: Pune. Required by 30 days.",Industrial Pumps,Cast Iron,CI,10 HP,1971,units,Pune,30,Construction,Flexible,0.65,233352.15,Low
R01223,B1414,"Please quote for 3755 sheet metal parts, Stainless Steel, MS, 2 mm. Location: Ahmedabad. Required by 36 days.",Sheet Metal Parts,Stainless Steel,MS,2 mm,3755,units,Ahmedabad,36,Construction,Flexible,0.01,1264565.31,Medium
R01224,B1037,"Need 3046 electric motors for oem project, Cast Iron IE2, 10 HP. Delivery required in Kolkata within 6 days. Please share quotation.",Electric Motors,Cast Iron,IE2,10 HP,3046,units,Kolkata,6,OEM project,Urgent,0.79,1331664.85,High
R01225,B0548,"Need 1375 gearboxes for oem project, Steel Helical, 10 HP. Delivery required in Hyderabad within 34 days. Please share quotation.",Gearboxes,Steel,Helical,10 HP,1375,units,Hyderabad,34,OEM project,Flexible,0.55,653289.12,Low
R01226,B1269,"Please quote for 3070 hydraulic cylinders, Steel, MS, 50 mm. Location: Pune. Required by 32 days.",Hydraulic Cylinders,Steel,MS,50 mm,3070,units,Pune,32,Construction,Flexible,0.78,289093.43,Low
R01227,B0044,"Please quote for 10652 ball valves, Carbon Steel, SS304, 1 inch. Location: Pune. Required by 11 days.",Ball Valves,Carbon Steel,SS304,1 inch,10652,units,Pune,11,OEM project,Normal,0.82,1214329.57,High
R01228,B0564,"Need 5797 steel brackets for industrial plant, Stainless Steel MS, 5 mm. Delivery required in Ahmedabad within 3 days. Please share quotation.",Steel Brackets,Stainless Steel,MS,5 mm,5797,units,Ahmedabad,3,Industrial plant,Urgent,0.8,2351019.86,High
R01229,B0046,"Looking for 1944 units of Mild Steel sheet metal parts (MS), size 2 mm, for our oem project plant in Nashik. Need delivery in 43 days.",Sheet Metal Parts,Mild Steel,MS,2 mm,1944,units,Nashik,43,OEM project,Flexible,0.13,343411.13,Low
R01230,B1420,"Need 11371 ball valves for industrial plant, Stainless Steel CS, 1 inch. Delivery required in Hyderabad within 36 days. Please share quotation.",Ball Valves,Stainless Steel,CS,1 inch,11371,units,Hyderabad,36,Industrial plant,Flexible,0.57,906655.59,Medium
R01231,B0419,"Please quote for 4736 industrial pumps, Cast Iron, SS316, 20 HP. Location: Chennai. Required by 16 days.",Industrial Pumps,Cast Iron,SS316,20 HP,4736,units,Chennai,16,OEM project,Normal,0.81,1111037.33,Medium
R01232,B0298,"Please quote for 11159 steel brackets, Mild Steel, MS, 8 mm. Location: Bengaluru. Required by 18 days.",Steel Brackets,Mild Steel,MS,8 mm,11159,units,Bengaluru,18,OEM project,Normal,0.19,1063126.19,Medium
R01233,B0858,"Please quote for 9635 steel brackets, Mild Steel, MS, 3 mm. Location: Bengaluru. Required by 9 days.",Steel Brackets,Mild Steel,MS,3 mm,9635,units,Bengaluru,9,OEM project,Urgent,0.78,2352656.98,High
R01234,B0673,"Looking for 692 units of Carbon Steel ball valves (SS316), size 3 inch, for our oem project plant in Delhi. Need delivery in 6 days.",Ball Valves,Carbon Steel,SS316,3 inch,692,units,Delhi,6,OEM project,Urgent,0.26,289721.81,Medium
R01235,B0667,"Please quote for 5567 sheet metal parts, Stainless Steel, MS, 10 mm. Location: Pune. Required by 21 days.",Sheet Metal Parts,Stainless Steel,MS,10 mm,5567,units,Pune,21,OEM project,Normal,0.03,2016582.81,Medium
R01236,B0740,"Looking for 11682 units of Mild Steel steel brackets (MS), size 5 mm, for our industrial plant plant in Ahmedabad. Need delivery in 5 days.",Steel Brackets,Mild Steel,MS,5 mm,11682,units,Ahmedabad,5,Industrial plant,Urgent,0.78,2549329.99,High
R01237,B0676,"Looking for 8388 units of PU conveyor belts (Food Grade), size 1000 mm, for our oem project plant in Mumbai. Need delivery in 6 days.",Conveyor Belts,PU,Food Grade,1000 mm,8388,units,Mumbai,6,OEM project,Urgent,0.45,1933827.05,High
R01238,B0304,"Looking for 6116 units of Stainless Steel sheet metal parts (SS304), size 5 mm, for our construction plant in Nagpur. Need delivery in 14 days.",Sheet Metal Parts,Stainless Steel,SS304,5 mm,6116,units,Nagpur,14,Construction,Normal,0.74,1632182.48,High
R01239,B0583,"Please quote for 651 conveyor belts, PU, Food Grade, 1000 mm. Location: Pune. Required by 34 days.",Conveyor Belts,PU,Food Grade,1000 mm,651,units,Pune,34,Automotive,Flexible,0.83,200459.7,Low
R01240,B1001,"Need 1748 gearboxes for industrial plant, Steel Worm, 10 HP. Delivery required in Hyderabad within 30 days. Please share quotation.",Gearboxes,Steel,Worm,10 HP,1748,units,Hyderabad,30,Industrial plant,Flexible,0.15,587879.83,Medium
R01241,B0318,"Need 2784 hydraulic cylinders for general manufacturing, Steel SS304, 50 mm. Delivery required in Chennai within 30 days. Please share quotation.",Hydraulic Cylinders,Steel,SS304,50 mm,2784,units,Chennai,30,General manufacturing,Flexible,0.49,458080.48,Low
R01242,B1305,"Need 1048 sheet metal parts for automotive, Stainless Steel SS304, 2 mm. Delivery required in Ahmedabad within 26 days. Please share quotation.",Sheet Metal Parts,Stainless Steel,SS304,2 mm,1048,units,Ahmedabad,26,Automotive,Flexible,0.06,476916.49,Low
R01243,B0384,"Need 3962 electric motors for construction, Cast Iron IE3, 25 HP. Delivery required in Ahmedabad within 25 days. Please share quotation.",Electric Motors,Cast Iron,IE3,25 HP,3962,units,Ahmedabad,25,Construction,Normal,0.42,1835766.56,Medium
R01244,B0618,"Please quote for 7944 conveyor belts, Rubber, Food Grade, 1000 mm. Location: Hyderabad. Required by 29 days.",Conveyor Belts,Rubber,Food Grade,1000 mm,7944,units,Hyderabad,29,OEM project,Flexible,0.58,3051618.02,Medium
R01245,B0325,"Need 4832 industrial pumps for general manufacturing, Cast Iron CI, 5 HP. Delivery required in Delhi within 8 days. Please share quotation.",Industrial Pumps,Cast Iron,CI,5 HP,4832,units,Delhi,8,General manufacturing,Urgent,0.63,1393522.72,High
R01246,B0074,"Please quote for 9129 sheet metal parts, Mild Steel, MS, 5 mm. Location: Hyderabad. Required by 5 days.",Sheet Metal Parts,Mild Steel,MS,5 mm,9129,units,Hyderabad,5,OEM project,Urgent,0.58,3162156.16,High
R01247,B0090,"Need 6058 hydraulic cylinders for industrial plant, Steel MS, 50 mm. Delivery required in Bengaluru within 38 days. Please share quotation.",Hydraulic Cylinders,Steel,MS,50 mm,6058,units,Bengaluru,38,Industrial plant,Flexible,0.41,716130.93,Medium
R01248,B1364,"Please quote for 3130 industrial pumps, Stainless Steel, CI, 20 HP. Location: Delhi. Required by 16 days.",Industrial Pumps,Stainless Steel,CI,20 HP,3130,units,Delhi,16,OEM project,Normal,0.89,1429253.74,Medium
R01249,B0845,"Looking for 8741 units of Mild Steel sheet metal parts (MS), size 10 mm, for our oem project plant in Nagpur. Need delivery in 16 days.",Sheet Metal Parts,Mild Steel,MS,10 mm,8741,units,Nagpur,16,OEM project,Normal,0.43,591617.53,Medium
R01250,B0829,"Looking for 149 units of PU conveyor belts (Grade A), size 1000 mm, for our construction plant in Kolkata. Need delivery in 17 days.",Conveyor Belts,PU,Grade A,1000 mm,149,units,Kolkata,17,Construction,Normal,0.29,56109.19,Low
R01251,B1014,"Please quote for 4522 electric motors, Aluminium, IE3, 10 HP. Location: Pune. Required by 19 days.",Electric Motors,Aluminium,IE3,10 HP,4522,units,Pune,19,General manufacturing,Normal,0.82,451737.91,Medium
R01252,B0559,"Please quote for 10689 gearboxes, Cast Iron, Worm, 10 HP. Location: Bengaluru. Required by 36 days.",Gearboxes,Cast Iron,Worm,10 HP,10689,units,Bengaluru,36,Automotive,Flexible,0.57,4599198.98,Medium
R01253,B0686,"Need 1466 electric motors for general manufacturing, Cast Iron IE3, 25 HP. Delivery required in Ahmedabad within 19 days. Please share quotation.",Electric Motors,Cast Iron,IE3,25 HP,1466,units,Ahmedabad,19,General manufacturing,Normal,0.09,463212.26,Low
R01254,B1195,"Need 5114 hydraulic cylinders for oem project, Stainless Steel SS304, 100 mm. Delivery required in Nashik within 15 days. Please share quotation.",Hydraulic Cylinders,Stainless Steel,SS304,100 mm,5114,units,Nashik,15,OEM project,Normal,0.85,2047004.32,High
R01255,B0299,"Need 6873 gearboxes for automotive, Steel Worm, 5 HP. Delivery required in Kolkata within 7 days. Please share quotation.",Gearboxes,Steel,Worm,5 HP,6873,units,Kolkata,7,Automotive,Urgent,0.66,2039483.58,High
R01256,B0553,"Need 8058 steel brackets for automotive, Mild Steel MS, 8 mm. Delivery required in Nashik within 14 days. Please share quotation.",Steel Brackets,Mild Steel,MS,8 mm,8058,units,Nashik,14,Automotive,Normal,0.98,2319403.7,High
R01257,B0672,"Please quote for 8079 ball valves, Stainless Steel, CS, 2 inch. Location: Ahmedabad. Required by 36 days.",Ball Valves,Stainless Steel,CS,2 inch,8079,units,Ahmedabad,36,Construction,Flexible,0.39,3214370.09,Medium
R01258,B0138,"Please quote for 10933 hydraulic cylinders, Stainless Steel, SS304, 150 mm. Location: Bengaluru. Required by 32 days.",Hydraulic Cylinders,Stainless Steel,SS304,150 mm,10933,units,Bengaluru,32,OEM project,Flexible,0.13,2068847.55,Medium
R01259,B0753,"Looking for 10491 units of Steel gearboxes (Worm), size 5 HP, for our construction plant in Ahmedabad. Need delivery in 41 days.",Gearboxes,Steel,Worm,5 HP,10491,units,Ahmedabad,41,Construction,Flexible,0.11,2560939.44,Medium
R01260,B0513,"Looking for 4168 units of Steel gearboxes (Helical), size 5 HP, for our automotive plant in Nashik. Need delivery in 5 days.",Gearboxes,Steel,Helical,5 HP,4168,units,Nashik,5,Automotive,Urgent,0.72,946223.58,High
R01261,B0045,"Looking for 5357 units of Steel hydraulic cylinders (MS), size 50 mm, for our oem project plant in Mumbai. Need delivery in 43 days.",Hydraulic Cylinders,Steel,MS,50 mm,5357,units,Mumbai,43,OEM project,Flexible,0.41,2534649.11,Medium
R01262,B0381,"Please quote for 8987 ball valves, Stainless Steel, SS304, 2 inch. Location: Bengaluru. Required by 6 days.",Ball Valves,Stainless Steel,SS304,2 inch,8987,units,Bengaluru,6,OEM project,Urgent,0.56,980501.85,High
R01263,B1123,"Need 3375 sheet metal parts for oem project, Stainless Steel SS304, 10 mm. Delivery required in Nashik within 34 days. Please share quotation.",Sheet Metal Parts,Stainless Steel,SS304,10 mm,3375,units,Nashik,34,OEM project,Flexible,0.0,403175.76,Low
R01264,B1341,"Looking for 728 units of Stainless Steel industrial pumps (CI), size 10 HP, for our industrial plant plant in Pune. Need delivery in 26 days.",Industrial Pumps,Stainless Steel,CI,10 HP,728,units,Pune,26,Industrial plant,Flexible,0.58,174997.71,Low
R01265,B0594,"Need 2194 gearboxes for industrial plant, Steel Helical, 5 HP. Delivery required in Chennai within 4 days. Please share quotation.",Gearboxes,Steel,Helical,5 HP,2194,units,Chennai,4,Industrial plant,Urgent,0.32,162950.22,Medium
R01266,B0314,"Need 10301 conveyor belts for construction, Rubber Food Grade, 500 mm. Delivery required in Chennai within 33 days. Please share quotation.",Conveyor Belts,Rubber,Food Grade,500 mm,10301,units,Chennai,33,Construction,Flexible,0.11,3149659.45,Medium
R01267,B1249,"Need 7555 sheet metal parts for general manufacturing, Stainless Steel SS304, 2 mm. Delivery required in Mumbai within 21 days. Please share quotation.",Sheet Metal Parts,Stainless Steel,SS304,2 mm,7555,units,Mumbai,21,General manufacturing,Normal,0.44,1042574.75,Medium
R01268,B0848,"Looking for 6982 units of Rubber conveyor belts (Grade A), size 800 mm, for our general manufacturing plant in Hyderabad. Need delivery in 25 days.",Conveyor Belts,Rubber,Grade A,800 mm,6982,units,Hyderabad,25,General manufacturing,Normal,0.34,429358.09,Medium
R01269,B0496,"Looking for 7453 units of Cast Iron industrial pumps (SS304), size 10 HP, for our construction plant in Bengaluru. Need delivery in 24 days.",Industrial Pumps,Cast Iron,SS304,10 HP,7453,units,Bengaluru,24,Construction,Normal,0.63,342738.81,Medium
R01270,B1404,"Looking for 11882 units of Mild Steel sheet metal parts (MS), size 5 mm, for our automotive plant in Bengaluru. Need delivery in 10 days.",Sheet Metal Parts,Mild Steel,MS,5 mm,11882,units,Bengaluru,10,Automotive,Urgent,0.55,5059595.46,High
R01271,B0930,"Please quote for 5249 industrial pumps, Cast Iron, CI, 5 HP. Location: Chennai. Required by 7 days.",Industrial Pumps,Cast Iron,CI,5 HP,5249,units,Chennai,7,Automotive,Urgent,0.6,2245040.39,High
R01272,B1436,"Looking for 9430 units of Stainless Steel steel brackets (MS), size 3 mm, for our automotive plant in Delhi. Need delivery in 17 days.",Steel Brackets,Stainless Steel,MS,3 mm,9430,units,Delhi,17,Automotive,Normal,0.97,3511321.56,High
R01273,B0556,"Need 7267 gearboxes for industrial plant, Steel Worm, 2 HP. Delivery required in Nagpur within 21 days. Please share quotation.",Gearboxes,Steel,Worm,2 HP,7267,units,Nagpur,21,Industrial plant,Normal,0.4,257195.56,Medium
R01274,B1337,"Need 11228 electric motors for oem project, Cast Iron IE3, 25 HP. Delivery required in Bengaluru within 10 days. Please share quotation.",Electric Motors,Cast Iron,IE3,25 HP,11228,units,Bengaluru,10,OEM project,Urgent,0.32,4838966.17,High
R01275,B0854,"Need 837 electric motors for industrial plant, Aluminium IE3, 5 HP. Delivery required in Nagpur within 17 days. Please share quotation.",Electric Motors,Aluminium,IE3,5 HP,837,units,Nagpur,17,Industrial plant,Normal,0.76,106842.89,Low
R01276,B0578,"Need 6054 industrial pumps for general manufacturing, Cast Iron SS316, 20 HP. Delivery required in Ahmedabad within 15 days. Please share quotation.",Industrial Pumps,Cast Iron,SS316,20 HP,6054,units,Ahmedabad,15,General manufacturing,Normal,0.41,1691030.22,High
R01277,B0377,"Looking for 560 units of Aluminium electric motors (IE3), size 10 HP, for our general manufacturing plant in Nashik. Need delivery in 9 days.",Electric Motors,Aluminium,IE3,10 HP,560,units,Nashik,9,General manufacturing,Urgent,0.7,27727.89,Medium
R01278,B0930,"Looking for 9283 units of Stainless Steel steel brackets (SS304), size 8 mm, for our general manufacturing plant in Chennai. Need delivery in 8 days.",Steel Brackets,Stainless Steel,SS304,8 mm,9283,units,Chennai,8,General manufacturing,Urgent,0.61,2543628.66,High
R01279,B0711,"Please quote for 1566 hydraulic cylinders, Steel, SS304, 150 mm. Location: Chennai. Required by 18 days.",Hydraulic Cylinders,Steel,SS304,150 mm,1566,units,Chennai,18,OEM project,Normal,0.36,74320.06,Low
R01280,B1024,"Need 3119 ball valves for automotive, Carbon Steel CS, 3 inch. Delivery required in Delhi within 44 days. Please share quotation.",Ball Valves,Carbon Steel,CS,3 inch,3119,units,Delhi,44,Automotive,Flexible,0.52,492835.55,Low
R01281,B0957,"Need 5760 electric motors for industrial plant, Cast Iron IE2, 10 HP. Delivery required in Ahmedabad within 25 days. Please share quotation.",Electric Motors,Cast Iron,IE2,10 HP,5760,units,Ahmedabad,25,Industrial plant,Normal,0.66,2440222.31,High
R01282,B1478,"Need 4295 gearboxes for automotive, Steel Helical, 10 HP. Delivery required in Hyderabad within 14 days. Please share quotation.",Gearboxes,Steel,Helical,10 HP,4295,units,Hyderabad,14,Automotive,Normal,0.45,389377.64,Medium
R01283,B0055,"Please quote for 10367 steel brackets, Mild Steel, SS304, 3 mm. Location: Hyderabad. Required by 7 days.",Steel Brackets,Mild Steel,SS304,3 mm,10367,units,Hyderabad,7,Automotive,Urgent,0.89,3887229.42,High
R01284,B0101,"Need 10659 conveyor belts for construction, PU Grade A, 1000 mm. Delivery required in Mumbai within 40 days. Please share quotation.",Conveyor Belts,PU,Grade A,1000 mm,10659,units,Mumbai,40,Construction,Flexible,0.87,3557618.65,Medium
R01285,B0953,"Looking for 2773 units of Mild Steel steel brackets (MS), size 8 mm, for our construction plant in Kolkata. Need delivery in 4 days.",Steel Brackets,Mild Steel,MS,8 mm,2773,units,Kolkata,4,Construction,Urgent,0.85,752768.98,High
R01286,B0875,"Please quote for 9664 industrial pumps, Stainless Steel, SS316, 20 HP. Location: Chennai. Required by 11 days.",Industrial Pumps,Stainless Steel,SS316,20 HP,9664,units,Chennai,11,General manufacturing,Normal,0.66,2805659.39,High
R01287,B0230,"Please quote for 8062 gearboxes, Steel, Worm, 2 HP. Location: Chennai. Required by 15 days.",Gearboxes,Steel,Worm,2 HP,8062,units,Chennai,15,Construction,Normal,0.82,2339646.88,High
R01288,B0942,"Looking for 3373 units of Stainless Steel steel brackets (MS), size 3 mm, for our industrial plant plant in Bengaluru. Need delivery in 28 days.",Steel Brackets,Stainless Steel,MS,3 mm,3373,units,Bengaluru,28,Industrial plant,Flexible,0.73,1263165.34,Medium
R01289,B1309,"Looking for 8146 units of Mild Steel steel brackets (SS304), size 3 mm, for our general manufacturing plant in Bengaluru. Need delivery in 9 days.",Steel Brackets,Mild Steel,SS304,3 mm,8146,units,Bengaluru,9,General manufacturing,Urgent,0.19,2215482.15,High
R01290,B0766,"Please quote for 8049 ball valves, Stainless Steel, CS, 1 inch. Location: Chennai. Required by 19 days.",Ball Valves,Stainless Steel,CS,1 inch,8049,units,Chennai,19,OEM project,Normal,0.93,2506958.79,High
R01291,B0074,"Need 3873 hydraulic cylinders for oem project, Stainless Steel MS, 150 mm. Delivery required in Bengaluru within 27 days. Please share quotation.",Hydraulic Cylinders,Stainless Steel,MS,150 mm,3873,units,Bengaluru,27,OEM project,Flexible,0.61,729365.73,Medium
R01292,B1199,"Please quote for 10512 industrial pumps, Cast Iron, SS316, 10 HP. Location: Nagpur. Required by 10 days.",Industrial Pumps,Cast Iron,SS316,10 HP,10512,units,Nagpur,10,Industrial plant,Urgent,0.19,3079245.46,High
R01293,B0272,"Please quote for 10294 hydraulic cylinders, Steel, MS, 50 mm. Location: Mumbai. Required by 18 days.",Hydraulic Cylinders,Steel,MS,50 mm,10294,units,Mumbai,18,OEM project,Normal,0.8,2149295.94,High
R01294,B1125,"Looking for 5417 units of Stainless Steel sheet metal parts (MS), size 2 mm, for our general manufacturing plant in Bengaluru. Need delivery in 14 days.",Sheet Metal Parts,Stainless Steel,MS,2 mm,5417,units,Bengaluru,14,General manufacturing,Normal,0.25,827975.36,High
R01295,B0339,"Need 2602 ball valves for oem project, Stainless Steel SS304, 3 inch. Delivery required in Hyderabad within 40 days. Please share quotation.",Ball Valves,Stainless Steel,SS304,3 inch,2602,units,Hyderabad,40,OEM project,Flexible,0.14,340247.85,Low
R01296,B1405,"Please quote for 7558 conveyor belts, Rubber, Food Grade, 1000 mm. Location: Kolkata. Required by 30 days.",Conveyor Belts,Rubber,Food Grade,1000 mm,7558,units,Kolkata,30,Construction,Flexible,0.81,2512965.97,High
R01297,B0418,"Need 5355 sheet metal parts for general manufacturing, Stainless Steel MS, 5 mm. Delivery required in Chennai within 45 days. Please share quotation.",Sheet Metal Parts,Stainless Steel,MS,5 mm,5355,units,Chennai,45,General manufacturing,Flexible,0.91,1286091.43,Medium
R01298,B0721,"Need 5250 electric motors for industrial plant, Aluminium IE3, 25 HP. Delivery required in Delhi within 25 days. Please share quotation.",Electric Motors,Aluminium,IE3,25 HP,5250,units,Delhi,25,Industrial plant,Normal,0.86,937672.14,High
R01299,B0924,"Please quote for 10160 steel brackets, Mild Steel, SS304, 3 mm. Location: Ahmedabad. Required by 35 days.",Steel Brackets,Mild Steel,SS304,3 mm,10160,units,Ahmedabad,35,Automotive,Flexible,0.35,4371123.62,Medium
R01300,B1067,"Please quote for 3288 gearboxes, Cast Iron, Worm, 2 HP. Location: Nagpur. Required by 9 days.",Gearboxes,Cast Iron,Worm,2 HP,3288,units,Nagpur,9,General manufacturing,Urgent,0.32,1606880.75,High
R01301,B0615,"Need 3752 industrial pumps for construction, Cast Iron CI, 10 HP. Delivery required in Nagpur within 44 days. Please share quotation.",Industrial Pumps,Cast Iron,CI,10 HP,3752,units,Nagpur,44,Construction,Flexible,0.86,196530.76,Low
R01302,B1035,"Please quote for 4581 sheet metal parts, Stainless Steel, MS, 5 mm. Location: Nagpur. Required by 12 days.",Sheet Metal Parts,Stainless Steel,MS,5 mm,4581,units,Nagpur,12,Automotive,Normal,0.88,1850056.18,High
R01303,B1030,"Please quote for 10303 gearboxes, Cast Iron, Helical, 2 HP. Location: Nagpur. Required by 18 days.",Gearboxes,Cast Iron,Helical,2 HP,10303,units,Nagpur,18,Construction,Normal,0.08,1722758.42,Medium
R01304,B0844,"Looking for 635 units of Carbon Steel ball valves (CS), size 2 inch, for our general manufacturing plant in Delhi. Need delivery in 22 days.",Ball Valves,Carbon Steel,CS,2 inch,635,units,Delhi,22,General manufacturing,Normal,0.84,310696.83,Low
R01305,B0473,"Looking for 5497 units of Mild Steel steel brackets (SS304), size 5 mm, for our general manufacturing plant in Bengaluru. Need delivery in 21 days.",Steel Brackets,Mild Steel,SS304,5 mm,5497,units,Bengaluru,21,General manufacturing,Normal,0.71,435645.51,Medium
R01306,B0605,"Need 4115 gearboxes for automotive, Cast Iron Helical, 10 HP. Delivery required in Nagpur within 21 days. Please share quotation.",Gearboxes,Cast Iron,Helical,10 HP,4115,units,Nagpur,21,Automotive,Normal,0.28,568436.36,Medium
R01307,B0158,"Need 7757 gearboxes for automotive, Cast Iron Worm, 5 HP. Delivery required in Pune within 45 days. Please share quotation.",Gearboxes,Cast Iron,Worm,5 HP,7757,units,Pune,45,Automotive,Flexible,0.44,2279988.74,Medium
R01308,B0350,"Need 5546 hydraulic cylinders for construction, Steel SS304, 50 mm. Delivery required in Nashik within 7 days. Please share quotation.",Hydraulic Cylinders,Steel,SS304,50 mm,5546,units,Nashik,7,Construction,Urgent,0.29,112131.42,High
R01309,B1083,"Please quote for 1123 ball valves, Carbon Steel, SS316, 2 inch. Location: Hyderabad. Required by 35 days.",Ball Valves,Carbon Steel,SS316,2 inch,1123,units,Hyderabad,35,Automotive,Flexible,0.95,469863.79,Low
R01310,B1224,"Need 3597 hydraulic cylinders for general manufacturing, Stainless Steel MS, 50 mm. Delivery required in Delhi within 30 days. Please share quotation.",Hydraulic Cylinders,Stainless Steel,MS,50 mm,3597,units,Delhi,30,General manufacturing,Flexible,0.33,659909.83,Medium
R01311,B0364,"Please quote for 10617 gearboxes, Steel, Helical, 5 HP. Location: Nagpur. Required by 9 days.",Gearboxes,Steel,Helical,5 HP,10617,units,Nagpur,9,Construction,Urgent,0.8,3799475.33,High
R01312,B0595,"Need 1922 steel brackets for construction, Stainless Steel SS304, 8 mm. Delivery required in Mumbai within 44 days. Please share quotation.",Steel Brackets,Stainless Steel,SS304,8 mm,1922,units,Mumbai,44,Construction,Flexible,0.28,503204.67,Low
R01313,B0316,"Need 11380 ball valves for oem project, Stainless Steel CS, 2 inch. Delivery required in Hyderabad within 39 days. Please share quotation.",Ball Valves,Stainless Steel,CS,2 inch,11380,units,Hyderabad,39,OEM project,Flexible,0.91,2479135.83,Medium
R01314,B1267,"Please quote for 4967 steel brackets, Stainless Steel, SS304, 5 mm. Location: Pune. Required by 12 days.",Steel Brackets,Stainless Steel,SS304,5 mm,4967,units,Pune,12,Automotive,Normal,0.51,831810.38,Medium
R01315,B1356,"Looking for 4890 units of Steel gearboxes (Worm), size 10 HP, for our oem project plant in Kolkata. Need delivery in 7 days.",Gearboxes,Steel,Worm,10 HP,4890,units,Kolkata,7,OEM project,Urgent,0.46,390318.05,Medium
R01316,B0195,"Need 4494 hydraulic cylinders for construction, Steel SS304, 100 mm. Delivery required in Nagpur within 10 days. Please share quotation.",Hydraulic Cylinders,Steel,SS304,100 mm,4494,units,Nagpur,10,Construction,Urgent,0.19,1501998.56,High
R01317,B1465,"Need 5906 hydraulic cylinders for industrial plant, Steel MS, 50 mm. Delivery required in Hyderabad within 37 days. Please share quotation.",Hydraulic Cylinders,Steel,MS,50 mm,5906,units,Hyderabad,37,Industrial plant,Flexible,0.73,828840.44,Medium
R01318,B0519,"Need 6459 steel brackets for industrial plant, Mild Steel MS, 3 mm. Delivery required in Chennai within 8 days. Please share quotation.",Steel Brackets,Mild Steel,MS,3 mm,6459,units,Chennai,8,Industrial plant,Urgent,0.24,1099997.85,High
R01319,B1300,"Please quote for 7787 gearboxes, Steel, Helical, 5 HP. Location: Hyderabad. Required by 4 days.",Gearboxes,Steel,Helical,5 HP,7787,units,Hyderabad,4,Construction,Urgent,0.66,2592059.81,High
R01320,B0366,"Looking for 4974 units of Stainless Steel sheet metal parts (SS304), size 5 mm, for our general manufacturing plant in Pune. Need delivery in 37 days.",Sheet Metal Parts,Stainless Steel,SS304,5 mm,4974,units,Pune,37,General manufacturing,Flexible,0.84,1652057.29,Medium
R01321,B1010,"Need 11471 industrial pumps for automotive, Stainless Steel SS304, 5 HP. Delivery required in Pune within 26 days. Please share quotation.",Industrial Pumps,Stainless Steel,SS304,5 HP,11471,units,Pune,26,Automotive,Flexible,0.28,3523964.47,Medium
R01322,B1214,"Please quote for 3015 sheet metal parts, Mild Steel, SS304, 5 mm. Location: Hyderabad. Required by 25 days.",Sheet Metal Parts,Mild Steel,SS304,5 mm,3015,units,Hyderabad,25,Construction,Normal,0.21,1491273.35,Medium
R01323,B1130,"Need 11645 steel brackets for oem project, Mild Steel MS, 8 mm. Delivery required in Delhi within 40 days. Please share quotation.",Steel Brackets,Mild Steel,MS,8 mm,11645,units,Delhi,40,OEM project,Flexible,0.8,810853.8,Medium
R01324,B0082,"Looking for 10285 units of PU conveyor belts (Grade A), size 1000 mm, for our oem project plant in Nashik. Need delivery in 32 days.",Conveyor Belts,PU,Grade A,1000 mm,10285,units,Nashik,32,OEM project,Flexible,0.18,5062518.36,Medium
R01325,B0874,"Please quote for 3804 conveyor belts, PU, Food Grade, 1000 mm. Location: Mumbai. Required by 36 days.",Conveyor Belts,PU,Food Grade,1000 mm,3804,units,Mumbai,36,OEM project,Flexible,0.58,223328.68,Low
R01326,B0007,"Looking for 4106 units of Stainless Steel steel brackets (SS304), size 5 mm, for our automotive plant in Ahmedabad. Need delivery in 32 days.",Steel Brackets,Stainless Steel,SS304,5 mm,4106,units,Ahmedabad,32,Automotive,Flexible,0.48,2046417.49,Medium
R01327,B1034,"Looking for 10810 units of Cast Iron industrial pumps (CI), size 10 HP, for our oem project plant in Nagpur. Need delivery in 42 days.",Industrial Pumps,Cast Iron,CI,10 HP,10810,units,Nagpur,42,OEM project,Flexible,0.7,2582648.83,Medium
R01328,B0736,"Looking for 8979 units of Cast Iron gearboxes (Helical), size 2 HP, for our oem project plant in Pune. Need delivery in 23 days.",Gearboxes,Cast Iron,Helical,2 HP,8979,units,Pune,23,OEM project,Normal,0.75,2560573.58,High
R01329,B0847,"Need 1671 steel brackets for automotive, Mild Steel MS, 5 mm. Delivery required in Delhi within 15 days. Please share quotation.",Steel Brackets,Mild Steel,MS,5 mm,1671,units,Delhi,15,Automotive,Normal,0.66,110634.17,Medium
R01330,B0879,"Need 9795 hydraulic cylinders for construction, Steel MS, 50 mm. Delivery required in Hyderabad within 34 days. Please share quotation.",Hydraulic Cylinders,Steel,MS,50 mm,9795,units,Hyderabad,34,Construction,Flexible,0.4,3988619.37,Medium
R01331,B0535,"Need 518 hydraulic cylinders for general manufacturing, Steel SS304, 150 mm. Delivery required in Ahmedabad within 7 days. Please share quotation.",Hydraulic Cylinders,Steel,SS304,150 mm,518,units,Ahmedabad,7,General manufacturing,Urgent,0.42,45335.39,Medium
R01332,B1078,"Please quote for 3275 sheet metal parts, Stainless Steel, MS, 10 mm. Location: Nashik. Required by 16 days.",Sheet Metal Parts,Stainless Steel,MS,10 mm,3275,units,Nashik,16,OEM project,Normal,0.65,1459617.18,Medium
R01333,B0867,"Need 7280 conveyor belts for automotive, PU Food Grade, 1000 mm. Delivery required in Bengaluru within 11 days. Please share quotation.",Conveyor Belts,PU,Food Grade,1000 mm,7280,units,Bengaluru,11,Automotive,Normal,0.76,3458259.06,High
R01334,B0825,"Need 5030 sheet metal parts for industrial plant, Mild Steel MS, 2 mm. Delivery required in Nagpur within 16 days. Please share quotation.",Sheet Metal Parts,Mild Steel,MS,2 mm,5030,units,Nagpur,16,Industrial plant,Normal,0.97,1392398.24,High
R01335,B0499,"Please quote for 9546 industrial pumps, Cast Iron, CI, 10 HP. Location: Ahmedabad. Required by 4 days.",Industrial Pumps,Cast Iron,CI,10 HP,9546,units,Ahmedabad,4,Automotive,Urgent,0.42,3861928.98,High
R01336,B0094,"Need 2133 hydraulic cylinders for industrial plant, Steel MS, 50 mm. Delivery required in Mumbai within 35 days. Please share quotation.",Hydraulic Cylinders,Steel,MS,50 mm,2133,units,Mumbai,35,Industrial plant,Flexible,0.52,131983.79,Low
R01337,B1164,"Please quote for 9033 gearboxes, Cast Iron, Worm, 10 HP. Location: Chennai. Required by 37 days.",Gearboxes,Cast Iron,Worm,10 HP,9033,units,Chennai,37,General manufacturing,Flexible,0.57,459154.77,Low
R01338,B0266,"Need 357 industrial pumps for construction, Stainless Steel CI, 5 HP. Delivery required in Ahmedabad within 15 days. Please share quotation.",Industrial Pumps,Stainless Steel,CI,5 HP,357,units,Ahmedabad,15,Construction,Normal,0.04,59711.0,Low
R01339,B0751,"Looking for 4840 units of Steel hydraulic cylinders (MS), size 50 mm, for our automotive plant in Hyderabad. Need delivery in 3 days.",Hydraulic Cylinders,Steel,MS,50 mm,4840,units,Hyderabad,3,Automotive,Urgent,0.96,641388.07,High
R01340,B1419,"Looking for 11828 units of Stainless Steel sheet metal parts (MS), size 2 mm, for our industrial plant plant in Chennai. Need delivery in 12 days.",Sheet Metal Parts,Stainless Steel,MS,2 mm,11828,units,Chennai,12,Industrial plant,Normal,0.13,4523143.92,High
R01341,B0930,"Looking for 11665 units of Carbon Steel ball valves (SS316), size 1 inch, for our oem project plant in Kolkata. Need delivery in 41 days.",Ball Valves,Carbon Steel,SS316,1 inch,11665,units,Kolkata,41,OEM project,Flexible,0.42,5307424.1,Medium
R01342,B1176,"Need 8213 sheet metal parts for automotive, Stainless Steel MS, 2 mm. Delivery required in Chennai within 32 days. Please share quotation.",Sheet Metal Parts,Stainless Steel,MS,2 mm,8213,units,Chennai,32,Automotive,Flexible,0.61,2265596.46,Medium
R01343,B0840,"Please quote for 7827 steel brackets, Stainless Steel, MS, 8 mm. Location: Delhi. Required by 5 days.",Steel Brackets,Stainless Steel,MS,8 mm,7827,units,Delhi,5,Construction,Urgent,0.81,2933924.77,High
R01344,B0825,"Looking for 4616 units of Carbon Steel ball valves (CS), size 1 inch, for our oem project plant in Mumbai. Need delivery in 37 days.",Ball Valves,Carbon Steel,CS,1 inch,4616,units,Mumbai,37,OEM project,Flexible,0.73,1374620.33,Medium
R01345,B1105,"Please quote for 1772 industrial pumps, Stainless Steel, CI, 20 HP. Location: Bengaluru. Required by 34 days.",Industrial Pumps,Stainless Steel,CI,20 HP,1772,units,Bengaluru,34,Construction,Flexible,0.33,125635.99,Low
R01346,B0648,"Looking for 4589 units of Cast Iron gearboxes (Helical), size 5 HP, for our industrial plant plant in Ahmedabad. Need delivery in 41 days.",Gearboxes,Cast Iron,Helical,5 HP,4589,units,Ahmedabad,41,Industrial plant,Flexible,0.03,1577012.68,Medium
R01347,B0940,"Please quote for 7492 gearboxes, Cast Iron, Worm, 5 HP. Location: Pune. Required by 11 days.",Gearboxes,Cast Iron,Worm,5 HP,7492,units,Pune,11,Automotive,Normal,0.66,1426892.09,High
R01348,B0922,"Please quote for 11201 steel brackets, Stainless Steel, MS, 5 mm. Location: Bengaluru. Required by 24 days.",Steel Brackets,Stainless Steel,MS,5 mm,11201,units,Bengaluru,24,Industrial plant,Normal,0.71,4790905.66,High
R01349,B0217,"Need 8266 gearboxes for oem project, Steel Worm, 10 HP. Delivery required in Kolkata within 37 days. Please share quotation.",Gearboxes,Steel,Worm,10 HP,8266,units,Kolkata,37,OEM project,Flexible,0.74,3061401.57,Medium
R01350,B0825,"Need 374 sheet metal parts for general manufacturing, Mild Steel MS, 5 mm. Delivery required in Nagpur within 22 days. Please share quotation.",Sheet Metal Parts,Mild Steel,MS,5 mm,374,units,Nagpur,22,General manufacturing,Normal,0.69,38678.39,Low
R01351,B0560,"Need 1572 hydraulic cylinders for oem project, Stainless Steel MS, 100 mm. Delivery required in Pune within 22 days. Please share quotation.",Hydraulic Cylinders,Stainless Steel,MS,100 mm,1572,units,Pune,22,OEM project,Normal,0.96,225446.55,Low
R01352,B1029,"Looking for 991 units of Mild Steel steel brackets (MS), size 5 mm, for our oem project plant in Ahmedabad. Need delivery in 39 days.",Steel Brackets,Mild Steel,MS,5 mm,991,units,Ahmedabad,39,OEM project,Flexible,0.47,485825.65,Low
R01353,B0276,"Looking for 5366 units of Stainless Steel industrial pumps (SS304), size 5 HP, for our construction plant in Chennai. Need delivery in 6 days.",Industrial Pumps,Stainless Steel,SS304,5 HP,5366,units,Chennai,6,Construction,Urgent,0.84,1301355.86,High
R01354,B0951,"Looking for 11149 units of Steel gearboxes (Worm), size 10 HP, for our automotive plant in Pune. Need delivery in 16 days.",Gearboxes,Steel,Worm,10 HP,11149,units,Pune,16,Automotive,Normal,0.62,764023.12,Medium
R01355,B0393,"Need 2655 steel brackets for automotive, Mild Steel MS, 8 mm. Delivery required in Ahmedabad within 32 days. Please share quotation.",Steel Brackets,Mild Steel,MS,8 mm,2655,units,Ahmedabad,32,Automotive,Flexible,0.09,1244530.51,Medium
R01356,B0341,"Looking for 4074 units of Steel gearboxes (Helical), size 2 HP, for our construction plant in Mumbai. Need delivery in 19 days.",Gearboxes,Steel,Helical,2 HP,4074,units,Mumbai,19,Construction,Normal,0.37,1620751.11,Medium
R01357,B1399,"Looking for 4046 units of Carbon Steel ball valves (SS304), size 1 inch, for our general manufacturing plant in Ahmedabad. Need delivery in 18 days.",Ball Valves,Carbon Steel,SS304,1 inch,4046,units,Ahmedabad,18,General manufacturing,Normal,0.3,1806068.53,Medium
R01358,B0137,"Need 5184 hydraulic cylinders for industrial plant, Steel SS304, 50 mm. Delivery required in Mumbai within 44 days. Please share quotation.",Hydraulic Cylinders,Steel,SS304,50 mm,5184,units,Mumbai,44,Industrial plant,Flexible,0.59,375456.12,Low
R01359,B0739,"Need 209 industrial pumps for industrial plant, Stainless Steel SS304, 10 HP. Delivery required in Chennai within 9 days. Please share quotation.",Industrial Pumps,Stainless Steel,SS304,10 HP,209,units,Chennai,9,Industrial plant,Urgent,0.18,82836.84,Low
R01360,B0279,"Looking for 6964 units of Cast Iron electric motors (IE2), size 25 HP, for our industrial plant plant in Chennai. Need delivery in 44 days.",Electric Motors,Cast Iron,IE2,25 HP,6964,units,Chennai,44,Industrial plant,Flexible,0.77,1026819.58,Medium
R01361,B1438,"Need 11249 ball valves for oem project, Stainless Steel SS316, 1 inch. Delivery required in Bengaluru within 45 days. Please share quotation.",Ball Valves,Stainless Steel,SS316,1 inch,11249,units,Bengaluru,45,OEM project,Flexible,0.53,989924.97,Medium
R01362,B0219,"Looking for 5209 units of Stainless Steel hydraulic cylinders (MS), size 100 mm, for our general manufacturing plant in Kolkata. Need delivery in 12 days.",Hydraulic Cylinders,Stainless Steel,MS,100 mm,5209,units,Kolkata,12,General manufacturing,Normal,0.85,254265.03,Medium
R01363,B0423,"Please quote for 2208 electric motors, Aluminium, IE2, 5 HP. Location: Delhi. Required by 25 days.",Electric Motors,Aluminium,IE2,5 HP,2208,units,Delhi,25,OEM project,Normal,0.74,103472.32,Medium
R01364,B1292,"Looking for 479 units of Steel hydraulic cylinders (MS), size 100 mm, for our automotive plant in Chennai. Need delivery in 23 days.",Hydraulic Cylinders,Steel,MS,100 mm,479,units,Chennai,23,Automotive,Normal,0.81,144292.27,Low
R01365,B1159,"Looking for 5887 units of Stainless Steel hydraulic cylinders (SS304), size 50 mm, for our general manufacturing plant in Nashik. Need delivery in 20 days.",Hydraulic Cylinders,Stainless Steel,SS304,50 mm,5887,units,Nashik,20,General manufacturing,Normal,0.26,2688466.81,Medium
R01366,B0800,"Looking for 4645 units of Rubber conveyor belts (Food Grade), size 800 mm, for our general manufacturing plant in Pune. Need delivery in 6 days.",Conveyor Belts,Rubber,Food Grade,800 mm,4645,units,Pune,6,General manufacturing,Urgent,0.55,2152890.88,High
R01367,B1335,"Looking for 3426 units of Mild Steel steel brackets (MS), size 5 mm, for our oem project plant in Chennai. Need delivery in 32 days.",Steel Brackets,Mild Steel,MS,5 mm,3426,units,Chennai,32,OEM project,Flexible,0.65,646778.76,Medium
R01368,B1498,"Need 2007 gearboxes for automotive, Cast Iron Helical, 2 HP. Delivery required in Pune within 19 days. Please share quotation.",Gearboxes,Cast Iron,Helical,2 HP,2007,units,Pune,19,Automotive,Normal,0.6,982077.74,Medium
R01369,B0294,"Looking for 9416 units of Stainless Steel industrial pumps (SS316), size 5 HP, for our industrial plant plant in Nagpur. Need delivery in 17 days.",Industrial Pumps,Stainless Steel,SS316,5 HP,9416,units,Nagpur,17,Industrial plant,Normal,0.95,2178607.26,High
R01370,B1394,"Please quote for 3317 hydraulic cylinders, Steel, SS304, 100 mm. Location: Mumbai. Required by 28 days.",Hydraulic Cylinders,Steel,SS304,100 mm,3317,units,Mumbai,28,Automotive,Flexible,0.78,434350.59,Medium
R01371,B1023,"Please quote for 2552 electric motors, Aluminium, IE3, 10 HP. Location: Chennai. Required by 38 days.",Electric Motors,Aluminium,IE3,10 HP,2552,units,Chennai,38,OEM project,Flexible,0.91,162272.95,Low
R01372,B1486,"Need 9924 gearboxes for construction, Steel Worm, 5 HP. Delivery required in Bengaluru within 42 days. Please share quotation.",Gearboxes,Steel,Worm,5 HP,9924,units,Bengaluru,42,Construction,Flexible,0.73,1024001.47,Medium
R01373,B0331,"Need 11969 sheet metal parts for industrial plant, Stainless Steel MS, 5 mm. Delivery required in Mumbai within 36 days. Please share quotation.",Sheet Metal Parts,Stainless Steel,MS,5 mm,11969,units,Mumbai,36,Industrial plant,Flexible,0.6,5422828.31,Medium
R01374,B0083,"Looking for 6368 units of PU conveyor belts (Grade A), size 800 mm, for our general manufacturing plant in Mumbai. Need delivery in 32 days.",Conveyor Belts,PU,Grade A,800 mm,6368,units,Mumbai,32,General manufacturing,Flexible,0.73,2164042.62,Medium
R01375,B0014,"Need 1343 gearboxes for general manufacturing, Steel Worm, 2 HP. Delivery required in Nashik within 38 days. Please share quotation.",Gearboxes,Steel,Worm,2 HP,1343,units,Nashik,38,General manufacturing,Flexible,0.71,37115.08,Low
R01376,B1471,"Need 10667 steel brackets for construction, Stainless Steel SS304, 5 mm. Delivery required in Ahmedabad within 43 days. Please share quotation.",Steel Brackets,Stainless Steel,SS304,5 mm,10667,units,Ahmedabad,43,Construction,Flexible,0.44,2905974.69,Medium
R01377,B1309,"Looking for 3011 units of Steel gearboxes (Worm), size 5 HP, for our industrial plant plant in Delhi. Need delivery in 42 days.",Gearboxes,Steel,Worm,5 HP,3011,units,Delhi,42,Industrial plant,Flexible,0.19,391531.3,Low
R01378,B0003,"Looking for 6872 units of Mild Steel steel brackets (SS304), size 8 mm, for our automotive plant in Nagpur. Need delivery in 14 days.",Steel Brackets,Mild Steel,SS304,8 mm,6872,units,Nagpur,14,Automotive,Normal,0.44,592487.63,High
R01379,B0704,"Need 10309 steel brackets for general manufacturing, Stainless Steel MS, 3 mm. Delivery required in Ahmedabad within 36 days. Please share quotation.",Steel Brackets,Stainless Steel,MS,3 mm,10309,units,Ahmedabad,36,General manufacturing,Flexible,0.87,5012239.17,Medium
R01380,B0929,"Need 4093 ball valves for construction, Carbon Steel SS316, 2 inch. Delivery required in Mumbai within 4 days. Please share quotation.",Ball Valves,Carbon Steel,SS316,2 inch,4093,units,Mumbai,4,Construction,Urgent,0.03,210530.84,Medium
R01381,B0976,"Need 3453 hydraulic cylinders for general manufacturing, Steel SS304, 150 mm. Delivery required in Delhi within 32 days. Please share quotation.",Hydraulic Cylinders,Steel,SS304,150 mm,3453,units,Delhi,32,General manufacturing,Flexible,0.89,284823.56,Low
R01382,B1427,"Need 5588 electric motors for general manufacturing, Aluminium IE3, 25 HP. Delivery required in Pune within 13 days. Please share quotation.",Electric Motors,Aluminium,IE3,25 HP,5588,units,Pune,13,General manufacturing,Normal,0.53,2336561.28,High
R01383,B0249,"Please quote for 983 gearboxes, Cast Iron, Helical, 10 HP. Location: Chennai. Required by 12 days.",Gearboxes,Cast Iron,Helical,10 HP,983,units,Chennai,12,Industrial plant,Normal,0.58,430826.58,Low
R01384,B1272,"Please quote for 9788 electric motors, Cast Iron, IE2, 5 HP. Location: Bengaluru. Required by 39 days.",Electric Motors,Cast Iron,IE2,5 HP,9788,units,Bengaluru,39,General manufacturing,Flexible,0.52,4014770.17,Medium
R01385,B1103,"Need 5930 sheet metal parts for automotive, Stainless Steel MS, 5 mm. Delivery required in Chennai within 42 days. Please share quotation.",Sheet Metal Parts,Stainless Steel,MS,5 mm,5930,units,Chennai,42,Automotive,Flexible,0.79,1686392.35,Medium
R01386,B1281,"Please quote for 5528 industrial pumps, Cast Iron, SS304, 10 HP. Location: Pune. Required by 13 days.",Industrial Pumps,Cast Iron,SS304,10 HP,5528,units,Pune,13,Construction,Normal,0.42,1287896.22,High
R01387,B0608,"Please quote for 11206 hydraulic cylinders, Stainless Steel, SS304, 100 mm. Location: Kolkata. Required by 24 days.",Hydraulic Cylinders,Stainless Steel,SS304,100 mm,11206,units,Kolkata,24,Automotive,Normal,0.83,2027432.43,High
R01388,B1107,"Need 6775 sheet metal parts for general manufacturing, Mild Steel MS, 5 mm. Delivery required in Nagpur within 21 days. Please share quotation.",Sheet Metal Parts,Mild Steel,MS,5 mm,6775,units,Nagpur,21,General manufacturing,Normal,0.29,1238307.54,Medium
R01389,B0300,"Need 10690 steel brackets for construction, Stainless Steel MS, 3 mm. Delivery required in Kolkata within 20 days. Please share quotation.",Steel Brackets,Stainless Steel,MS,3 mm,10690,units,Kolkata,20,Construction,Normal,0.49,4866079.14,Medium
R01390,B0774,"Looking for 9928 units of Steel gearboxes (Helical), size 5 HP, for our construction plant in Delhi. Need delivery in 39 days.",Gearboxes,Steel,Helical,5 HP,9928,units,Delhi,39,Construction,Flexible,0.26,3605191.66,Medium
R01391,B0738,"Please quote for 9190 industrial pumps, Cast Iron, CI, 20 HP. Location: Hyderabad. Required by 39 days.",Industrial Pumps,Cast Iron,CI,20 HP,9190,units,Hyderabad,39,OEM project,Flexible,0.31,3871252.23,Medium
R01392,B0484,"Please quote for 6496 electric motors, Aluminium, IE2, 5 HP. Location: Hyderabad. Required by 32 days.",Electric Motors,Aluminium,IE2,5 HP,6496,units,Hyderabad,32,Industrial plant,Flexible,0.58,1525570.3,Medium
R01393,B0730,"Please quote for 878 hydraulic cylinders, Steel, SS304, 100 mm. Location: Mumbai. Required by 13 days.",Hydraulic Cylinders,Steel,SS304,100 mm,878,units,Mumbai,13,Construction,Normal,0.67,329651.14,Medium
R01394,B0706,"Need 8975 steel brackets for general manufacturing, Mild Steel SS304, 5 mm. Delivery required in Pune within 20 days. Please share quotation.",Steel Brackets,Mild Steel,SS304,5 mm,8975,units,Pune,20,General manufacturing,Normal,0.8,1045003.26,High
R01395,B0452,"Please quote for 2943 sheet metal parts, Stainless Steel, SS304, 10 mm. Location: Hyderabad. Required by 40 days.",Sheet Metal Parts,Stainless Steel,SS304,10 mm,2943,units,Hyderabad,40,Industrial plant,Flexible,0.97,1387411.27,Medium
R01396,B0511,"Need 8151 steel brackets for construction, Mild Steel SS304, 5 mm. Delivery required in Mumbai within 12 days. Please share quotation.",Steel Brackets,Mild Steel,SS304,5 mm,8151,units,Mumbai,12,Construction,Normal,0.03,446148.11,Medium
R01397,B0015,"Please quote for 1906 hydraulic cylinders, Stainless Steel, SS304, 150 mm. Location: Bengaluru. Required by 17 days.",Hydraulic Cylinders,Stainless Steel,SS304,150 mm,1906,units,Bengaluru,17,Industrial plant,Normal,0.54,386375.89,Low
R01398,B0551,"Need 3507 industrial pumps for oem project, Cast Iron SS316, 20 HP. Delivery required in Hyderabad within 44 days. Please share quotation.",Industrial Pumps,Cast Iron,SS316,20 HP,3507,units,Hyderabad,44,OEM project,Flexible,0.82,1588318.88,Medium
R01399,B1392,"Please quote for 3117 conveyor belts, PU, Food Grade, 1000 mm. Location: Nashik. Required by 40 days.",Conveyor Belts,PU,Food Grade,1000 mm,3117,units,Nashik,40,OEM project,Flexible,1.0,984771.19,Medium
R01400,B0491,"Need 8184 sheet metal parts for automotive, Stainless Steel MS, 10 mm. Delivery required in Pune within 30 days. Please share quotation.",Sheet Metal Parts,Stainless Steel,MS,10 mm,8184,units,Pune,30,Automotive,Flexible,0.87,3430334.75,High
R01401,B0897,"Need 9707 industrial pumps for general manufacturing, Stainless Steel SS316, 20 HP. Delivery required in Mumbai within 45 days. Please share quotation.",Industrial Pumps,Stainless Steel,SS316,20 HP,9707,units,Mumbai,45,General manufacturing,Flexible,0.66,1999731.91,Medium
R01402,B0523,"Looking for 3074 units of Cast Iron gearboxes (Worm), size 5 HP, for our general manufacturing plant in Mumbai. Need delivery in 25 days.",Gearboxes,Cast Iron,Worm,5 HP,3074,units,Mumbai,25,General manufacturing,Normal,0.83,1151967.99,Medium
R01403,B0479,"Please quote for 2465 gearboxes, Steel, Helical, 10 HP. Location: Ahmedabad. Required by 37 days.",Gearboxes,Steel,Helical,10 HP,2465,units,Ahmedabad,37,General manufacturing,Flexible,0.06,477083.2,Low
R01404,B1199,"Please quote for 3415 ball valves, Carbon Steel, SS304, 2 inch. Location: Ahmedabad. Required by 39 days.",Ball Valves,Carbon Steel,SS304,2 inch,3415,units,Ahmedabad,39,Industrial plant,Flexible,0.9,426961.49,Low
R01405,B1472,"Looking for 410 units of Stainless Steel steel brackets (MS), size 8 mm, for our automotive plant in Pune. Need delivery in 32 days.",Steel Brackets,Stainless Steel,MS,8 mm,410,units,Pune,32,Automotive,Flexible,0.95,9522.68,Low
R01406,B0015,"Looking for 7933 units of Cast Iron electric motors (IE3), size 10 HP, for our construction plant in Mumbai. Need delivery in 26 days.",Electric Motors,Cast Iron,IE3,10 HP,7933,units,Mumbai,26,Construction,Flexible,0.32,1605146.14,Medium
R01407,B0922,"Looking for 11253 units of Rubber conveyor belts (Grade A), size 800 mm, for our general manufacturing plant in Ahmedabad. Need delivery in 26 days.",Conveyor Belts,Rubber,Grade A,800 mm,11253,units,Ahmedabad,26,General manufacturing,Flexible,0.93,3829775.58,High
R01408,B0701,"Please quote for 4143 sheet metal parts, Stainless Steel, SS304, 5 mm. Location: Chennai. Required by 28 days.",Sheet Metal Parts,Stainless Steel,SS304,5 mm,4143,units,Chennai,28,Automotive,Flexible,0.14,1549267.11,Medium
R01409,B0276,"Please quote for 3051 gearboxes, Steel, Worm, 5 HP. Location: Mumbai. Required by 34 days.",Gearboxes,Steel,Worm,5 HP,3051,units,Mumbai,34,Construction,Flexible,0.56,786095.63,Medium
R01410,B0084,"Looking for 4920 units of Mild Steel sheet metal parts (SS304), size 5 mm, for our industrial plant plant in Ahmedabad. Need delivery in 12 days.",Sheet Metal Parts,Mild Steel,SS304,5 mm,4920,units,Ahmedabad,12,Industrial plant,Normal,0.89,952863.19,High
R01411,B0885,"Need 8641 steel brackets for automotive, Mild Steel SS304, 8 mm. Delivery required in Hyderabad within 20 days. Please share quotation.",Steel Brackets,Mild Steel,SS304,8 mm,8641,units,Hyderabad,20,Automotive,Normal,0.58,1893632.62,Medium
R01412,B0496,"Need 4069 conveyor belts for automotive, Rubber Grade A, 800 mm. Delivery required in Pune within 15 days. Please share quotation.",Conveyor Belts,Rubber,Grade A,800 mm,4069,units,Pune,15,Automotive,Normal,0.9,1834803.75,High
R01413,B0761,"Need 10974 ball valves for construction, Stainless Steel CS, 2 inch. Delivery required in Pune within 28 days. Please share quotation.",Ball Valves,Stainless Steel,CS,2 inch,10974,units,Pune,28,Construction,Flexible,0.7,2843509.14,High
R01414,B1072,"Need 5649 hydraulic cylinders for industrial plant, Steel SS304, 50 mm. Delivery required in Mumbai within 20 days. Please share quotation.",Hydraulic Cylinders,Steel,SS304,50 mm,5649,units,Mumbai,20,Industrial plant,Normal,0.32,1346240.97,Medium
R01415,B0507,"Please quote for 1478 sheet metal parts, Mild Steel, SS304, 10 mm. Location: Delhi. Required by 24 days.",Sheet Metal Parts,Mild Steel,SS304,10 mm,1478,units,Delhi,24,Construction,Normal,0.99,336056.65,Low
R01416,B1259,"Please quote for 7621 hydraulic cylinders, Stainless Steel, SS304, 50 mm. Location: Kolkata. Required by 12 days.",Hydraulic Cylinders,Stainless Steel,SS304,50 mm,7621,units,Kolkata,12,Construction,Normal,0.58,601145.31,High
R01417,B1401,"Please quote for 6976 ball valves, Carbon Steel, SS304, 2 inch. Location: Nagpur. Required by 22 days.",Ball Valves,Carbon Steel,SS304,2 inch,6976,units,Nagpur,22,General manufacturing,Normal,0.28,1456592.25,Medium
R01418,B0186,"Need 9684 gearboxes for general manufacturing, Steel Helical, 5 HP. Delivery required in Chennai within 15 days. Please share quotation.",Gearboxes,Steel,Helical,5 HP,9684,units,Chennai,15,General manufacturing,Normal,0.13,4779727.81,High
R01419,B0264,"Need 10180 sheet metal parts for automotive, Mild Steel MS, 10 mm. Delivery required in Bengaluru within 11 days. Please share quotation.",Sheet Metal Parts,Mild Steel,MS,10 mm,10180,units,Bengaluru,11,Automotive,Normal,0.78,696438.62,High
R01420,B0375,"Need 4509 hydraulic cylinders for industrial plant, Steel MS, 150 mm. Delivery required in Bengaluru within 27 days. Please share quotation.",Hydraulic Cylinders,Steel,MS,150 mm,4509,units,Bengaluru,27,Industrial plant,Flexible,0.04,992858.2,Medium
R01421,B1499,"Need 3576 gearboxes for industrial plant, Steel Worm, 5 HP. Delivery required in Delhi within 41 days. Please share quotation.",Gearboxes,Steel,Worm,5 HP,3576,units,Delhi,41,Industrial plant,Flexible,0.38,565778.45,Medium
R01422,B0582,"Need 257 hydraulic cylinders for general manufacturing, Steel MS, 100 mm. Delivery required in Delhi within 6 days. Please share quotation.",Hydraulic Cylinders,Steel,MS,100 mm,257,units,Delhi,6,General manufacturing,Urgent,0.67,70157.24,Medium
R01423,B1230,"Need 8690 steel brackets for construction, Stainless Steel SS304, 5 mm. Delivery required in Ahmedabad within 15 days. Please share quotation.",Steel Brackets,Stainless Steel,SS304,5 mm,8690,units,Ahmedabad,15,Construction,Normal,0.74,4156306.78,High
R01424,B0415,"Need 10500 conveyor belts for general manufacturing, Rubber Grade A, 1000 mm. Delivery required in Nagpur within 41 days. Please share quotation.",Conveyor Belts,Rubber,Grade A,1000 mm,10500,units,Nagpur,41,General manufacturing,Flexible,0.02,4886478.56,Medium
R01425,B1002,"Looking for 10985 units of Cast Iron industrial pumps (SS316), size 5 HP, for our industrial plant plant in Kolkata. Need delivery in 14 days.",Industrial Pumps,Cast Iron,SS316,5 HP,10985,units,Kolkata,14,Industrial plant,Normal,0.63,5116106.03,High
R01426,B0692,"Looking for 5642 units of PU conveyor belts (Food Grade), size 800 mm, for our general manufacturing plant in Ahmedabad. Need delivery in 31 days.",Conveyor Belts,PU,Food Grade,800 mm,5642,units,Ahmedabad,31,General manufacturing,Flexible,0.31,2677504.36,Medium
R01427,B1182,"Please quote for 2964 ball valves, Carbon Steel, SS316, 1 inch. Location: Hyderabad. Required by 29 days.",Ball Valves,Carbon Steel,SS316,1 inch,2964,units,Hyderabad,29,General manufacturing,Flexible,0.87,368231.9,Medium
R01428,B0456,"Please quote for 855 electric motors, Aluminium, IE3, 25 HP. Location: Nashik. Required by 7 days.",Electric Motors,Aluminium,IE3,25 HP,855,units,Nashik,7,Construction,Urgent,0.25,121622.05,Medium
R01429,B0441,"Please quote for 10157 industrial pumps, Cast Iron, SS304, 10 HP. Location: Kolkata. Required by 42 days.",Industrial Pumps,Cast Iron,SS304,10 HP,10157,units,Kolkata,42,Construction,Flexible,0.88,2509937.4,Medium
R01430,B0497,"Please quote for 731 ball valves, Stainless Steel, CS, 3 inch. Location: Delhi. Required by 31 days.",Ball Valves,Stainless Steel,CS,3 inch,731,units,Delhi,31,Automotive,Flexible,0.7,136248.13,Low
R01431,B0364,"Need 1454 hydraulic cylinders for automotive, Stainless Steel SS304, 150 mm. Delivery required in Ahmedabad within 14 days. Please share quotation.",Hydraulic Cylinders,Stainless Steel,SS304,150 mm,1454,units,Ahmedabad,14,Automotive,Normal,0.83,159572.26,Medium
R01432,B0431,"Need 83 gearboxes for industrial plant, Steel Helical, 2 HP. Delivery required in Ahmedabad within 19 days. Please share quotation.",Gearboxes,Steel,Helical,2 HP,83,units,Ahmedabad,19,Industrial plant,Normal,0.75,13217.64,Low
R01433,B0816,"Please quote for 2580 gearboxes, Cast Iron, Worm, 2 HP. Location: Pune. Required by 43 days.",Gearboxes,Cast Iron,Worm,2 HP,2580,units,Pune,43,Automotive,Flexible,0.5,1237541.99,Medium
R01434,B0386,"Please quote for 789 hydraulic cylinders, Steel, SS304, 150 mm. Location: Kolkata. Required by 31 days.",Hydraulic Cylinders,Steel,SS304,150 mm,789,units,Kolkata,31,OEM project,Flexible,0.75,362688.2,Low
R01435,B0869,"Please quote for 9653 conveyor belts, Rubber, Grade A, 500 mm. Location: Pune. Required by 6 days.",Conveyor Belts,Rubber,Grade A,500 mm,9653,units,Pune,6,General manufacturing,Urgent,0.96,3579568.47,High
R01436,B0057,"Need 6076 sheet metal parts for automotive, Stainless Steel SS304, 5 mm. Delivery required in Kolkata within 29 days. Please share quotation.",Sheet Metal Parts,Stainless Steel,SS304,5 mm,6076,units,Kolkata,29,Automotive,Flexible,0.29,1470453.63,Medium
R01437,B1083,"Looking for 11681 units of Cast Iron gearboxes (Helical), size 2 HP, for our construction plant in Ahmedabad. Need delivery in 27 days.",Gearboxes,Cast Iron,Helical,2 HP,11681,units,Ahmedabad,27,Construction,Flexible,0.94,5031262.83,High
R01438,B0140,"Please quote for 6750 ball valves, Carbon Steel, SS316, 3 inch. Location: Delhi. Required by 24 days.",Ball Valves,Carbon Steel,SS316,3 inch,6750,units,Delhi,24,Automotive,Normal,0.37,3336480.69,Medium
R01439,B1312,"Need 11548 sheet metal parts for oem project, Stainless Steel SS304, 5 mm. Delivery required in Nagpur within 26 days. Please share quotation.",Sheet Metal Parts,Stainless Steel,SS304,5 mm,11548,units,Nagpur,26,OEM project,Flexible,0.71,4585799.81,High
R01440,B0262,"Looking for 9348 units of Stainless Steel sheet metal parts (MS), size 2 mm, for our oem project plant in Hyderabad. Need delivery in 20 days.",Sheet Metal Parts,Stainless Steel,MS,2 mm,9348,units,Hyderabad,20,OEM project,Normal,0.09,903790.92,Medium
R01441,B0144,"Looking for 9651 units of Cast Iron electric motors (IE3), size 10 HP, for our general manufacturing plant in Bengaluru. Need delivery in 15 days.",Electric Motors,Cast Iron,IE3,10 HP,9651,units,Bengaluru,15,General manufacturing,Normal,0.14,401823.73,Medium
R01442,B1146,"Need 3049 gearboxes for automotive, Steel Helical, 2 HP. Delivery required in Nagpur within 33 days. Please share quotation.",Gearboxes,Steel,Helical,2 HP,3049,units,Nagpur,33,Automotive,Flexible,0.12,322859.12,Low
R01443,B1380,"Please quote for 11016 conveyor belts, PU, Grade A, 800 mm. Location: Delhi. Required by 41 days.",Conveyor Belts,PU,Grade A,800 mm,11016,units,Delhi,41,Industrial plant,Flexible,0.94,4007880.71,Medium
R01444,B0112,"Please quote for 4284 electric motors, Cast Iron, IE2, 25 HP. Location: Pune. Required by 32 days.",Electric Motors,Cast Iron,IE2,25 HP,4284,units,Pune,32,General manufacturing,Flexible,0.47,493112.14,Low
R01445,B0883,"Looking for 7522 units of PU conveyor belts (Food Grade), size 800 mm, for our automotive plant in Nagpur. Need delivery in 4 days.",Conveyor Belts,PU,Food Grade,800 mm,7522,units,Nagpur,4,Automotive,Urgent,0.38,1246058.21,High
R01446,B0730,"Please quote for 99 electric motors, Aluminium, IE3, 25 HP. Location: Nagpur. Required by 43 days.",Electric Motors,Aluminium,IE3,25 HP,99,units,Nagpur,43,Construction,Flexible,0.02,34401.78,Low
R01447,B0300,"Need 10394 hydraulic cylinders for oem project, Stainless Steel MS, 100 mm. Delivery required in Hyderabad within 13 days. Please share quotation.",Hydraulic Cylinders,Stainless Steel,MS,100 mm,10394,units,Hyderabad,13,OEM project,Normal,0.81,3953617.46,High
R01448,B1241,"Please quote for 2622 steel brackets, Mild Steel, MS, 8 mm. Location: Chennai. Required by 18 days.",Steel Brackets,Mild Steel,MS,8 mm,2622,units,Chennai,18,Construction,Normal,0.17,1084506.58,Medium
R01449,B0724,"Need 3172 industrial pumps for construction, Cast Iron SS316, 5 HP. Delivery required in Delhi within 19 days. Please share quotation.",Industrial Pumps,Cast Iron,SS316,5 HP,3172,units,Delhi,19,Construction,Normal,0.94,223849.55,Medium
R01450,B1065,"Please quote for 809 electric motors, Cast Iron, IE2, 25 HP. Location: Hyderabad. Required by 35 days.",Electric Motors,Cast Iron,IE2,25 HP,809,units,Hyderabad,35,General manufacturing,Flexible,0.52,303079.75,Low
R01451,B0738,"Need 9917 sheet metal parts for industrial plant, Mild Steel SS304, 5 mm. Delivery required in Ahmedabad within 4 days. Please share quotation.",Sheet Metal Parts,Mild Steel,SS304,5 mm,9917,units,Ahmedabad,4,Industrial plant,Urgent,0.52,4525694.6,High
R01452,B0208,"Please quote for 3780 gearboxes, Steel, Worm, 2 HP. Location: Ahmedabad. Required by 20 days.",Gearboxes,Steel,Worm,2 HP,3780,units,Ahmedabad,20,Automotive,Normal,0.25,1265436.25,Medium
R01453,B0417,"Looking for 3143 units of Stainless Steel industrial pumps (SS316), size 20 HP, for our general manufacturing plant in Ahmedabad. Need delivery in 33 days.",Industrial Pumps,Stainless Steel,SS316,20 HP,3143,units,Ahmedabad,33,General manufacturing,Flexible,0.97,1254663.98,Medium
R01454,B0013,"Please quote for 2604 conveyor belts, Rubber, Grade A, 1000 mm. Location: Nashik. Required by 4 days.",Conveyor Belts,Rubber,Grade A,1000 mm,2604,units,Nashik,4,Automotive,Urgent,0.15,277541.26,Medium
R01455,B0010,"Please quote for 1219 ball valves, Carbon Steel, SS304, 1 inch. Location: Delhi. Required by 18 days.",Ball Valves,Carbon Steel,SS304,1 inch,1219,units,Delhi,18,General manufacturing,Normal,0.55,194701.87,Low
R01456,B0375,"Please quote for 3027 ball valves, Stainless Steel, SS316, 1 inch. Location: Delhi. Required by 10 days.",Ball Valves,Stainless Steel,SS316,1 inch,3027,units,Delhi,10,OEM project,Urgent,0.35,1271936.46,High
R01457,B0012,"Please quote for 7499 industrial pumps, Stainless Steel, SS304, 20 HP. Location: Chennai. Required by 43 days.",Industrial Pumps,Stainless Steel,SS304,20 HP,7499,units,Chennai,43,Construction,Flexible,0.11,178065.44,Low
R01458,B0986,"Need 3502 ball valves for construction, Carbon Steel SS316, 2 inch. Delivery required in Nashik within 21 days. Please share quotation.",Ball Valves,Carbon Steel,SS316,2 inch,3502,units,Nashik,21,Construction,Normal,0.37,1522168.25,Medium
R01459,B1414,"Please quote for 8094 ball valves, Carbon Steel, SS316, 3 inch. Location: Ahmedabad. Required by 30 days.",Ball Valves,Carbon Steel,SS316,3 inch,8094,units,Ahmedabad,30,OEM project,Flexible,0.45,3650365.25,Medium
R01460,B0020,"Please quote for 3073 steel brackets, Mild Steel, SS304, 8 mm. Location: Pune. Required by 19 days.",Steel Brackets,Mild Steel,SS304,8 mm,3073,units,Pune,19,Automotive,Normal,0.93,1122003.73,Medium
R01461,B1455,"Need 3377 conveyor belts for general manufacturing, PU Grade A, 500 mm. Delivery required in Nashik within 10 days. Please share quotation.",Conveyor Belts,PU,Grade A,500 mm,3377,units,Nashik,10,General manufacturing,Urgent,0.18,1040607.88,High
R01462,B0181,"Need 5759 ball valves for general manufacturing, Stainless Steel SS304, 3 inch. Delivery required in Nashik within 31 days. Please share quotation.",Ball Valves,Stainless Steel,SS304,3 inch,5759,units,Nashik,31,General manufacturing,Flexible,0.11,2558993.11,Medium
R01463,B0171,"Looking for 4773 units of Steel gearboxes (Worm), size 10 HP, for our industrial plant plant in Nashik. Need delivery in 36 days.",Gearboxes,Steel,Worm,10 HP,4773,units,Nashik,36,Industrial plant,Flexible,0.45,328032.52,Low
R01464,B0526,"Need 8818 ball valves for oem project, Stainless Steel SS316, 2 inch. Delivery required in Hyderabad within 11 days. Please share quotation.",Ball Valves,Stainless Steel,SS316,2 inch,8818,units,Hyderabad,11,OEM project,Normal,0.43,2323159.29,High
R01465,B1313,"Need 688 conveyor belts for construction, Rubber Grade A, 500 mm. Delivery required in Nagpur within 39 days. Please share quotation.",Conveyor Belts,Rubber,Grade A,500 mm,688,units,Nagpur,39,Construction,Flexible,0.28,125383.98,Low
R01466,B0006,"Please quote for 9986 industrial pumps, Cast Iron, SS304, 5 HP. Location: Kolkata. Required by 20 days.",Industrial Pumps,Cast Iron,SS304,5 HP,9986,units,Kolkata,20,Automotive,Normal,0.26,4012129.76,Medium
R01467,B0102,"Please quote for 8038 hydraulic cylinders, Steel, SS304, 100 mm. Location: Chennai. Required by 6 days.",Hydraulic Cylinders,Steel,SS304,100 mm,8038,units,Chennai,6,Industrial plant,Urgent,0.01,2514176.98,High
R01468,B0173,"Looking for 4486 units of Rubber conveyor belts (Food Grade), size 800 mm, for our construction plant in Ahmedabad. Need delivery in 5 days.",Conveyor Belts,Rubber,Food Grade,800 mm,4486,units,Ahmedabad,5,Construction,Urgent,0.9,2018623.99,High
R01469,B0484,"Need 9767 sheet metal parts for industrial plant, Mild Steel SS304, 10 mm. Delivery required in Chennai within 18 days. Please share quotation.",Sheet Metal Parts,Mild Steel,SS304,10 mm,9767,units,Chennai,18,Industrial plant,Normal,0.01,3428317.54,Medium
R01470,B1266,"Please quote for 3186 ball valves, Stainless Steel, SS304, 1 inch. Location: Ahmedabad. Required by 4 days.",Ball Valves,Stainless Steel,SS304,1 inch,3186,units,Ahmedabad,4,General manufacturing,Urgent,0.04,175351.32,Medium
R01471,B0973,"Need 6593 industrial pumps for automotive, Stainless Steel SS316, 5 HP. Delivery required in Bengaluru within 7 days. Please share quotation.",Industrial Pumps,Stainless Steel,SS316,5 HP,6593,units,Bengaluru,7,Automotive,Urgent,0.72,2840351.93,High
R01472,B1347,"Need 8879 sheet metal parts for oem project, Mild Steel SS304, 5 mm. Delivery required in Bengaluru within 31 days. Please share quotation.",Sheet Metal Parts,Mild Steel,SS304,5 mm,8879,units,Bengaluru,31,OEM project,Flexible,0.16,1009688.42,Medium
R01473,B1347,"Please quote for 10837 electric motors, Aluminium, IE3, 25 HP. Location: Nagpur. Required by 4 days.",Electric Motors,Aluminium,IE3,25 HP,10837,units,Nagpur,4,Construction,Urgent,0.12,1498727.3,High
R01474,B0265,"Looking for 5513 units of Stainless Steel industrial pumps (SS304), size 10 HP, for our general manufacturing plant in Hyderabad. Need delivery in 34 days.",Industrial Pumps,Stainless Steel,SS304,10 HP,5513,units,Hyderabad,34,General manufacturing,Flexible,0.56,2387380.52,Medium
R01475,B0956,"Need 9330 industrial pumps for general manufacturing, Stainless Steel SS316, 5 HP. Delivery required in Nashik within 9 days. Please share quotation.",Industrial Pumps,Stainless Steel,SS316,5 HP,9330,units,Nashik,9,General manufacturing,Urgent,0.13,2350432.87,High
R01476,B0661,"Need 11553 steel brackets for construction, Stainless Steel SS304, 5 mm. Delivery required in Bengaluru within 17 days. Please share quotation.",Steel Brackets,Stainless Steel,SS304,5 mm,11553,units,Bengaluru,17,Construction,Normal,0.73,3875071.46,High
R01477,B1029,"Looking for 10576 units of Cast Iron industrial pumps (CI), size 20 HP, for our construction plant in Nashik. Need delivery in 37 days.",Industrial Pumps,Cast Iron,CI,20 HP,10576,units,Nashik,37,Construction,Flexible,0.17,2042915.55,Medium
R01478,B0498,"Please quote for 10319 sheet metal parts, Mild Steel, MS, 2 mm. Location: Bengaluru. Required by 33 days.",Sheet Metal Parts,Mild Steel,MS,2 mm,10319,units,Bengaluru,33,Automotive,Flexible,0.5,4246032.77,Medium
R01479,B1481,"Looking for 4708 units of Cast Iron gearboxes (Worm), size 5 HP, for our construction plant in Kolkata. Need delivery in 21 days.",Gearboxes,Cast Iron,Worm,5 HP,4708,units,Kolkata,21,Construction,Normal,0.8,619614.99,Medium
R01480,B0510,"Looking for 1288 units of Steel hydraulic cylinders (MS), size 150 mm, for our general manufacturing plant in Kolkata. Need delivery in 38 days.",Hydraulic Cylinders,Steel,MS,150 mm,1288,units,Kolkata,38,General manufacturing,Flexible,0.97,121909.24,Low
R01481,B0537,"Please quote for 6416 conveyor belts, Rubber, Food Grade, 500 mm. Location: Nashik. Required by 6 days.",Conveyor Belts,Rubber,Food Grade,500 mm,6416,units,Nashik,6,Automotive,Urgent,0.88,310331.07,High
R01482,B1082,"Please quote for 3235 ball valves, Carbon Steel, SS316, 3 inch. Location: Ahmedabad. Required by 24 days.",Ball Valves,Carbon Steel,SS316,3 inch,3235,units,Ahmedabad,24,Industrial plant,Normal,0.42,1306491.22,Medium
R01483,B1337,"Looking for 546 units of Rubber conveyor belts (Food Grade), size 800 mm, for our construction plant in Ahmedabad. Need delivery in 20 days.",Conveyor Belts,Rubber,Food Grade,800 mm,546,units,Ahmedabad,20,Construction,Normal,0.2,248825.77,Low
R01484,B1314,"Looking for 1744 units of Aluminium electric motors (IE2), size 5 HP, for our construction plant in Chennai. Need delivery in 24 days.",Electric Motors,Aluminium,IE2,5 HP,1744,units,Chennai,24,Construction,Normal,0.17,313180.4,Low
R01485,B0836,"Looking for 4939 units of Carbon Steel ball valves (SS304), size 3 inch, for our oem project plant in Hyderabad. Need delivery in 18 days.",Ball Valves,Carbon Steel,SS304,3 inch,4939,units,Hyderabad,18,OEM project,Normal,0.75,362507.12,Medium
R01486,B0440,"Please quote for 2936 steel brackets, Mild Steel, MS, 5 mm. Location: Nagpur. Required by 41 days.",Steel Brackets,Mild Steel,MS,5 mm,2936,units,Nagpur,41,OEM project,Flexible,0.91,346632.31,Low
R01487,B0155,"Please quote for 3949 sheet metal parts, Stainless Steel, MS, 5 mm. Location: Pune. Required by 6 days.",Sheet Metal Parts,Stainless Steel,MS,5 mm,3949,units,Pune,6,General manufacturing,Urgent,0.22,1868104.02,High
R01488,B0157,"Need 3863 electric motors for general manufacturing, Cast Iron IE2, 25 HP. Delivery required in Pune within 24 days. Please share quotation.",Electric Motors,Cast Iron,IE2,25 HP,3863,units,Pune,24,General manufacturing,Normal,0.72,1449676.18,Medium
R01489,B0422,"Please quote for 4932 ball valves, Stainless Steel, SS316, 2 inch. Location: Delhi. Required by 33 days.",Ball Valves,Stainless Steel,SS316,2 inch,4932,units,Delhi,33,OEM project,Flexible,0.05,496335.46,Low
R01490,B1284,"Looking for 237 units of Carbon Steel ball valves (CS), size 2 inch, for our oem project plant in Hyderabad. Need delivery in 29 days.",Ball Valves,Carbon Steel,CS,2 inch,237,units,Hyderabad,29,OEM project,Flexible,0.24,103133.17,Low
R01491,B0159,"Looking for 1066 units of Stainless Steel sheet metal parts (MS), size 2 mm, for our oem project plant in Kolkata. Need delivery in 34 days.",Sheet Metal Parts,Stainless Steel,MS,2 mm,1066,units,Kolkata,34,OEM project,Flexible,0.44,25901.69,Low
R01492,B0521,"Need 2718 hydraulic cylinders for industrial plant, Steel MS, 50 mm. Delivery required in Bengaluru within 3 days. Please share quotation.",Hydraulic Cylinders,Steel,MS,50 mm,2718,units,Bengaluru,3,Industrial plant,Urgent,0.19,56509.69,Medium
R01493,B1264,"Please quote for 3736 sheet metal parts, Mild Steel, SS304, 10 mm. Location: Nashik. Required by 10 days.",Sheet Metal Parts,Mild Steel,SS304,10 mm,3736,units,Nashik,10,Industrial plant,Urgent,0.3,1415255.7,High
R01494,B0336,"Need 6492 hydraulic cylinders for oem project, Steel SS304, 150 mm. Delivery required in Hyderabad within 42 days. Please share quotation.",Hydraulic Cylinders,Steel,SS304,150 mm,6492,units,Hyderabad,42,OEM project,Flexible,0.93,2856780.3,Medium
R01495,B1445,"Please quote for 4438 ball valves, Carbon Steel, SS304, 2 inch. Location: Nashik. Required by 19 days.",Ball Valves,Carbon Steel,SS304,2 inch,4438,units,Nashik,19,General manufacturing,Normal,0.92,450005.89,Medium
R01496,B0964,"Please quote for 2799 ball valves, Carbon Steel, CS, 2 inch. Location: Kolkata. Required by 23 days.",Ball Valves,Carbon Steel,CS,2 inch,2799,units,Kolkata,23,OEM project,Normal,0.44,490835.16,Low
R01497,B0428,"Looking for 5590 units of Mild Steel sheet metal parts (MS), size 2 mm, for our general manufacturing plant in Bengaluru. Need delivery in 34 days.",Sheet Metal Parts,Mild Steel,MS,2 mm,5590,units,Bengaluru,34,General manufacturing,Flexible,0.44,1546351.84,Medium
R01498,B0649,"Need 10272 industrial pumps for construction, Cast Iron SS316, 20 HP. Delivery required in Mumbai within 5 days. Please share quotation.",Industrial Pumps,Cast Iron,SS316,20 HP,10272,units,Mumbai,5,Construction,Urgent,0.77,2845682.91,High
R01499,B0785,"Looking for 7124 units of Rubber conveyor belts (Grade A), size 800 mm, for our oem project plant in Pune. Need delivery in 11 days.",Conveyor Belts,Rubber,Grade A,800 mm,7124,units,Pune,11,OEM project,Normal,0.72,2306095.74,High
R01500,B0117,"Need 11103 gearboxes for automotive, Cast Iron Worm, 5 HP. Delivery required in Chennai within 28 days. Please share quotation.",Gearboxes,Cast Iron,Worm,5 HP,11103,units,Chennai,28,Automotive,Flexible,0.5,1135595.96,Medium
R01501,B0569,"Looking for 2260 units of Mild Steel steel brackets (SS304), size 8 mm, for our construction plant in Hyderabad. Need delivery in 22 days.",Steel Brackets,Mild Steel,SS304,8 mm,2260,units,Hyderabad,22,Construction,Normal,0.58,186935.37,Low
R01502,B0929,"Please quote for 3856 industrial pumps, Cast Iron, CI, 20 HP. Location: Bengaluru. Required by 28 days.",Industrial Pumps,Cast Iron,CI,20 HP,3856,units,Bengaluru,28,Construction,Flexible,0.95,529053.17,Medium
R01503,B1489,"Looking for 6857 units of Steel hydraulic cylinders (SS304), size 150 mm, for our general manufacturing plant in Bengaluru. Need delivery in 23 days.",Hydraulic Cylinders,Steel,SS304,150 mm,6857,units,Bengaluru,23,General manufacturing,Normal,0.73,1980732.19,High
R01504,B1352,"Looking for 2814 units of Mild Steel steel brackets (SS304), size 3 mm, for our construction plant in Bengaluru. Need delivery in 38 days.",Steel Brackets,Mild Steel,SS304,3 mm,2814,units,Bengaluru,38,Construction,Flexible,0.81,125677.93,Low
R01505,B0332,"Need 10416 steel brackets for construction, Stainless Steel MS, 8 mm. Delivery required in Nashik within 42 days. Please share quotation.",Steel Brackets,Stainless Steel,MS,8 mm,10416,units,Nashik,42,Construction,Flexible,0.79,1846991.74,Medium
R01506,B0078,"Looking for 9601 units of Steel gearboxes (Worm), size 10 HP, for our automotive plant in Nagpur. Need delivery in 42 days.",Gearboxes,Steel,Worm,10 HP,9601,units,Nagpur,42,Automotive,Flexible,0.0,1756226.06,Medium
R01507,B0454,"Please quote for 11726 electric motors, Aluminium, IE3, 25 HP. Location: Mumbai. Required by 11 days.",Electric Motors,Aluminium,IE3,25 HP,11726,units,Mumbai,11,Construction,Normal,0.54,5237914.77,High
R01508,B0890,"Please quote for 7918 ball valves, Stainless Steel, CS, 3 inch. Location: Hyderabad. Required by 18 days.",Ball Valves,Stainless Steel,CS,3 inch,7918,units,Hyderabad,18,Construction,Normal,0.17,655639.51,Medium
R01509,B1077,"Looking for 387 units of Aluminium electric motors (IE3), size 5 HP, for our industrial plant plant in Hyderabad. Need delivery in 18 days.",Electric Motors,Aluminium,IE3,5 HP,387,units,Hyderabad,18,Industrial plant,Normal,0.19,118976.49,Low
R01510,B0136,"Looking for 9903 units of Stainless Steel steel brackets (MS), size 5 mm, for our industrial plant plant in Delhi. Need delivery in 45 days.",Steel Brackets,Stainless Steel,MS,5 mm,9903,units,Delhi,45,Industrial plant,Flexible,0.09,4734973.52,Medium
R01511,B0512,"Looking for 11118 units of Cast Iron gearboxes (Helical), size 2 HP, for our oem project plant in Delhi. Need delivery in 6 days.",Gearboxes,Cast Iron,Helical,2 HP,11118,units,Delhi,6,OEM project,Urgent,0.65,3691736.44,High
R01512,B1402,"Need 280 gearboxes for automotive, Cast Iron Helical, 10 HP. Delivery required in Nagpur within 15 days. Please share quotation.",Gearboxes,Cast Iron,Helical,10 HP,280,units,Nagpur,15,Automotive,Normal,0.03,103868.07,Low
R01513,B0935,"Looking for 11868 units of PU conveyor belts (Food Grade), size 1000 mm, for our general manufacturing plant in Hyderabad. Need delivery in 34 days.",Conveyor Belts,PU,Food Grade,1000 mm,11868,units,Hyderabad,34,General manufacturing,Flexible,0.31,2185998.68,Medium
R01514,B0734,"Please quote for 973 hydraulic cylinders, Stainless Steel, SS304, 150 mm. Location: Delhi. Required by 19 days.",Hydraulic Cylinders,Stainless Steel,SS304,150 mm,973,units,Delhi,19,OEM project,Normal,0.72,136275.24,Low
R01515,B0278,"Need 10247 ball valves for construction, Stainless Steel SS304, 2 inch. Delivery required in Delhi within 39 days. Please share quotation.",Ball Valves,Stainless Steel,SS304,2 inch,10247,units,Delhi,39,Construction,Flexible,0.69,3245932.41,Medium
R01516,B0772,"Looking for 11140 units of Rubber conveyor belts (Grade A), size 800 mm, for our oem project plant in Mumbai. Need delivery in 22 days.",Conveyor Belts,Rubber,Grade A,800 mm,11140,units,Mumbai,22,OEM project,Normal,0.02,344919.46,Medium
R01517,B1039,"Looking for 7229 units of Mild Steel steel brackets (SS304), size 5 mm, for our construction plant in Ahmedabad. Need delivery in 9 days.",Steel Brackets,Mild Steel,SS304,5 mm,7229,units,Ahmedabad,9,Construction,Urgent,0.44,1205368.06,High
R01518,B0112,"Need 4028 ball valves for industrial plant, Carbon Steel SS316, 3 inch. Delivery required in Ahmedabad within 45 days. Please share quotation.",Ball Valves,Carbon Steel,SS316,3 inch,4028,units,Ahmedabad,45,Industrial plant,Flexible,0.58,957590.98,Medium
R01519,B0740,"Please quote for 7851 industrial pumps, Cast Iron, CI, 10 HP. Location: Nashik. Required by 25 days.",Industrial Pumps,Cast Iron,CI,10 HP,7851,units,Nashik,25,Industrial plant,Normal,0.62,3077528.99,Medium
R01520,B1212,"Please quote for 6151 sheet metal parts, Stainless Steel, MS, 2 mm. Location: Kolkata. Required by 14 days.",Sheet Metal Parts,Stainless Steel,MS,2 mm,6151,units,Kolkata,14,OEM project,Normal,0.89,2762571.57,High
R01521,B0807,"Please quote for 11139 electric motors, Cast Iron, IE2, 10 HP. Location: Bengaluru. Required by 42 days.",Electric Motors,Cast Iron,IE2,10 HP,11139,units,Bengaluru,42,OEM project,Flexible,1.0,1899336.6,Medium
R01522,B0320,"Please quote for 2385 electric motors, Cast Iron, IE3, 10 HP. Location: Delhi. Required by 40 days.",Electric Motors,Cast Iron,IE3,10 HP,2385,units,Delhi,40,Automotive,Flexible,0.53,394756.44,Low
R01523,B0093,"Need 8108 sheet metal parts for oem project, Stainless Steel SS304, 5 mm. Delivery required in Pune within 7 days. Please share quotation.",Sheet Metal Parts,Stainless Steel,SS304,5 mm,8108,units,Pune,7,OEM project,Urgent,0.89,1511265.91,High
R01524,B0263,"Please quote for 10113 electric motors, Cast Iron, IE3, 5 HP. Location: Delhi. Required by 30 days.",Electric Motors,Cast Iron,IE3,5 HP,10113,units,Delhi,30,General manufacturing,Flexible,0.7,418084.52,Medium
R01525,B0217,"Looking for 7580 units of Cast Iron industrial pumps (CI), size 5 HP, for our general manufacturing plant in Chennai. Need delivery in 5 days.",Industrial Pumps,Cast Iron,CI,5 HP,7580,units,Chennai,5,General manufacturing,Urgent,0.1,2599955.08,High
R01526,B0708,"Looking for 10146 units of Aluminium electric motors (IE3), size 25 HP, for our general manufacturing plant in Nashik. Need delivery in 8 days.",Electric Motors,Aluminium,IE3,25 HP,10146,units,Nashik,8,General manufacturing,Urgent,0.65,1067295.58,High
R01527,B1068,"Please quote for 11280 conveyor belts, Rubber, Food Grade, 800 mm. Location: Kolkata. Required by 24 days.",Conveyor Belts,Rubber,Food Grade,800 mm,11280,units,Kolkata,24,Automotive,Normal,0.07,5014701.75,Medium
R01528,B0618,"Need 5346 hydraulic cylinders for general manufacturing, Stainless Steel MS, 150 mm. Delivery required in Bengaluru within 29 days. Please share quotation.",Hydraulic Cylinders,Stainless Steel,MS,150 mm,5346,units,Bengaluru,29,General manufacturing,Flexible,0.57,1601063.99,Medium
R01529,B0147,"Need 6693 gearboxes for oem project, Cast Iron Worm, 5 HP. Delivery required in Pune within 24 days. Please share quotation.",Gearboxes,Cast Iron,Worm,5 HP,6693,units,Pune,24,OEM project,Normal,0.21,508348.14,Medium
R01530,B0264,"Need 2177 hydraulic cylinders for automotive, Stainless Steel MS, 50 mm. Delivery required in Ahmedabad within 26 days. Please share quotation.",Hydraulic Cylinders,Stainless Steel,MS,50 mm,2177,units,Ahmedabad,26,Automotive,Flexible,0.95,113945.21,Medium
R01531,B1286,"Please quote for 11484 gearboxes, Steel, Worm, 10 HP. Location: Hyderabad. Required by 40 days.",Gearboxes,Steel,Worm,10 HP,11484,units,Hyderabad,40,General manufacturing,Flexible,0.99,4789897.0,Medium
R01532,B0376,"Need 977 conveyor belts for general manufacturing, Rubber Food Grade, 500 mm. Delivery required in Bengaluru within 13 days. Please share quotation.",Conveyor Belts,Rubber,Food Grade,500 mm,977,units,Bengaluru,13,General manufacturing,Normal,0.76,287177.12,Medium
R01533,B0227,"Looking for 3871 units of Carbon Steel ball valves (SS316), size 1 inch, for our industrial plant plant in Pune. Need delivery in 10 days.",Ball Valves,Carbon Steel,SS316,1 inch,3871,units,Pune,10,Industrial plant,Urgent,0.39,1500989.91,High
R01534,B0010,"Looking for 6987 units of Stainless Steel ball valves (CS), size 3 inch, for our automotive plant in Delhi. Need delivery in 32 days.",Ball Valves,Stainless Steel,CS,3 inch,6987,units,Delhi,32,Automotive,Flexible,0.79,2864012.41,Medium
R01535,B1271,"Please quote for 3109 steel brackets, Stainless Steel, SS304, 5 mm. Location: Bengaluru. Required by 29 days.",Steel Brackets,Stainless Steel,SS304,5 mm,3109,units,Bengaluru,29,General manufacturing,Flexible,0.29,619880.06,Medium
R01536,B1073,"Need 157 electric motors for industrial plant, Aluminium IE2, 10 HP. Delivery required in Pune within 16 days. Please share quotation.",Electric Motors,Aluminium,IE2,10 HP,157,units,Pune,16,Industrial plant,Normal,0.71,26391.42,Low
R01537,B0310,"Need 5342 electric motors for construction, Cast Iron IE2, 25 HP. Delivery required in Nashik within 17 days. Please share quotation.",Electric Motors,Cast Iron,IE2,25 HP,5342,units,Nashik,17,Construction,Normal,0.97,1877397.31,High
R01538,B0686,"Need 11814 industrial pumps for oem project, Cast Iron CI, 20 HP. Delivery required in Nagpur within 24 days. Please share quotation.",Industrial Pumps,Cast Iron,CI,20 HP,11814,units,Nagpur,24,OEM project,Normal,0.92,616827.01,High
R01539,B0802,"Looking for 2700 units of Stainless Steel ball valves (SS304), size 3 inch, for our general manufacturing plant in Kolkata. Need delivery in 8 days.",Ball Valves,Stainless Steel,SS304,3 inch,2700,units,Kolkata,8,General manufacturing,Urgent,0.38,324990.84,Medium
R01540,B0689,"Need 2890 conveyor belts for industrial plant, PU Food Grade, 800 mm. Delivery required in Kolkata within 7 days. Please share quotation.",Conveyor Belts,PU,Food Grade,800 mm,2890,units,Kolkata,7,Industrial plant,Urgent,0.19,772792.81,High
R01541,B0406,"Please quote for 10899 sheet metal parts, Mild Steel, MS, 10 mm. Location: Nagpur. Required by 20 days.",Sheet Metal Parts,Mild Steel,MS,10 mm,10899,units,Nagpur,20,Automotive,Normal,0.74,3529227.82,High
R01542,B1499,"Need 5638 conveyor belts for construction, Rubber Food Grade, 1000 mm. Delivery required in Nashik within 31 days. Please share quotation.",Conveyor Belts,Rubber,Food Grade,1000 mm,5638,units,Nashik,31,Construction,Flexible,0.05,1039115.69,Medium
R01543,B1237,"Need 1118 gearboxes for construction, Steel Helical, 5 HP. Delivery required in Nashik within 28 days. Please share quotation.",Gearboxes,Steel,Helical,5 HP,1118,units,Nashik,28,Construction,Flexible,0.5,449248.1,Low
R01544,B0183,"Need 11702 steel brackets for automotive, Stainless Steel SS304, 3 mm. Delivery required in Mumbai within 23 days. Please share quotation.",Steel Brackets,Stainless Steel,SS304,3 mm,11702,units,Mumbai,23,Automotive,Normal,0.4,1740771.28,Medium
R01545,B0793,"Need 6801 ball valves for oem project, Carbon Steel SS316, 2 inch. Delivery required in Bengaluru within 11 days. Please share quotation.",Ball Valves,Carbon Steel,SS316,2 inch,6801,units,Bengaluru,11,OEM project,Normal,0.84,3226441.99,High
R01546,B0525,"Please quote for 9239 hydraulic cylinders, Stainless Steel, MS, 50 mm. Location: Ahmedabad. Required by 38 days.",Hydraulic Cylinders,Stainless Steel,MS,50 mm,9239,units,Ahmedabad,38,Construction,Flexible,0.86,3487230.6,Medium
R01547,B0070,"Please quote for 1278 sheet metal parts, Stainless Steel, SS304, 5 mm. Location: Delhi. Required by 37 days.",Sheet Metal Parts,Stainless Steel,SS304,5 mm,1278,units,Delhi,37,OEM project,Flexible,0.89,502168.4,Medium
R01548,B0747,"Please quote for 11820 ball valves, Carbon Steel, CS, 2 inch. Location: Hyderabad. Required by 31 days.",Ball Valves,Carbon Steel,CS,2 inch,11820,units,Hyderabad,31,OEM project,Flexible,0.76,3930894.05,Medium
R01549,B0471,"Looking for 4685 units of Cast Iron gearboxes (Helical), size 10 HP, for our general manufacturing plant in Mumbai. Need delivery in 12 days.",Gearboxes,Cast Iron,Helical,10 HP,4685,units,Mumbai,12,General manufacturing,Normal,0.03,829460.78,Medium
R01550,B0137,"Need 31 sheet metal parts for industrial plant, Mild Steel SS304, 2 mm. Delivery required in Nashik within 4 days. Please share quotation.",Sheet Metal Parts,Mild Steel,SS304,2 mm,31,units,Nashik,4,Industrial plant,Urgent,0.01,8791.09,Medium
R01551,B0459,"Looking for 3621 units of Steel gearboxes (Worm), size 5 HP, for our automotive plant in Chennai. Need delivery in 13 days.",Gearboxes,Steel,Worm,5 HP,3621,units,Chennai,13,Automotive,Normal,0.36,507323.8,Medium
R01552,B0397,"Please quote for 1668 sheet metal parts, Mild Steel, SS304, 10 mm. Location: Nagpur. Required by 43 days.",Sheet Metal Parts,Mild Steel,SS304,10 mm,1668,units,Nagpur,43,Automotive,Flexible,0.41,678298.61,Low
R01553,B0700,"Looking for 6427 units of Mild Steel sheet metal parts (SS304), size 5 mm, for our oem project plant in Chennai. Need delivery in 15 days.",Sheet Metal Parts,Mild Steel,SS304,5 mm,6427,units,Chennai,15,OEM project,Normal,0.99,145931.74,Medium
R01554,B0280,"Please quote for 8498 sheet metal parts, Mild Steel, MS, 5 mm. Location: Kolkata. Required by 30 days.",Sheet Metal Parts,Mild Steel,MS,5 mm,8498,units,Kolkata,30,OEM project,Flexible,0.8,4171581.6,High
R01555,B0186,"Looking for 4478 units of Steel gearboxes (Helical), size 5 HP, for our automotive plant in Chennai. Need delivery in 35 days.",Gearboxes,Steel,Helical,5 HP,4478,units,Chennai,35,Automotive,Flexible,0.39,746977.06,Medium
R01556,B0656,"Looking for 439 units of Stainless Steel hydraulic cylinders (MS), size 50 mm, for our automotive plant in Mumbai. Need delivery in 40 days.",Hydraulic Cylinders,Stainless Steel,MS,50 mm,439,units,Mumbai,40,Automotive,Flexible,0.39,118154.76,Low
R01557,B0215,"Need 4017 conveyor belts for industrial plant, PU Food Grade, 800 mm. Delivery required in Hyderabad within 39 days. Please share quotation.",Conveyor Belts,PU,Food Grade,800 mm,4017,units,Hyderabad,39,Industrial plant,Flexible,0.11,1245686.22,Medium
R01558,B1110,"Please quote for 8599 hydraulic cylinders, Stainless Steel, SS304, 50 mm. Location: Delhi. Required by 12 days.",Hydraulic Cylinders,Stainless Steel,SS304,50 mm,8599,units,Delhi,12,Automotive,Normal,0.25,4020952.81,High
R01559,B1184,"Looking for 1438 units of Mild Steel steel brackets (SS304), size 3 mm, for our automotive plant in Nagpur. Need delivery in 44 days.",Steel Brackets,Mild Steel,SS304,3 mm,1438,units,Nagpur,44,Automotive,Flexible,0.17,545052.0,Low
R01560,B0286,"Need 9272 electric motors for oem project, Aluminium IE2, 10 HP. Delivery required in Chennai within 42 days. Please share quotation.",Electric Motors,Aluminium,IE2,10 HP,9272,units,Chennai,42,OEM project,Flexible,0.56,1201366.18,Medium
R01561,B0146,"Need 7068 sheet metal parts for general manufacturing, Stainless Steel SS304, 5 mm. Delivery required in Pune within 43 days. Please share quotation.",Sheet Metal Parts,Stainless Steel,SS304,5 mm,7068,units,Pune,43,General manufacturing,Flexible,0.78,3323379.04,Medium
R01562,B0044,"Please quote for 10045 electric motors, Aluminium, IE2, 25 HP. Location: Chennai. Required by 38 days.",Electric Motors,Aluminium,IE2,25 HP,10045,units,Chennai,38,Industrial plant,Flexible,0.1,3346880.54,Medium
R01563,B0370,"Looking for 11334 units of PU conveyor belts (Grade A), size 500 mm, for our industrial plant plant in Nagpur. Need delivery in 45 days.",Conveyor Belts,PU,Grade A,500 mm,11334,units,Nagpur,45,Industrial plant,Flexible,0.75,4065608.99,Medium
R01564,B0216,"Need 2025 conveyor belts for oem project, Rubber Grade A, 800 mm. Delivery required in Bengaluru within 22 days. Please share quotation.",Conveyor Belts,Rubber,Grade A,800 mm,2025,units,Bengaluru,22,OEM project,Normal,0.81,842305.9,Medium
R01565,B1362,"Please quote for 7377 gearboxes, Cast Iron, Worm, 5 HP. Location: Hyderabad. Required by 31 days.",Gearboxes,Cast Iron,Worm,5 HP,7377,units,Hyderabad,31,General manufacturing,Flexible,0.55,3241821.09,Medium
R01566,B0381,"Need 2577 steel brackets for construction, Stainless Steel SS304, 3 mm. Delivery required in Kolkata within 31 days. Please share quotation.",Steel Brackets,Stainless Steel,SS304,3 mm,2577,units,Kolkata,31,Construction,Flexible,0.68,823707.03,Medium
R01567,B1223,"Looking for 6214 units of Stainless Steel industrial pumps (SS316), size 5 HP, for our oem project plant in Chennai. Need delivery in 34 days.",Industrial Pumps,Stainless Steel,SS316,5 HP,6214,units,Chennai,34,OEM project,Flexible,0.66,918543.77,Medium
R01568,B0745,"Need 7644 steel brackets for general manufacturing, Mild Steel MS, 5 mm. Delivery required in Mumbai within 15 days. Please share quotation.",Steel Brackets,Mild Steel,MS,5 mm,7644,units,Mumbai,15,General manufacturing,Normal,0.69,1102314.82,High
R01569,B1062,"Please quote for 5859 electric motors, Cast Iron, IE2, 10 HP. Location: Nashik. Required by 25 days.",Electric Motors,Cast Iron,IE2,10 HP,5859,units,Nashik,25,General manufacturing,Normal,0.15,2397620.58,Medium
R01570,B0230,"Looking for 9908 units of Steel hydraulic cylinders (SS304), size 150 mm, for our automotive plant in Nagpur. Need delivery in 6 days.",Hydraulic Cylinders,Steel,SS304,150 mm,9908,units,Nagpur,6,Automotive,Urgent,0.74,4599650.83,High
R01571,B0755,"Need 5661 sheet metal parts for general manufacturing, Mild Steel MS, 10 mm. Delivery required in Mumbai within 23 days. Please share quotation.",Sheet Metal Parts,Mild Steel,MS,10 mm,5661,units,Mumbai,23,General manufacturing,Normal,0.66,213969.18,Medium
R01572,B0656,"Please quote for 3452 industrial pumps, Stainless Steel, CI, 20 HP. Location: Mumbai. Required by 40 days.",Industrial Pumps,Stainless Steel,CI,20 HP,3452,units,Mumbai,40,Industrial plant,Flexible,0.95,1327339.01,Medium
R01573,B1278,"Looking for 5657 units of Stainless Steel industrial pumps (CI), size 10 HP, for our industrial plant plant in Hyderabad. Need delivery in 15 days.",Industrial Pumps,Stainless Steel,CI,10 HP,5657,units,Hyderabad,15,Industrial plant,Normal,0.14,776257.66,High
R01574,B1097,"Please quote for 1283 hydraulic cylinders, Stainless Steel, MS, 100 mm. Location: Bengaluru. Required by 24 days.",Hydraulic Cylinders,Stainless Steel,MS,100 mm,1283,units,Bengaluru,24,General manufacturing,Normal,0.01,273491.57,Low
R01575,B1465,"Please quote for 2401 conveyor belts, Rubber, Food Grade, 1000 mm. Location: Chennai. Required by 8 days.",Conveyor Belts,Rubber,Food Grade,1000 mm,2401,units,Chennai,8,General manufacturing,Urgent,0.51,938770.09,High
R01576,B0962,"Please quote for 6867 gearboxes, Steel, Worm, 5 HP. Location: Nashik. Required by 16 days.",Gearboxes,Steel,Worm,5 HP,6867,units,Nashik,16,General manufacturing,Normal,0.76,3412327.65,High
R01577,B1460,"Need 3120 steel brackets for industrial plant, Mild Steel SS304, 8 mm. Delivery required in Mumbai within 42 days. Please share quotation.",Steel Brackets,Mild Steel,SS304,8 mm,3120,units,Mumbai,42,Industrial plant,Flexible,0.93,1218387.27,Medium
R01578,B0700,"Looking for 3058 units of Rubber conveyor belts (Grade A), size 800 mm, for our oem project plant in Bengaluru. Need delivery in 18 days.",Conveyor Belts,Rubber,Grade A,800 mm,3058,units,Bengaluru,18,OEM project,Normal,0.28,590361.5,Medium
R01579,B1035,"Need 4300 steel brackets for industrial plant, Mild Steel SS304, 3 mm. Delivery required in Pune within 6 days. Please share quotation.",Steel Brackets,Mild Steel,SS304,3 mm,4300,units,Pune,6,Industrial plant,Urgent,0.43,1974261.22,High
R01580,B0874,"Please quote for 168 conveyor belts, PU, Food Grade, 1000 mm. Location: Ahmedabad. Required by 31 days.",Conveyor Belts,PU,Food Grade,1000 mm,168,units,Ahmedabad,31,OEM project,Flexible,0.58,39085.85,Low
R01581,B0791,"Looking for 2440 units of Cast Iron gearboxes (Helical), size 2 HP, for our oem project plant in Bengaluru. Need delivery in 6 days.",Gearboxes,Cast Iron,Helical,2 HP,2440,units,Bengaluru,6,OEM project,Urgent,0.96,676852.26,High
R01582,B0363,"Please quote for 848 conveyor belts, PU, Food Grade, 800 mm. Location: Kolkata. Required by 37 days.",Conveyor Belts,PU,Food Grade,800 mm,848,units,Kolkata,37,Industrial plant,Flexible,0.6,238542.38,Low
R01583,B0086,"Need 3517 electric motors for automotive, Cast Iron IE3, 25 HP. Delivery required in Hyderabad within 16 days. Please share quotation.",Electric Motors,Cast Iron,IE3,25 HP,3517,units,Hyderabad,16,Automotive,Normal,0.47,565837.57,Medium
R01584,B1024,"Looking for 3419 units of Cast Iron gearboxes (Helical), size 2 HP, for our oem project plant in Hyderabad. Need delivery in 22 days.",Gearboxes,Cast Iron,Helical,2 HP,3419,units,Hyderabad,22,OEM project,Normal,0.57,1522867.13,Medium
R01585,B0844,"Need 10702 ball valves for industrial plant, Carbon Steel SS304, 2 inch. Delivery required in Delhi within 5 days. Please share quotation.",Ball Valves,Carbon Steel,SS304,2 inch,10702,units,Delhi,5,Industrial plant,Urgent,0.77,717057.92,High
R01586,B1261,"Looking for 4511 units of Cast Iron gearboxes (Helical), size 10 HP, for our construction plant in Bengaluru. Need delivery in 23 days.",Gearboxes,Cast Iron,Helical,10 HP,4511,units,Bengaluru,23,Construction,Normal,0.15,807557.08,Medium
R01587,B0090,"Please quote for 50 hydraulic cylinders, Steel, MS, 150 mm. Location: Kolkata. Required by 22 days.",Hydraulic Cylinders,Steel,MS,150 mm,50,units,Kolkata,22,OEM project,Normal,0.66,19579.3,Low
R01588,B1047,"Please quote for 4872 industrial pumps, Stainless Steel, SS316, 5 HP. Location: Hyderabad. Required by 40 days.",Industrial Pumps,Stainless Steel,SS316,5 HP,4872,units,Hyderabad,40,Automotive,Flexible,0.62,882027.95,Medium
R01589,B0453,"Need 1209 gearboxes for general manufacturing, Cast Iron Worm, 5 HP. Delivery required in Pune within 29 days. Please share quotation.",Gearboxes,Cast Iron,Worm,5 HP,1209,units,Pune,29,General manufacturing,Flexible,0.91,596811.47,Medium
R01590,B0029,"Looking for 11215 units of Steel gearboxes (Helical), size 2 HP, for our industrial plant plant in Ahmedabad. Need delivery in 12 days.",Gearboxes,Steel,Helical,2 HP,11215,units,Ahmedabad,12,Industrial plant,Normal,0.08,4221518.61,High
R01591,B1309,"Please quote for 2830 ball valves, Stainless Steel, CS, 2 inch. Location: Nagpur. Required by 36 days.",Ball Valves,Stainless Steel,CS,2 inch,2830,units,Nagpur,36,Construction,Flexible,0.03,1402053.83,Medium
R01592,B0166,"Looking for 4158 units of Steel gearboxes (Worm), size 2 HP, for our industrial plant plant in Kolkata. Need delivery in 24 days.",Gearboxes,Steel,Worm,2 HP,4158,units,Kolkata,24,Industrial plant,Normal,0.46,1080313.56,Medium
R01593,B0012,"Need 1101 hydraulic cylinders for oem project, Stainless Steel SS304, 150 mm. Delivery required in Nashik within 39 days. Please share quotation.",Hydraulic Cylinders,Stainless Steel,SS304,150 mm,1101,units,Nashik,39,OEM project,Flexible,0.51,115969.54,Low
R01594,B0247,"Need 799 ball valves for construction, Carbon Steel CS, 1 inch. Delivery required in Kolkata within 40 days. Please share quotation.",Ball Valves,Carbon Steel,CS,1 inch,799,units,Kolkata,40,Construction,Flexible,0.42,225973.79,Low
R01595,B0475,"Please quote for 5387 gearboxes, Cast Iron, Worm, 2 HP. Location: Pune. Required by 33 days.",Gearboxes,Cast Iron,Worm,2 HP,5387,units,Pune,33,Industrial plant,Flexible,0.3,1659565.67,Medium
R01596,B1150,"Need 6006 industrial pumps for general manufacturing, Stainless Steel CI, 5 HP. Delivery required in Pune within 13 days. Please share quotation.",Industrial Pumps,Stainless Steel,CI,5 HP,6006,units,Pune,13,General manufacturing,Normal,0.51,2925664.38,High
R01597,B1498,"Please quote for 3820 electric motors, Cast Iron, IE2, 25 HP. Location: Chennai. Required by 44 days.",Electric Motors,Cast Iron,IE2,25 HP,3820,units,Chennai,44,General manufacturing,Flexible,0.76,564169.08,Medium
R01598,B0263,"Please quote for 8584 industrial pumps, Stainless Steel, SS304, 5 HP. Location: Hyderabad. Required by 43 days.",Industrial Pumps,Stainless Steel,SS304,5 HP,8584,units,Hyderabad,43,Construction,Flexible,0.65,1184421.66,Medium
R01599,B0433,"Looking for 4482 units of Steel hydraulic cylinders (SS304), size 50 mm, for our automotive plant in Kolkata. Need delivery in 34 days.",Hydraulic Cylinders,Steel,SS304,50 mm,4482,units,Kolkata,34,Automotive,Flexible,0.49,1288149.24,Medium
R01600,B0966,"Need 7938 ball valves for construction, Stainless Steel CS, 1 inch. Delivery required in Ahmedabad within 21 days. Please share quotation.",Ball Valves,Stainless Steel,CS,1 inch,7938,units,Ahmedabad,21,Construction,Normal,0.48,2794741.23,Medium
R01601,B1086,"Looking for 11653 units of Aluminium electric motors (IE2), size 5 HP, for our general manufacturing plant in Ahmedabad. Need delivery in 25 days.",Electric Motors,Aluminium,IE2,5 HP,11653,units,Ahmedabad,25,General manufacturing,Normal,0.33,5353052.75,Medium
R01602,B1495,"Need 4576 sheet metal parts for general manufacturing, Mild Steel SS304, 5 mm. Delivery required in Nagpur within 27 days. Please share quotation.",Sheet Metal Parts,Mild Steel,SS304,5 mm,4576,units,Nagpur,27,General manufacturing,Flexible,0.77,956401.69,Medium
R01603,B0316,"Looking for 129 units of Stainless Steel sheet metal parts (MS), size 2 mm, for our oem project plant in Kolkata. Need delivery in 9 days.",Sheet Metal Parts,Stainless Steel,MS,2 mm,129,units,Kolkata,9,OEM project,Urgent,0.84,33606.3,Medium
R01604,B0673,"Looking for 3558 units of Mild Steel steel brackets (SS304), size 5 mm, for our construction plant in Nagpur. Need delivery in 18 days.",Steel Brackets,Mild Steel,SS304,5 mm,3558,units,Nagpur,18,Construction,Normal,0.97,1393293.01,Medium
R01605,B1072,"Need 9205 hydraulic cylinders for automotive, Steel SS304, 100 mm. Delivery required in Ahmedabad within 38 days. Please share quotation.",Hydraulic Cylinders,Steel,SS304,100 mm,9205,units,Ahmedabad,38,Automotive,Flexible,0.46,1953151.55,Medium
R01606,B0472,"Please quote for 5562 steel brackets, Mild Steel, SS304, 3 mm. Location: Delhi. Required by 34 days.",Steel Brackets,Mild Steel,SS304,3 mm,5562,units,Delhi,34,General manufacturing,Flexible,0.22,2639000.55,Medium
R01607,B1145,"Looking for 6027 units of PU conveyor belts (Grade A), size 1000 mm, for our automotive plant in Nashik. Need delivery in 28 days.",Conveyor Belts,PU,Grade A,1000 mm,6027,units,Nashik,28,Automotive,Flexible,0.88,643704.15,High
R01608,B1003,"Need 4180 electric motors for general manufacturing, Aluminium IE2, 5 HP. Delivery required in Nagpur within 41 days. Please share quotation.",Electric Motors,Aluminium,IE2,5 HP,4180,units,Nagpur,41,General manufacturing,Flexible,0.67,630012.13,Medium
R01609,B0798,"Looking for 9661 units of Stainless Steel sheet metal parts (MS), size 5 mm, for our oem project plant in Nagpur. Need delivery in 5 days.",Sheet Metal Parts,Stainless Steel,MS,5 mm,9661,units,Nagpur,5,OEM project,Urgent,0.57,1630916.55,High
R01610,B1494,"Please quote for 533 sheet metal parts, Mild Steel, SS304, 2 mm. Location: Delhi. Required by 19 days.",Sheet Metal Parts,Mild Steel,SS304,2 mm,533,units,Delhi,19,Automotive,Normal,0.1,149180.67,Low
R01611,B1462,"Need 11583 industrial pumps for general manufacturing, Stainless Steel SS316, 5 HP. Delivery required in Chennai within 23 days. Please share quotation.",Industrial Pumps,Stainless Steel,SS316,5 HP,11583,units,Chennai,23,General manufacturing,Normal,0.81,2865916.06,High
R01612,B0507,"Looking for 11798 units of Stainless Steel sheet metal parts (MS), size 10 mm, for our oem project plant in Hyderabad. Need delivery in 39 days.",Sheet Metal Parts,Stainless Steel,MS,10 mm,11798,units,Hyderabad,39,OEM project,Flexible,0.76,1547515.7,Medium
R01613,B0978,"Please quote for 5456 ball valves, Stainless Steel, SS316, 3 inch. Location: Chennai. Required by 38 days.",Ball Valves,Stainless Steel,SS316,3 inch,5456,units,Chennai,38,General manufacturing,Flexible,0.16,1117480.8,Medium
R01614,B0529,"Please quote for 2743 ball valves, Stainless Steel, CS, 1 inch. Location: Chennai. Required by 38 days.",Ball Valves,Stainless Steel,CS,1 inch,2743,units,Chennai,38,OEM project,Flexible,0.96,908731.93,Medium
R01615,B0953,"Please quote for 8700 ball valves, Carbon Steel, SS304, 3 inch. Location: Ahmedabad. Required by 9 days.",Ball Valves,Carbon Steel,SS304,3 inch,8700,units,Ahmedabad,9,Construction,Urgent,0.23,1710391.6,High
R01616,B0253,"Looking for 3349 units of Aluminium electric motors (IE3), size 10 HP, for our construction plant in Mumbai. Need delivery in 36 days.",Electric Motors,Aluminium,IE3,10 HP,3349,units,Mumbai,36,Construction,Flexible,0.75,859567.51,Medium
R01617,B0093,"Need 5024 electric motors for automotive, Cast Iron IE2, 10 HP. Delivery required in Pune within 3 days. Please share quotation.",Electric Motors,Cast Iron,IE2,10 HP,5024,units,Pune,3,Automotive,Urgent,0.24,991757.46,High
R01618,B1151,"Please quote for 5137 ball valves, Stainless Steel, CS, 2 inch. Location: Pune. Required by 31 days.",Ball Valves,Stainless Steel,CS,2 inch,5137,units,Pune,31,OEM project,Flexible,0.66,500537.48,Medium
R01619,B0768,"Need 3397 hydraulic cylinders for oem project, Stainless Steel MS, 100 mm. Delivery required in Ahmedabad within 19 days. Please share quotation.",Hydraulic Cylinders,Stainless Steel,MS,100 mm,3397,units,Ahmedabad,19,OEM project,Normal,0.8,311222.66,Medium
R01620,B1148,"Please quote for 10359 sheet metal parts, Mild Steel, SS304, 5 mm. Location: Bengaluru. Required by 20 days.",Sheet Metal Parts,Mild Steel,SS304,5 mm,10359,units,Bengaluru,20,General manufacturing,Normal,0.98,2501616.66,High
R01621,B0881,"Please quote for 11502 conveyor belts, PU, Grade A, 500 mm. Location: Bengaluru. Required by 15 days.",Conveyor Belts,PU,Grade A,500 mm,11502,units,Bengaluru,15,OEM project,Normal,0.81,3487908.01,High
R01622,B0324,"Looking for 11729 units of Mild Steel sheet metal parts (SS304), size 2 mm, for our automotive plant in Hyderabad. Need delivery in 3 days.",Sheet Metal Parts,Mild Steel,SS304,2 mm,11729,units,Hyderabad,3,Automotive,Urgent,0.38,1682511.0,High
R01623,B0002,"Looking for 3312 units of Stainless Steel industrial pumps (SS316), size 5 HP, for our general manufacturing plant in Mumbai. Need delivery in 29 days.",Industrial Pumps,Stainless Steel,SS316,5 HP,3312,units,Mumbai,29,General manufacturing,Flexible,0.11,1300547.17,Medium
R01624,B1427,"Looking for 7213 units of Mild Steel steel brackets (MS), size 3 mm, for our construction plant in Hyderabad. Need delivery in 16 days.",Steel Brackets,Mild Steel,MS,3 mm,7213,units,Hyderabad,16,Construction,Normal,0.16,762089.44,Medium
R01625,B0898,"Need 8994 industrial pumps for general manufacturing, Cast Iron SS304, 20 HP. Delivery required in Mumbai within 34 days. Please share quotation.",Industrial Pumps,Cast Iron,SS304,20 HP,8994,units,Mumbai,34,General manufacturing,Flexible,0.14,3841601.36,Medium
R01626,B0259,"Looking for 6512 units of Stainless Steel hydraulic cylinders (MS), size 50 mm, for our automotive plant in Delhi. Need delivery in 39 days.",Hydraulic Cylinders,Stainless Steel,MS,50 mm,6512,units,Delhi,39,Automotive,Flexible,0.42,2899007.3,Medium
R01627,B1440,"Looking for 2601 units of Cast Iron electric motors (IE3), size 25 HP, for our general manufacturing plant in Pune. Need delivery in 16 days.",Electric Motors,Cast Iron,IE3,25 HP,2601,units,Pune,16,General manufacturing,Normal,0.03,451873.77,Low
R01628,B0114,"Please quote for 4236 steel brackets, Mild Steel, SS304, 3 mm. Location: Pune. Required by 42 days.",Steel Brackets,Mild Steel,SS304,3 mm,4236,units,Pune,42,General manufacturing,Flexible,0.43,1651975.69,Medium
R01629,B0234,"Please quote for 4713 sheet metal parts, Stainless Steel, SS304, 5 mm. Location: Pune. Required by 23 days.",Sheet Metal Parts,Stainless Steel,SS304,5 mm,4713,units,Pune,23,Industrial plant,Normal,0.86,2292331.13,Medium
R01630,B0139,"Need 11509 electric motors for general manufacturing, Aluminium IE3, 5 HP. Delivery required in Nashik within 35 days. Please share quotation.",Electric Motors,Aluminium,IE3,5 HP,11509,units,Nashik,35,General manufacturing,Flexible,0.98,2250385.32,Medium
R01631,B1339,"Please quote for 3080 industrial pumps, Cast Iron, SS316, 5 HP. Location: Mumbai. Required by 17 days.",Industrial Pumps,Cast Iron,SS316,5 HP,3080,units,Mumbai,17,General manufacturing,Normal,0.38,1444455.42,Medium
R01632,B1020,"Need 6717 hydraulic cylinders for automotive, Stainless Steel SS304, 50 mm. Delivery required in Mumbai within 23 days. Please share quotation.",Hydraulic Cylinders,Stainless Steel,SS304,50 mm,6717,units,Mumbai,23,Automotive,Normal,0.36,2280322.03,Medium
R01633,B1202,"Please quote for 6548 steel brackets, Mild Steel, SS304, 8 mm. Location: Kolkata. Required by 34 days.",Steel Brackets,Mild Steel,SS304,8 mm,6548,units,Kolkata,34,Construction,Flexible,0.84,3048915.22,Medium
R01634,B0686,"Please quote for 6526 gearboxes, Cast Iron, Worm, 10 HP. Location: Nagpur. Required by 12 days.",Gearboxes,Cast Iron,Worm,10 HP,6526,units,Nagpur,12,General manufacturing,Normal,0.35,2160859.34,High
R01635,B0138,"Need 7339 hydraulic cylinders for oem project, Steel SS304, 150 mm. Delivery required in Bengaluru within 7 days. Please share quotation.",Hydraulic Cylinders,Steel,SS304,150 mm,7339,units,Bengaluru,7,OEM project,Urgent,0.45,1325395.72,High
R01636,B0551,"Looking for 8702 units of PU conveyor belts (Food Grade), size 800 mm, for our automotive plant in Pune. Need delivery in 45 days.",Conveyor Belts,PU,Food Grade,800 mm,8702,units,Pune,45,Automotive,Flexible,0.76,641853.25,Medium
R01637,B0536,"Looking for 5260 units of Steel gearboxes (Worm), size 2 HP, for our construction plant in Nashik. Need delivery in 30 days.",Gearboxes,Steel,Worm,2 HP,5260,units,Nashik,30,Construction,Flexible,0.04,1809813.28,Medium
R01638,B1138,"Please quote for 8671 ball valves, Stainless Steel, SS304, 2 inch. Location: Mumbai. Required by 13 days.",Ball Valves,Stainless Steel,SS304,2 inch,8671,units,Mumbai,13,OEM project,Normal,0.88,1307460.16,High
R01639,B1491,"Need 9093 electric motors for general manufacturing, Aluminium IE3, 10 HP. Delivery required in Mumbai within 11 days. Please share quotation.",Electric Motors,Aluminium,IE3,10 HP,9093,units,Mumbai,11,General manufacturing,Normal,0.52,1271881.05,High
R01640,B0549,"Need 9731 industrial pumps for construction, Cast Iron CI, 20 HP. Delivery required in Nagpur within 3 days. Please share quotation.",Industrial Pumps,Cast Iron,CI,20 HP,9731,units,Nagpur,3,Construction,Urgent,0.19,2747284.1,High
R01641,B1062,"Please quote for 9078 electric motors, Aluminium, IE3, 5 HP. Location: Mumbai. Required by 6 days.",Electric Motors,Aluminium,IE3,5 HP,9078,units,Mumbai,6,Construction,Urgent,0.82,4352484.93,High
R01642,B1304,"Need 3885 gearboxes for general manufacturing, Cast Iron Helical, 2 HP. Delivery required in Mumbai within 9 days. Please share quotation.",Gearboxes,Cast Iron,Helical,2 HP,3885,units,Mumbai,9,General manufacturing,Urgent,0.16,1736828.1,High
R01643,B0390,"Looking for 4251 units of Cast Iron electric motors (IE3), size 10 HP, for our automotive plant in Nashik. Need delivery in 35 days.",Electric Motors,Cast Iron,IE3,10 HP,4251,units,Nashik,35,Automotive,Flexible,0.78,1239894.99,Medium
R01644,B0797,"Need 8363 industrial pumps for oem project, Cast Iron SS316, 20 HP. Delivery required in Kolkata within 19 days. Please share quotation.",Industrial Pumps,Cast Iron,SS316,20 HP,8363,units,Kolkata,19,OEM project,Normal,0.86,3568264.97,High
R01645,B0246,"Looking for 1314 units of Stainless Steel steel brackets (SS304), size 3 mm, for our construction plant in Ahmedabad. Need delivery in 30 days.",Steel Brackets,Stainless Steel,SS304,3 mm,1314,units,Ahmedabad,30,Construction,Flexible,0.39,594878.21,Medium
R01646,B0812,"Looking for 4696 units of Mild Steel sheet metal parts (MS), size 2 mm, for our construction plant in Nagpur. Need delivery in 42 days.",Sheet Metal Parts,Mild Steel,MS,2 mm,4696,units,Nagpur,42,Construction,Flexible,0.65,1378316.47,Medium
R01647,B0464,"Need 8676 gearboxes for oem project, Steel Worm, 2 HP. Delivery required in Hyderabad within 12 days. Please share quotation.",Gearboxes,Steel,Worm,2 HP,8676,units,Hyderabad,12,OEM project,Normal,0.47,3375435.86,High
R01648,B0744,"Looking for 4192 units of Mild Steel steel brackets (MS), size 5 mm, for our general manufacturing plant in Mumbai. Need delivery in 14 days.",Steel Brackets,Mild Steel,MS,5 mm,4192,units,Mumbai,14,General manufacturing,Normal,0.25,816416.15,Medium
R01649,B0556,"Please quote for 5310 gearboxes, Cast Iron, Helical, 10 HP. Location: Kolkata. Required by 15 days.",Gearboxes,Cast Iron,Helical,10 HP,5310,units,Kolkata,15,OEM project,Normal,0.82,665018.73,High
R01650,B0785,"Looking for 8710 units of Aluminium electric motors (IE3), size 25 HP, for our oem project plant in Bengaluru. Need delivery in 39 days.",Electric Motors,Aluminium,IE3,25 HP,8710,units,Bengaluru,39,OEM project,Flexible,0.38,1986035.88,Medium
R01651,B0170,"Need 9816 conveyor belts for general manufacturing, Rubber Food Grade, 1000 mm. Delivery required in Hyderabad within 12 days. Please share quotation.",Conveyor Belts,Rubber,Food Grade,1000 mm,9816,units,Hyderabad,12,General manufacturing,Normal,0.47,2735314.77,High
R01652,B0068,"Need 3392 conveyor belts for construction, PU Grade A, 1000 mm. Delivery required in Nagpur within 41 days. Please share quotation.",Conveyor Belts,PU,Grade A,1000 mm,3392,units,Nagpur,41,Construction,Flexible,0.91,981276.33,Medium
R01653,B0792,"Please quote for 8165 steel brackets, Stainless Steel, SS304, 5 mm. Location: Mumbai. Required by 4 days.",Steel Brackets,Stainless Steel,SS304,5 mm,8165,units,Mumbai,4,General manufacturing,Urgent,0.76,232787.88,High
R01654,B0150,"Need 5996 electric motors for automotive, Cast Iron IE3, 5 HP. Delivery required in Delhi within 20 days. Please share quotation.",Electric Motors,Cast Iron,IE3,5 HP,5996,units,Delhi,20,Automotive,Normal,0.74,829966.63,High
R01655,B0527,"Looking for 7084 units of Stainless Steel steel brackets (SS304), size 8 mm, for our oem project plant in Hyderabad. Need delivery in 32 days.",Steel Brackets,Stainless Steel,SS304,8 mm,7084,units,Hyderabad,32,OEM project,Flexible,0.48,1795433.74,Medium
R01656,B1143,"Need 10864 steel brackets for automotive, Stainless Steel SS304, 3 mm. Delivery required in Pune within 21 days. Please share quotation.",Steel Brackets,Stainless Steel,SS304,3 mm,10864,units,Pune,21,Automotive,Normal,0.39,2659203.56,Medium
R01657,B0665,"Need 7813 ball valves for industrial plant, Carbon Steel SS316, 3 inch. Delivery required in Nagpur within 25 days. Please share quotation.",Ball Valves,Carbon Steel,SS316,3 inch,7813,units,Nagpur,25,Industrial plant,Normal,0.59,690545.56,Medium
R01658,B0695,"Need 5919 steel brackets for general manufacturing, Stainless Steel MS, 3 mm. Delivery required in Chennai within 33 days. Please share quotation.",Steel Brackets,Stainless Steel,MS,3 mm,5919,units,Chennai,33,General manufacturing,Flexible,0.16,1385239.06,Medium
R01659,B0472,"Please quote for 1655 ball valves, Carbon Steel, SS304, 1 inch. Location: Ahmedabad. Required by 36 days.",Ball Valves,Carbon Steel,SS304,1 inch,1655,units,Ahmedabad,36,Construction,Flexible,0.83,183721.72,Low
R01660,B0506,"Looking for 10950 units of Stainless Steel sheet metal parts (MS), size 2 mm, for our construction plant in Ahmedabad. Need delivery in 32 days.",Sheet Metal Parts,Stainless Steel,MS,2 mm,10950,units,Ahmedabad,32,Construction,Flexible,0.66,4275886.57,Medium
R01661,B0308,"Looking for 6300 units of Cast Iron electric motors (IE3), size 5 HP, for our oem project plant in Nagpur. Need delivery in 18 days.",Electric Motors,Cast Iron,IE3,5 HP,6300,units,Nagpur,18,OEM project,Normal,0.31,2058241.95,Medium
R01662,B0140,"Please quote for 11555 ball valves, Carbon Steel, CS, 3 inch. Location: Chennai. Required by 40 days.",Ball Valves,Carbon Steel,CS,3 inch,11555,units,Chennai,40,Construction,Flexible,0.99,3144841.33,Medium
R01663,B1200,"Need 1304 gearboxes for construction, Cast Iron Worm, 10 HP. Delivery required in Delhi within 39 days. Please share quotation.",Gearboxes,Cast Iron,Worm,10 HP,1304,units,Delhi,39,Construction,Flexible,0.7,638318.64,Medium
R01664,B0576,"Looking for 5513 units of Stainless Steel ball valves (CS), size 3 inch, for our industrial plant plant in Chennai. Need delivery in 14 days.",Ball Valves,Stainless Steel,CS,3 inch,5513,units,Chennai,14,Industrial plant,Normal,0.21,341500.61,Medium
R01665,B1275,"Looking for 11074 units of Stainless Steel sheet metal parts (MS), size 5 mm, for our oem project plant in Delhi. Need delivery in 35 days.",Sheet Metal Parts,Stainless Steel,MS,5 mm,11074,units,Delhi,35,OEM project,Flexible,0.68,5324043.03,Medium
R01666,B0200,"Please quote for 10369 ball valves, Carbon Steel, CS, 3 inch. Location: Nashik. Required by 11 days.",Ball Valves,Carbon Steel,CS,3 inch,10369,units,Nashik,11,Automotive,Normal,0.26,4134299.22,High
R01667,B0088,"Please quote for 3005 gearboxes, Steel, Helical, 5 HP. Location: Bengaluru. Required by 8 days.",Gearboxes,Steel,Helical,5 HP,3005,units,Bengaluru,8,Construction,Urgent,0.7,1310719.62,High
R01668,B0559,"Need 8396 sheet metal parts for construction, Mild Steel MS, 10 mm. Delivery required in Pune within 3 days. Please share quotation.",Sheet Metal Parts,Mild Steel,MS,10 mm,8396,units,Pune,3,Construction,Urgent,0.66,3795841.87,High
R01669,B0236,"Looking for 5747 units of Stainless Steel sheet metal parts (SS304), size 5 mm, for our construction plant in Nashik. Need delivery in 42 days.",Sheet Metal Parts,Stainless Steel,SS304,5 mm,5747,units,Nashik,42,Construction,Flexible,0.12,2857246.42,Medium
R01670,B0765,"Please quote for 2969 sheet metal parts, Mild Steel, SS304, 2 mm. Location: Delhi. Required by 19 days.",Sheet Metal Parts,Mild Steel,SS304,2 mm,2969,units,Delhi,19,Industrial plant,Normal,0.45,675059.51,Medium
R01671,B0019,"Looking for 4127 units of Stainless Steel sheet metal parts (SS304), size 2 mm, for our construction plant in Nashik. Need delivery in 27 days.",Sheet Metal Parts,Stainless Steel,SS304,2 mm,4127,units,Nashik,27,Construction,Flexible,0.71,1401098.27,Medium
R01672,B1353,"Please quote for 7725 sheet metal parts, Mild Steel, SS304, 2 mm. Location: Chennai. Required by 7 days.",Sheet Metal Parts,Mild Steel,SS304,2 mm,7725,units,Chennai,7,Industrial plant,Urgent,0.6,470937.24,High
R01673,B0185,"Looking for 11619 units of Stainless Steel sheet metal parts (SS304), size 5 mm, for our general manufacturing plant in Hyderabad. Need delivery in 41 days.",Sheet Metal Parts,Stainless Steel,SS304,5 mm,11619,units,Hyderabad,41,General manufacturing,Flexible,0.12,4943282.64,Medium
R01674,B0404,"Looking for 6410 units of Mild Steel steel brackets (SS304), size 5 mm, for our industrial plant plant in Hyderabad. Need delivery in 35 days.",Steel Brackets,Mild Steel,SS304,5 mm,6410,units,Hyderabad,35,Industrial plant,Flexible,0.93,1199741.26,Medium
R01675,B0192,"Please quote for 8736 hydraulic cylinders, Steel, SS304, 100 mm. Location: Chennai. Required by 27 days.",Hydraulic Cylinders,Steel,SS304,100 mm,8736,units,Chennai,27,General manufacturing,Flexible,0.06,2523946.47,Medium
R01676,B0148,"Need 9774 sheet metal parts for general manufacturing, Mild Steel MS, 10 mm. Delivery required in Ahmedabad within 32 days. Please share quotation.",Sheet Metal Parts,Mild Steel,MS,10 mm,9774,units,Ahmedabad,32,General manufacturing,Flexible,0.68,4723431.34,Medium
R01677,B0904,"Looking for 10489 units of Carbon Steel ball valves (CS), size 3 inch, for our general manufacturing plant in Nagpur. Need delivery in 16 days.",Ball Valves,Carbon Steel,CS,3 inch,10489,units,Nagpur,16,General manufacturing,Normal,0.39,2197790.82,Medium
R01678,B0446,"Need 646 electric motors for automotive, Cast Iron IE2, 25 HP. Delivery required in Nagpur within 23 days. Please share quotation.",Electric Motors,Cast Iron,IE2,25 HP,646,units,Nagpur,23,Automotive,Normal,0.06,320558.53,Low
R01679,B1459,"Please quote for 11669 gearboxes, Cast Iron, Worm, 2 HP. Location: Mumbai. Required by 6 days.",Gearboxes,Cast Iron,Worm,2 HP,11669,units,Mumbai,6,Construction,Urgent,0.06,3092290.39,High
R01680,B0748,"Need 10735 electric motors for general manufacturing, Aluminium IE2, 5 HP. Delivery required in Bengaluru within 15 days. Please share quotation.",Electric Motors,Aluminium,IE2,5 HP,10735,units,Bengaluru,15,General manufacturing,Normal,0.48,3328805.18,High
R01681,B0972,"Need 7569 steel brackets for construction, Mild Steel MS, 5 mm. Delivery required in Chennai within 6 days. Please share quotation.",Steel Brackets,Mild Steel,MS,5 mm,7569,units,Chennai,6,Construction,Urgent,0.99,2949967.74,High
R01682,B1425,"Need 11551 gearboxes for general manufacturing, Cast Iron Worm, 5 HP. Delivery required in Kolkata within 14 days. Please share quotation.",Gearboxes,Cast Iron,Worm,5 HP,11551,units,Kolkata,14,General manufacturing,Normal,0.21,1433567.38,High
R01683,B0156,"Looking for 4309 units of Mild Steel steel brackets (SS304), size 5 mm, for our industrial plant plant in Hyderabad. Need delivery in 4 days.",Steel Brackets,Mild Steel,SS304,5 mm,4309,units,Hyderabad,4,Industrial plant,Urgent,0.5,1194270.69,High
R01684,B0848,"Need 1124 ball valves for industrial plant, Stainless Steel CS, 3 inch. Delivery required in Kolkata within 20 days. Please share quotation.",Ball Valves,Stainless Steel,CS,3 inch,1124,units,Kolkata,20,Industrial plant,Normal,0.47,341031.99,Low
R01685,B0896,"Need 3626 hydraulic cylinders for industrial plant, Stainless Steel MS, 50 mm. Delivery required in Bengaluru within 26 days. Please share quotation.",Hydraulic Cylinders,Stainless Steel,MS,50 mm,3626,units,Bengaluru,26,Industrial plant,Flexible,0.01,117480.11,Low
R01686,B1488,"Need 3670 steel brackets for industrial plant, Stainless Steel SS304, 8 mm. Delivery required in Delhi within 25 days. Please share quotation.",Steel Brackets,Stainless Steel,SS304,8 mm,3670,units,Delhi,25,Industrial plant,Normal,0.35,256377.64,Low
R01687,B0658,"Need 6746 gearboxes for construction, Steel Worm, 2 HP. Delivery required in Kolkata within 45 days. Please share quotation.",Gearboxes,Steel,Worm,2 HP,6746,units,Kolkata,45,Construction,Flexible,0.45,2323500.01,Medium
R01688,B0636,"Looking for 2033 units of Stainless Steel steel brackets (SS304), size 3 mm, for our automotive plant in Kolkata. Need delivery in 25 days.",Steel Brackets,Stainless Steel,SS304,3 mm,2033,units,Kolkata,25,Automotive,Normal,0.75,349115.22,Medium
R01689,B0997,"Please quote for 8699 hydraulic cylinders, Steel, MS, 100 mm. Location: Pune. Required by 9 days.",Hydraulic Cylinders,Steel,MS,100 mm,8699,units,Pune,9,Automotive,Urgent,0.49,3613348.54,High
R01690,B0398,"Looking for 1320 units of Cast Iron electric motors (IE3), size 10 HP, for our general manufacturing plant in Nagpur. Need delivery in 16 days.",Electric Motors,Cast Iron,IE3,10 HP,1320,units,Nagpur,16,General manufacturing,Normal,0.79,296800.56,Low
R01691,B0983,"Please quote for 3612 electric motors, Cast Iron, IE3, 5 HP. Location: Delhi. Required by 22 days.",Electric Motors,Cast Iron,IE3,5 HP,3612,units,Delhi,22,General manufacturing,Normal,0.89,469047.08,Medium
R01692,B1309,"Looking for 8244 units of Stainless Steel steel brackets (MS), size 3 mm, for our automotive plant in Mumbai. Need delivery in 42 days.",Steel Brackets,Stainless Steel,MS,3 mm,8244,units,Mumbai,42,Automotive,Flexible,0.24,982959.23,Medium
R01693,B0854,"Need 1909 hydraulic cylinders for automotive, Steel SS304, 50 mm. Delivery required in Nagpur within 21 days. Please share quotation.",Hydraulic Cylinders,Steel,SS304,50 mm,1909,units,Nagpur,21,Automotive,Normal,0.62,157818.67,Low
R01694,B0650,"Please quote for 5842 gearboxes, Cast Iron, Helical, 5 HP. Location: Nagpur. Required by 34 days.",Gearboxes,Cast Iron,Helical,5 HP,5842,units,Nagpur,34,General manufacturing,Flexible,0.11,1721213.24,Medium
R01695,B1074,"Looking for 11827 units of Carbon Steel ball valves (SS316), size 2 inch, for our general manufacturing plant in Delhi. Need delivery in 27 days.",Ball Valves,Carbon Steel,SS316,2 inch,11827,units,Delhi,27,General manufacturing,Flexible,0.81,3229167.53,High
R01696,B1231,"Looking for 4029 units of Stainless Steel hydraulic cylinders (SS304), size 50 mm, for our oem project plant in Mumbai. Need delivery in 43 days.",Hydraulic Cylinders,Stainless Steel,SS304,50 mm,4029,units,Mumbai,43,OEM project,Flexible,0.06,1613493.8,Medium
R01697,B0291,"Need 5573 gearboxes for general manufacturing, Cast Iron Worm, 2 HP. Delivery required in Chennai within 19 days. Please share quotation.",Gearboxes,Cast Iron,Worm,2 HP,5573,units,Chennai,19,General manufacturing,Normal,0.51,533610.56,Medium
R01698,B1214,"Please quote for 1211 sheet metal parts, Stainless Steel, SS304, 5 mm. Location: Nagpur. Required by 8 days.",Sheet Metal Parts,Stainless Steel,SS304,5 mm,1211,units,Nagpur,8,OEM project,Urgent,0.54,241219.28,Medium
R01699,B0472,"Looking for 683 units of Rubber conveyor belts (Grade A), size 1000 mm, for our construction plant in Pune. Need delivery in 6 days.",Conveyor Belts,Rubber,Grade A,1000 mm,683,units,Pune,6,Construction,Urgent,0.32,50807.54,Medium
R01700,B1347,"Please quote for 11969 hydraulic cylinders, Stainless Steel, MS, 100 mm. Location: Nagpur. Required by 7 days.",Hydraulic Cylinders,Stainless Steel,MS,100 mm,11969,units,Nagpur,7,OEM project,Urgent,0.87,2587696.46,High
R01701,B1462,"Looking for 3858 units of Stainless Steel ball valves (SS304), size 3 inch, for our general manufacturing plant in Delhi. Need delivery in 6 days.",Ball Valves,Stainless Steel,SS304,3 inch,3858,units,Delhi,6,General manufacturing,Urgent,0.61,437804.16,Medium
R01702,B1004,"Please quote for 6507 sheet metal parts, Stainless Steel, MS, 10 mm. Location: Nashik. Required by 35 days.",Sheet Metal Parts,Stainless Steel,MS,10 mm,6507,units,Nashik,35,Industrial plant,Flexible,0.49,130431.15,Low
R01703,B1314,"Please quote for 7820 hydraulic cylinders, Stainless Steel, MS, 150 mm. Location: Delhi. Required by 32 days.",Hydraulic Cylinders,Stainless Steel,MS,150 mm,7820,units,Delhi,32,General manufacturing,Flexible,0.72,980286.77,Medium
R01704,B0023,"Need 9346 gearboxes for oem project, Steel Worm, 2 HP. Delivery required in Chennai within 45 days. Please share quotation.",Gearboxes,Steel,Worm,2 HP,9346,units,Chennai,45,OEM project,Flexible,0.69,1689652.22,Medium
R01705,B0056,"Please quote for 779 electric motors, Cast Iron, IE3, 25 HP. Location: Chennai. Required by 11 days.",Electric Motors,Cast Iron,IE3,25 HP,779,units,Chennai,11,OEM project,Normal,0.08,288292.47,Low
R01706,B0682,"Please quote for 2437 sheet metal parts, Mild Steel, MS, 10 mm. Location: Hyderabad. Required by 25 days.",Sheet Metal Parts,Mild Steel,MS,10 mm,2437,units,Hyderabad,25,Industrial plant,Normal,0.3,326677.07,Low
R01707,B0906,"Need 2003 ball valves for general manufacturing, Carbon Steel SS316, 2 inch. Delivery required in Mumbai within 32 days. Please share quotation.",Ball Valves,Carbon Steel,SS316,2 inch,2003,units,Mumbai,32,General manufacturing,Flexible,0.28,960390.08,Medium
R01708,B1415,"Please quote for 581 hydraulic cylinders, Steel, SS304, 150 mm. Location: Kolkata. Required by 45 days.",Hydraulic Cylinders,Steel,SS304,150 mm,581,units,Kolkata,45,OEM project,Flexible,0.81,224911.39,Low
R01709,B0929,"Please quote for 10154 hydraulic cylinders, Steel, SS304, 100 mm. Location: Chennai. Required by 12 days.",Hydraulic Cylinders,Steel,SS304,100 mm,10154,units,Chennai,12,General manufacturing,Normal,0.7,365073.61,Medium
R01710,B0795,"Please quote for 764 industrial pumps, Cast Iron, SS304, 5 HP. Location: Hyderabad. Required by 41 days.",Industrial Pumps,Cast Iron,SS304,5 HP,764,units,Hyderabad,41,General manufacturing,Flexible,0.24,54430.01,Low
R01711,B1485,"Please quote for 8551 sheet metal parts, Mild Steel, MS, 5 mm. Location: Bengaluru. Required by 17 days.",Sheet Metal Parts,Mild Steel,MS,5 mm,8551,units,Bengaluru,17,General manufacturing,Normal,0.17,629240.42,Medium
R01712,B1087,"Need 7875 ball valves for general manufacturing, Stainless Steel SS316, 1 inch. Delivery required in Delhi within 3 days. Please share quotation.",Ball Valves,Stainless Steel,SS316,1 inch,7875,units,Delhi,3,General manufacturing,Urgent,0.03,2157808.43,High
R01713,B0818,"Looking for 2045 units of Aluminium electric motors (IE3), size 25 HP, for our industrial plant plant in Hyderabad. Need delivery in 31 days.",Electric Motors,Aluminium,IE3,25 HP,2045,units,Hyderabad,31,Industrial plant,Flexible,0.48,447050.19,Low
R01714,B0986,"Please quote for 5379 hydraulic cylinders, Stainless Steel, SS304, 50 mm. Location: Ahmedabad. Required by 9 days.",Hydraulic Cylinders,Stainless Steel,SS304,50 mm,5379,units,Ahmedabad,9,Automotive,Urgent,0.13,2401194.89,High
R01715,B0656,"Looking for 5397 units of Cast Iron industrial pumps (SS304), size 5 HP, for our oem project plant in Kolkata. Need delivery in 44 days.",Industrial Pumps,Cast Iron,SS304,5 HP,5397,units,Kolkata,44,OEM project,Flexible,0.53,1508343.74,Medium
R01716,B0234,"Need 8275 steel brackets for general manufacturing, Stainless Steel MS, 5 mm. Delivery required in Ahmedabad within 26 days. Please share quotation.",Steel Brackets,Stainless Steel,MS,5 mm,8275,units,Ahmedabad,26,General manufacturing,Flexible,0.79,1309952.54,High
R01717,B1394,"Need 4983 ball valves for automotive, Carbon Steel SS304, 2 inch. Delivery required in Nagpur within 18 days. Please share quotation.",Ball Valves,Carbon Steel,SS304,2 inch,4983,units,Nagpur,18,Automotive,Normal,0.09,1123659.89,Medium
R01718,B0639,"Looking for 3804 units of Stainless Steel hydraulic cylinders (SS304), size 50 mm, for our construction plant in Ahmedabad. Need delivery in 4 days.",Hydraulic Cylinders,Stainless Steel,SS304,50 mm,3804,units,Ahmedabad,4,Construction,Urgent,0.55,151730.16,Medium
R01719,B0631,"Please quote for 7844 industrial pumps, Stainless Steel, SS304, 20 HP. Location: Pune. Required by 28 days.",Industrial Pumps,Stainless Steel,SS304,20 HP,7844,units,Pune,28,OEM project,Flexible,0.24,1324703.59,Medium
R01720,B0744,"Looking for 3710 units of Steel gearboxes (Helical), size 10 HP, for our oem project plant in Hyderabad. Need delivery in 16 days.",Gearboxes,Steel,Helical,10 HP,3710,units,Hyderabad,16,OEM project,Normal,0.77,367574.16,Medium
R01721,B0377,"Looking for 11972 units of Carbon Steel ball valves (SS304), size 3 inch, for our construction plant in Delhi. Need delivery in 18 days.",Ball Valves,Carbon Steel,SS304,3 inch,11972,units,Delhi,18,Construction,Normal,0.27,3933457.22,Medium
R01722,B0038,"Looking for 9972 units of Steel gearboxes (Helical), size 10 HP, for our automotive plant in Pune. Need delivery in 5 days.",Gearboxes,Steel,Helical,10 HP,9972,units,Pune,5,Automotive,Urgent,0.7,3598161.35,High
R01723,B0918,"Need 1731 gearboxes for oem project, Steel Helical, 5 HP. Delivery required in Ahmedabad within 3 days. Please share quotation.",Gearboxes,Steel,Helical,5 HP,1731,units,Ahmedabad,3,OEM project,Urgent,0.07,516156.17,High
R01724,B1235,"Need 8757 industrial pumps for industrial plant, Stainless Steel SS316, 10 HP. Delivery required in Kolkata within 9 days. Please share quotation.",Industrial Pumps,Stainless Steel,SS316,10 HP,8757,units,Kolkata,9,Industrial plant,Urgent,0.68,1411169.5,High
R01725,B0229,"Need 6262 ball valves for construction, Carbon Steel SS304, 1 inch. Delivery required in Ahmedabad within 23 days. Please share quotation.",Ball Valves,Carbon Steel,SS304,1 inch,6262,units,Ahmedabad,23,Construction,Normal,0.87,1445346.93,High
R01726,B1197,"Looking for 7251 units of PU conveyor belts (Grade A), size 500 mm, for our oem project plant in Hyderabad. Need delivery in 40 days.",Conveyor Belts,PU,Grade A,500 mm,7251,units,Hyderabad,40,OEM project,Flexible,0.93,2882877.38,Medium
R01727,B0475,"Please quote for 628 electric motors, Cast Iron, IE3, 10 HP. Location: Kolkata. Required by 6 days.",Electric Motors,Cast Iron,IE3,10 HP,628,units,Kolkata,6,OEM project,Urgent,0.22,153105.59,Medium
R01728,B0518,"Looking for 623 units of Stainless Steel hydraulic cylinders (MS), size 100 mm, for our general manufacturing plant in Ahmedabad. Need delivery in 14 days.",Hydraulic Cylinders,Stainless Steel,MS,100 mm,623,units,Ahmedabad,14,General manufacturing,Normal,0.09,284057.42,Low
R01729,B1297,"Need 4320 gearboxes for industrial plant, Steel Helical, 5 HP. Delivery required in Mumbai within 26 days. Please share quotation.",Gearboxes,Steel,Helical,5 HP,4320,units,Mumbai,26,Industrial plant,Flexible,0.6,1454142.27,Medium
R01730,B1037,"Looking for 1434 units of Steel gearboxes (Worm), size 5 HP, for our industrial plant plant in Nagpur. Need delivery in 10 days.",Gearboxes,Steel,Worm,5 HP,1434,units,Nagpur,10,Industrial plant,Urgent,0.83,203713.23,Medium
R01731,B0974,"Please quote for 3171 steel brackets, Stainless Steel, SS304, 8 mm. Location: Chennai. Required by 18 days.",Steel Brackets,Stainless Steel,SS304,8 mm,3171,units,Chennai,18,OEM project,Normal,0.42,1431700.37,Medium
R01732,B0579,"Need 7172 sheet metal parts for automotive, Stainless Steel MS, 5 mm. Delivery required in Ahmedabad within 20 days. Please share quotation.",Sheet Metal Parts,Stainless Steel,MS,5 mm,7172,units,Ahmedabad,20,Automotive,Normal,0.33,1356266.96,Medium
R01733,B1409,"Looking for 3255 units of Stainless Steel hydraulic cylinders (MS), size 150 mm, for our industrial plant plant in Nashik. Need delivery in 30 days.",Hydraulic Cylinders,Stainless Steel,MS,150 mm,3255,units,Nashik,30,Industrial plant,Flexible,0.34,257089.3,Low
R01734,B0127,"Please quote for 10316 industrial pumps, Cast Iron, SS316, 5 HP. Location: Bengaluru. Required by 12 days.",Industrial Pumps,Cast Iron,SS316,5 HP,10316,units,Bengaluru,12,General manufacturing,Normal,0.9,2698588.98,High
R01735,B1267,"Need 7733 steel brackets for general manufacturing, Stainless Steel MS, 3 mm. Delivery required in Mumbai within 12 days. Please share quotation.",Steel Brackets,Stainless Steel,MS,3 mm,7733,units,Mumbai,12,General manufacturing,Normal,0.49,838866.48,High
R01736,B1477,"Looking for 7718 units of Stainless Steel ball valves (SS304), size 2 inch, for our industrial plant plant in Nashik. Need delivery in 31 days.",Ball Valves,Stainless Steel,SS304,2 inch,7718,units,Nashik,31,Industrial plant,Flexible,0.44,1810914.94,Medium
R01737,B1405,"Need 10416 gearboxes for oem project, Steel Helical, 10 HP. Delivery required in Ahmedabad within 27 days. Please share quotation.",Gearboxes,Steel,Helical,10 HP,10416,units,Ahmedabad,27,OEM project,Flexible,0.98,1679339.21,High
R01738,B0826,"Looking for 3317 units of Cast Iron electric motors (IE2), size 5 HP, for our construction plant in Hyderabad. Need delivery in 34 days.",Electric Motors,Cast Iron,IE2,5 HP,3317,units,Hyderabad,34,Construction,Flexible,0.5,1386644.07,Medium
R01739,B1461,"Please quote for 10655 industrial pumps, Cast Iron, SS304, 10 HP. Location: Hyderabad. Required by 31 days.",Industrial Pumps,Cast Iron,SS304,10 HP,10655,units,Hyderabad,31,OEM project,Flexible,0.78,2242660.05,Medium
R01740,B0409,"Need 262 ball valves for construction, Carbon Steel SS316, 3 inch. Delivery required in Bengaluru within 18 days. Please share quotation.",Ball Valves,Carbon Steel,SS316,3 inch,262,units,Bengaluru,18,Construction,Normal,0.65,33109.44,Low
R01741,B1223,"Need 6619 ball valves for automotive, Stainless Steel SS304, 2 inch. Delivery required in Ahmedabad within 37 days. Please share quotation.",Ball Valves,Stainless Steel,SS304,2 inch,6619,units,Ahmedabad,37,Automotive,Flexible,0.5,2892392.03,Medium
R01742,B0533,"Need 5813 hydraulic cylinders for industrial plant, Steel MS, 50 mm. Delivery required in Ahmedabad within 45 days. Please share quotation.",Hydraulic Cylinders,Steel,MS,50 mm,5813,units,Ahmedabad,45,Industrial plant,Flexible,0.86,1468653.71,Medium
R01743,B0814,"Need 7004 ball valves for general manufacturing, Stainless Steel CS, 2 inch. Delivery required in Pune within 35 days. Please share quotation.",Ball Valves,Stainless Steel,CS,2 inch,7004,units,Pune,35,General manufacturing,Flexible,0.95,340465.95,Medium
R01744,B1127,"Please quote for 8121 gearboxes, Cast Iron, Helical, 5 HP. Location: Kolkata. Required by 43 days.",Gearboxes,Cast Iron,Helical,5 HP,8121,units,Kolkata,43,OEM project,Flexible,0.15,570804.05,Medium
R01745,B1257,"Please quote for 726 gearboxes, Cast Iron, Helical, 5 HP. Location: Hyderabad. Required by 11 days.",Gearboxes,Cast Iron,Helical,5 HP,726,units,Hyderabad,11,Automotive,Normal,0.5,316459.76,Low
R01746,B0866,"Please quote for 10098 industrial pumps, Cast Iron, SS304, 20 HP. Location: Kolkata. Required by 7 days.",Industrial Pumps,Cast Iron,SS304,20 HP,10098,units,Kolkata,7,Automotive,Urgent,0.4,1093502.65,High
R01747,B0907,"Need 9069 hydraulic cylinders for oem project, Steel MS, 100 mm. Delivery required in Mumbai within 28 days. Please share quotation.",Hydraulic Cylinders,Steel,MS,100 mm,9069,units,Mumbai,28,OEM project,Flexible,0.47,1447749.02,Medium
R01748,B0107,"Looking for 4616 units of Rubber conveyor belts (Food Grade), size 500 mm, for our automotive plant in Delhi. Need delivery in 40 days.",Conveyor Belts,Rubber,Food Grade,500 mm,4616,units,Delhi,40,Automotive,Flexible,0.85,435869.64,Low
R01749,B0669,"Please quote for 7923 gearboxes, Cast Iron, Worm, 2 HP. Location: Pune. Required by 43 days.",Gearboxes,Cast Iron,Worm,2 HP,7923,units,Pune,43,Industrial plant,Flexible,0.45,2111951.99,Medium
R01750,B0425,"Need 7586 steel brackets for automotive, Stainless Steel SS304, 3 mm. Delivery required in Delhi within 37 days. Please share quotation.",Steel Brackets,Stainless Steel,SS304,3 mm,7586,units,Delhi,37,Automotive,Flexible,0.14,3008923.81,Medium
R01751,B0606,"Looking for 629 units of Mild Steel sheet metal parts (SS304), size 5 mm, for our oem project plant in Mumbai. Need delivery in 21 days.",Sheet Metal Parts,Mild Steel,SS304,5 mm,629,units,Mumbai,21,OEM project,Normal,0.77,299622.91,Low
R01752,B0118,"Looking for 1417 units of Stainless Steel hydraulic cylinders (MS), size 150 mm, for our general manufacturing plant in Kolkata. Need delivery in 37 days.",Hydraulic Cylinders,Stainless Steel,MS,150 mm,1417,units,Kolkata,37,General manufacturing,Flexible,0.81,399760.54,Low
R01753,B0749,"Please quote for 6570 steel brackets, Mild Steel, MS, 3 mm. Location: Hyderabad. Required by 41 days.",Steel Brackets,Mild Steel,MS,3 mm,6570,units,Hyderabad,41,OEM project,Flexible,0.02,2145052.81,Medium
R01754,B0909,"Need 653 hydraulic cylinders for general manufacturing, Steel SS304, 100 mm. Delivery required in Pune within 34 days. Please share quotation.",Hydraulic Cylinders,Steel,SS304,100 mm,653,units,Pune,34,General manufacturing,Flexible,0.09,72076.05,Low
R01755,B0862,"Please quote for 11597 ball valves, Stainless Steel, SS316, 3 inch. Location: Kolkata. Required by 3 days.",Ball Valves,Stainless Steel,SS316,3 inch,11597,units,Kolkata,3,Construction,Urgent,0.42,2318061.7,High
R01756,B0670,"Need 5138 industrial pumps for automotive, Stainless Steel SS304, 5 HP. Delivery required in Hyderabad within 4 days. Please share quotation.",Industrial Pumps,Stainless Steel,SS304,5 HP,5138,units,Hyderabad,4,Automotive,Urgent,0.01,2368242.96,High
R01757,B0465,"Need 913 gearboxes for automotive, Cast Iron Helical, 5 HP. Delivery required in Nagpur within 16 days. Please share quotation.",Gearboxes,Cast Iron,Helical,5 HP,913,units,Nagpur,16,Automotive,Normal,0.12,187564.94,Low
R01758,B1193,"Looking for 2578 units of Carbon Steel ball valves (SS304), size 3 inch, for our automotive plant in Delhi. Need delivery in 9 days.",Ball Valves,Carbon Steel,SS304,3 inch,2578,units,Delhi,9,Automotive,Urgent,0.32,796579.83,High
R01759,B0682,"Looking for 9911 units of Aluminium electric motors (IE3), size 5 HP, for our automotive plant in Nagpur. Need delivery in 26 days.",Electric Motors,Aluminium,IE3,5 HP,9911,units,Nagpur,26,Automotive,Flexible,0.77,225239.62,Medium
R01760,B0225,"Need 3720 conveyor belts for construction, PU Grade A, 800 mm. Delivery required in Bengaluru within 41 days. Please share quotation.",Conveyor Belts,PU,Grade A,800 mm,3720,units,Bengaluru,41,Construction,Flexible,0.65,399591.66,Low
R01761,B0604,"Please quote for 8658 industrial pumps, Stainless Steel, CI, 5 HP. Location: Hyderabad. Required by 33 days.",Industrial Pumps,Stainless Steel,CI,5 HP,8658,units,Hyderabad,33,Automotive,Flexible,0.17,263350.47,Low
R01762,B0310,"Need 7291 conveyor belts for construction, PU Food Grade, 800 mm. Delivery required in Ahmedabad within 8 days. Please share quotation.",Conveyor Belts,PU,Food Grade,800 mm,7291,units,Ahmedabad,8,Construction,Urgent,0.71,1325670.65,High
R01763,B1074,"Please quote for 2019 sheet metal parts, Stainless Steel, MS, 5 mm. Location: Bengaluru. Required by 36 days.",Sheet Metal Parts,Stainless Steel,MS,5 mm,2019,units,Bengaluru,36,General manufacturing,Flexible,0.81,858276.48,Medium
R01764,B1482,"Looking for 4104 units of Carbon Steel ball valves (CS), size 3 inch, for our automotive plant in Mumbai. Need delivery in 33 days.",Ball Valves,Carbon Steel,CS,3 inch,4104,units,Mumbai,33,Automotive,Flexible,0.12,590434.12,Medium
R01765,B0963,"Please quote for 6843 electric motors, Cast Iron, IE3, 10 HP. Location: Chennai. Required by 16 days.",Electric Motors,Cast Iron,IE3,10 HP,6843,units,Chennai,16,Automotive,Normal,0.26,3168875.41,Medium
R01766,B0016,"Need 5282 industrial pumps for automotive, Cast Iron SS316, 20 HP. Delivery required in Ahmedabad within 23 days. Please share quotation.",Industrial Pumps,Cast Iron,SS316,20 HP,5282,units,Ahmedabad,23,Automotive,Normal,0.65,592571.63,High
R01767,B0926,"Need 7581 ball valves for automotive, Carbon Steel SS316, 1 inch. Delivery required in Pune within 27 days. Please share quotation.",Ball Valves,Carbon Steel,SS316,1 inch,7581,units,Pune,27,Automotive,Flexible,0.53,2597322.77,Medium
R01768,B0063,"Need 505 ball valves for general manufacturing, Stainless Steel SS316, 1 inch. Delivery required in Delhi within 23 days. Please share quotation.",Ball Valves,Stainless Steel,SS316,1 inch,505,units,Delhi,23,General manufacturing,Normal,0.57,73009.64,Low
R01769,B0574,"Need 11862 hydraulic cylinders for oem project, Stainless Steel MS, 100 mm. Delivery required in Pune within 31 days. Please share quotation.",Hydraulic Cylinders,Stainless Steel,MS,100 mm,11862,units,Pune,31,OEM project,Flexible,0.27,937414.24,Medium
R01770,B1082,"Need 4172 steel brackets for construction, Mild Steel SS304, 3 mm. Delivery required in Chennai within 23 days. Please share quotation.",Steel Brackets,Mild Steel,SS304,3 mm,4172,units,Chennai,23,Construction,Normal,0.13,1904915.94,Medium
R01771,B1224,"Looking for 1220 units of Cast Iron industrial pumps (SS316), size 5 HP, for our oem project plant in Mumbai. Need delivery in 30 days.",Industrial Pumps,Cast Iron,SS316,5 HP,1220,units,Mumbai,30,OEM project,Flexible,0.1,580295.11,Medium
R01772,B0666,"Need 11315 hydraulic cylinders for construction, Steel MS, 100 mm. Delivery required in Hyderabad within 28 days. Please share quotation.",Hydraulic Cylinders,Steel,MS,100 mm,11315,units,Hyderabad,28,Construction,Flexible,0.76,2532865.94,High
R01773,B1416,"Need 9530 conveyor belts for general manufacturing, Rubber Food Grade, 800 mm. Delivery required in Bengaluru within 3 days. Please share quotation.",Conveyor Belts,Rubber,Food Grade,800 mm,9530,units,Bengaluru,3,General manufacturing,Urgent,0.48,663593.71,High
R01774,B1401,"Need 4781 ball valves for automotive, Stainless Steel CS, 3 inch. Delivery required in Hyderabad within 18 days. Please share quotation.",Ball Valves,Stainless Steel,CS,3 inch,4781,units,Hyderabad,18,Automotive,Normal,0.64,1469384.72,Medium
R01775,B1425,"Please quote for 6176 gearboxes, Steel, Worm, 10 HP. Location: Pune. Required by 10 days.",Gearboxes,Steel,Worm,10 HP,6176,units,Pune,10,OEM project,Urgent,0.32,936645.68,High
R01776,B1247,"Looking for 8184 units of Cast Iron electric motors (IE3), size 10 HP, for our construction plant in Delhi. Need delivery in 18 days.",Electric Motors,Cast Iron,IE3,10 HP,8184,units,Delhi,18,Construction,Normal,0.25,2728990.98,Medium
R01777,B1439,"Looking for 7008 units of Mild Steel sheet metal parts (MS), size 10 mm, for our industrial plant plant in Kolkata. Need delivery in 26 days.",Sheet Metal Parts,Mild Steel,MS,10 mm,7008,units,Kolkata,26,Industrial plant,Flexible,0.8,2379673.43,High
R01778,B1141,"Please quote for 9252 hydraulic cylinders, Steel, SS304, 50 mm. Location: Delhi. Required by 33 days.",Hydraulic Cylinders,Steel,SS304,50 mm,9252,units,Delhi,33,Automotive,Flexible,0.7,2944557.59,Medium
R01779,B0139,"Please quote for 9271 electric motors, Aluminium, IE3, 5 HP. Location: Pune. Required by 23 days.",Electric Motors,Aluminium,IE3,5 HP,9271,units,Pune,23,Construction,Normal,0.27,866999.24,Medium
R01780,B1302,"Need 833 steel brackets for oem project, Mild Steel MS, 8 mm. Delivery required in Hyderabad within 16 days. Please share quotation.",Steel Brackets,Mild Steel,MS,8 mm,833,units,Hyderabad,16,OEM project,Normal,0.09,187000.15,Low
R01781,B1092,"Please quote for 11833 hydraulic cylinders, Stainless Steel, MS, 150 mm. Location: Hyderabad. Required by 14 days.",Hydraulic Cylinders,Stainless Steel,MS,150 mm,11833,units,Hyderabad,14,General manufacturing,Normal,0.75,3136346.07,High
R01782,B0305,"Need 1478 industrial pumps for automotive, Cast Iron CI, 5 HP. Delivery required in Mumbai within 12 days. Please share quotation.",Industrial Pumps,Cast Iron,CI,5 HP,1478,units,Mumbai,12,Automotive,Normal,0.21,652588.06,Medium
R01783,B0705,"Looking for 7983 units of Stainless Steel ball valves (SS316), size 2 inch, for our construction plant in Chennai. Need delivery in 11 days.",Ball Valves,Stainless Steel,SS316,2 inch,7983,units,Chennai,11,Construction,Normal,0.12,2148780.66,High
R01784,B1333,"Looking for 1526 units of Mild Steel steel brackets (SS304), size 5 mm, for our industrial plant plant in Delhi. Need delivery in 20 days.",Steel Brackets,Mild Steel,SS304,5 mm,1526,units,Delhi,20,Industrial plant,Normal,0.23,178151.43,Low
R01785,B0986,"Looking for 11099 units of Stainless Steel sheet metal parts (MS), size 2 mm, for our automotive plant in Ahmedabad. Need delivery in 12 days.",Sheet Metal Parts,Stainless Steel,MS,2 mm,11099,units,Ahmedabad,12,Automotive,Normal,0.11,1492379.76,High
R01786,B0464,"Please quote for 5629 sheet metal parts, Mild Steel, SS304, 2 mm. Location: Pune. Required by 45 days.",Sheet Metal Parts,Mild Steel,SS304,2 mm,5629,units,Pune,45,Construction,Flexible,0.81,2256791.37,Medium
R01787,B1376,"Need 11224 industrial pumps for general manufacturing, Cast Iron SS316, 20 HP. Delivery required in Kolkata within 34 days. Please share quotation.",Industrial Pumps,Cast Iron,SS316,20 HP,11224,units,Kolkata,34,General manufacturing,Flexible,0.49,2354604.0,Medium
R01788,B0305,"Need 3665 sheet metal parts for automotive, Stainless Steel SS304, 2 mm. Delivery required in Kolkata within 43 days. Please share quotation.",Sheet Metal Parts,Stainless Steel,SS304,2 mm,3665,units,Kolkata,43,Automotive,Flexible,0.24,297878.89,Low
R01789,B1386,"Need 1226 ball valves for industrial plant, Stainless Steel CS, 3 inch. Delivery required in Delhi within 44 days. Please share quotation.",Ball Valves,Stainless Steel,CS,3 inch,1226,units,Delhi,44,Industrial plant,Flexible,0.18,243996.96,Low
R01790,B0069,"Please quote for 4744 electric motors, Cast Iron, IE3, 25 HP. Location: Mumbai. Required by 13 days.",Electric Motors,Cast Iron,IE3,25 HP,4744,units,Mumbai,13,Industrial plant,Normal,0.48,2044327.17,Medium
R01791,B1079,"Looking for 11808 units of PU conveyor belts (Food Grade), size 500 mm, for our industrial plant plant in Nagpur. Need delivery in 22 days.",Conveyor Belts,PU,Food Grade,500 mm,11808,units,Nagpur,22,Industrial plant,Normal,0.56,303819.62,Medium
R01792,B1331,"Need 2796 sheet metal parts for automotive, Mild Steel SS304, 10 mm. Delivery required in Mumbai within 17 days. Please share quotation.",Sheet Metal Parts,Mild Steel,SS304,10 mm,2796,units,Mumbai,17,Automotive,Normal,0.52,244561.21,Low
R01793,B1116,"Please quote for 1768 conveyor belts, PU, Grade A, 800 mm. Location: Nagpur. Required by 17 days.",Conveyor Belts,PU,Grade A,800 mm,1768,units,Nagpur,17,Automotive,Normal,0.79,641602.28,Medium
R01794,B0428,"Looking for 10472 units of Rubber conveyor belts (Grade A), size 800 mm, for our general manufacturing plant in Ahmedabad. Need delivery in 44 days.",Conveyor Belts,Rubber,Grade A,800 mm,10472,units,Ahmedabad,44,General manufacturing,Flexible,0.06,690572.07,Medium
R01795,B0658,"Need 5036 electric motors for construction, Cast Iron IE3, 5 HP. Delivery required in Bengaluru within 23 days. Please share quotation.",Electric Motors,Cast Iron,IE3,5 HP,5036,units,Bengaluru,23,Construction,Normal,0.92,137597.81,Medium
R01796,B1336,"Please quote for 9060 hydraulic cylinders, Steel, MS, 100 mm. Location: Mumbai. Required by 45 days.",Hydraulic Cylinders,Steel,MS,100 mm,9060,units,Mumbai,45,Automotive,Flexible,0.23,960500.74,Medium
R01797,B0996,"Please quote for 8784 hydraulic cylinders, Steel, MS, 150 mm. Location: Ahmedabad. Required by 34 days.",Hydraulic Cylinders,Steel,MS,150 mm,8784,units,Ahmedabad,34,General manufacturing,Flexible,0.35,1611805.72,Medium
R01798,B0853,"Please quote for 4849 sheet metal parts, Mild Steel, SS304, 5 mm. Location: Mumbai. Required by 23 days.",Sheet Metal Parts,Mild Steel,SS304,5 mm,4849,units,Mumbai,23,Industrial plant,Normal,0.89,984522.97,Medium
R01799,B1209,"Looking for 1504 units of Cast Iron industrial pumps (SS304), size 5 HP, for our automotive plant in Mumbai. Need delivery in 39 days.",Industrial Pumps,Cast Iron,SS304,5 HP,1504,units,Mumbai,39,Automotive,Flexible,0.34,744209.41,Low
R01800,B0956,"Need 3387 conveyor belts for construction, Rubber Grade A, 800 mm. Delivery required in Mumbai within 15 days. Please share quotation.",Conveyor Belts,Rubber,Grade A,800 mm,3387,units,Mumbai,15,Construction,Normal,0.77,193206.55,Medium
R01801,B0760,"Please quote for 6805 conveyor belts, PU, Grade A, 500 mm. Location: Mumbai. Required by 37 days.",Conveyor Belts,PU,Grade A,500 mm,6805,units,Mumbai,37,OEM project,Flexible,0.13,3353391.0,Medium
R01802,B0302,"Looking for 3010 units of Mild Steel sheet metal parts (MS), size 5 mm, for our construction plant in Ahmedabad. Need delivery in 31 days.",Sheet Metal Parts,Mild Steel,MS,5 mm,3010,units,Ahmedabad,31,Construction,Flexible,0.88,751077.04,Medium
R01803,B0904,"Please quote for 2222 hydraulic cylinders, Steel, SS304, 100 mm. Location: Nagpur. Required by 45 days.",Hydraulic Cylinders,Steel,SS304,100 mm,2222,units,Nagpur,45,OEM project,Flexible,0.64,905226.71,Medium
R01804,B0480,"Looking for 11951 units of Stainless Steel steel brackets (MS), size 3 mm, for our construction plant in Pune. Need delivery in 42 days.",Steel Brackets,Stainless Steel,MS,3 mm,11951,units,Pune,42,Construction,Flexible,0.7,369203.88,Medium
R01805,B1428,"Please quote for 9923 hydraulic cylinders, Steel, MS, 150 mm. Location: Hyderabad. Required by 37 days.",Hydraulic Cylinders,Steel,MS,150 mm,9923,units,Hyderabad,37,Construction,Flexible,0.54,2326101.73,Medium
R01806,B0758,"Please quote for 3058 ball valves, Carbon Steel, SS316, 2 inch. Location: Pune. Required by 23 days.",Ball Valves,Carbon Steel,SS316,2 inch,3058,units,Pune,23,Construction,Normal,0.67,185810.24,Medium
R01807,B1223,"Please quote for 9260 gearboxes, Steel, Worm, 2 HP. Location: Nashik. Required by 6 days.",Gearboxes,Steel,Worm,2 HP,9260,units,Nashik,6,Automotive,Urgent,0.24,2858384.02,High
R01808,B0040,"Please quote for 10303 industrial pumps, Stainless Steel, SS304, 10 HP. Location: Mumbai. Required by 22 days.",Industrial Pumps,Stainless Steel,SS304,10 HP,10303,units,Mumbai,22,Automotive,Normal,0.07,3322074.67,Medium
R01809,B0600,"Please quote for 5088 electric motors, Cast Iron, IE3, 10 HP. Location: Kolkata. Required by 19 days.",Electric Motors,Cast Iron,IE3,10 HP,5088,units,Kolkata,19,Automotive,Normal,0.41,193124.41,Medium
R01810,B1130,"Please quote for 8677 hydraulic cylinders, Stainless Steel, SS304, 100 mm. Location: Delhi. Required by 21 days.",Hydraulic Cylinders,Stainless Steel,SS304,100 mm,8677,units,Delhi,21,OEM project,Normal,0.61,252368.84,Medium
R01811,B0679,"Please quote for 5201 electric motors, Cast Iron, IE3, 5 HP. Location: Chennai. Required by 30 days.",Electric Motors,Cast Iron,IE3,5 HP,5201,units,Chennai,30,Automotive,Flexible,0.08,1278645.4,Medium
R01812,B0047,"Looking for 6312 units of Stainless Steel ball valves (CS), size 1 inch, for our construction plant in Bengaluru. Need delivery in 14 days.",Ball Valves,Stainless Steel,CS,1 inch,6312,units,Bengaluru,14,Construction,Normal,0.24,1125761.19,High
R01813,B1479,"Please quote for 8167 hydraulic cylinders, Steel, SS304, 50 mm. Location: Ahmedabad. Required by 7 days.",Hydraulic Cylinders,Steel,SS304,50 mm,8167,units,Ahmedabad,7,General manufacturing,Urgent,0.39,3521962.47,High
R01814,B0770,"Need 3767 conveyor belts for automotive, Rubber Grade A, 1000 mm. Delivery required in Nashik within 18 days. Please share quotation.",Conveyor Belts,Rubber,Grade A,1000 mm,3767,units,Nashik,18,Automotive,Normal,0.41,730294.45,Medium
R01815,B0515,"Please quote for 9747 electric motors, Cast Iron, IE3, 10 HP. Location: Hyderabad. Required by 21 days.",Electric Motors,Cast Iron,IE3,10 HP,9747,units,Hyderabad,21,Construction,Normal,0.31,3746464.62,Medium
R01816,B1459,"Please quote for 3986 conveyor belts, Rubber, Grade A, 500 mm. Location: Chennai. Required by 43 days.",Conveyor Belts,Rubber,Grade A,500 mm,3986,units,Chennai,43,Industrial plant,Flexible,0.82,1548016.59,Medium
R01817,B1177,"Please quote for 1532 steel brackets, Mild Steel, MS, 8 mm. Location: Ahmedabad. Required by 22 days.",Steel Brackets,Mild Steel,MS,8 mm,1532,units,Ahmedabad,22,OEM project,Normal,0.31,684426.8,Medium
R01818,B1319,"Looking for 9523 units of Stainless Steel hydraulic cylinders (SS304), size 50 mm, for our construction plant in Nashik. Need delivery in 44 days.",Hydraulic Cylinders,Stainless Steel,SS304,50 mm,9523,units,Nashik,44,Construction,Flexible,0.75,2750927.53,Medium
R01819,B0719,"Need 4192 sheet metal parts for industrial plant, Stainless Steel SS304, 5 mm. Delivery required in Nagpur within 33 days. Please share quotation.",Sheet Metal Parts,Stainless Steel,SS304,5 mm,4192,units,Nagpur,33,Industrial plant,Flexible,0.56,1807192.92,Medium
R01820,B0820,"Need 8838 sheet metal parts for construction, Mild Steel SS304, 2 mm. Delivery required in Nagpur within 31 days. Please share quotation.",Sheet Metal Parts,Mild Steel,SS304,2 mm,8838,units,Nagpur,31,Construction,Flexible,0.69,3121722.92,Medium
R01821,B0919,"Looking for 5996 units of Stainless Steel ball valves (CS), size 1 inch, for our construction plant in Nashik. Need delivery in 27 days.",Ball Valves,Stainless Steel,CS,1 inch,5996,units,Nashik,27,Construction,Flexible,0.86,726028.65,High
R01822,B0436,"Please quote for 7351 sheet metal parts, Mild Steel, SS304, 5 mm. Location: Bengaluru. Required by 39 days.",Sheet Metal Parts,Mild Steel,SS304,5 mm,7351,units,Bengaluru,39,Automotive,Flexible,0.59,2735721.05,Medium
R01823,B0728,"Looking for 4984 units of Steel gearboxes (Helical), size 10 HP, for our general manufacturing plant in Ahmedabad. Need delivery in 31 days.",Gearboxes,Steel,Helical,10 HP,4984,units,Ahmedabad,31,General manufacturing,Flexible,0.85,749653.58,Medium
R01824,B1272,"Please quote for 319 sheet metal parts, Mild Steel, MS, 5 mm. Location: Mumbai. Required by 26 days.",Sheet Metal Parts,Mild Steel,MS,5 mm,319,units,Mumbai,26,Construction,Flexible,0.62,104361.41,Low
R01825,B0552,"Looking for 6085 units of Stainless Steel hydraulic cylinders (SS304), size 50 mm, for our industrial plant plant in Hyderabad. Need delivery in 43 days.",Hydraulic Cylinders,Stainless Steel,SS304,50 mm,6085,units,Hyderabad,43,Industrial plant,Flexible,0.34,2301539.94,Medium
R01826,B0684,"Need 6737 hydraulic cylinders for construction, Stainless Steel SS304, 150 mm. Delivery required in Delhi within 18 days. Please share quotation.",Hydraulic Cylinders,Stainless Steel,SS304,150 mm,6737,units,Delhi,18,Construction,Normal,1.0,3060265.17,High
R01827,B0797,"Please quote for 7381 hydraulic cylinders, Steel, MS, 150 mm. Location: Nashik. Required by 33 days.",Hydraulic Cylinders,Steel,MS,150 mm,7381,units,Nashik,33,General manufacturing,Flexible,0.33,653934.19,Medium
R01828,B1303,"Need 10589 sheet metal parts for automotive, Mild Steel SS304, 2 mm. Delivery required in Hyderabad within 28 days. Please share quotation.",Sheet Metal Parts,Mild Steel,SS304,2 mm,10589,units,Hyderabad,28,Automotive,Flexible,0.78,2958005.03,High
R01829,B0816,"Need 2845 gearboxes for industrial plant, Steel Worm, 10 HP. Delivery required in Nagpur within 21 days. Please share quotation.",Gearboxes,Steel,Worm,10 HP,2845,units,Nagpur,21,Industrial plant,Normal,0.43,880571.47,Medium
R01830,B0133,"Please quote for 11173 conveyor belts, PU, Food Grade, 800 mm. Location: Kolkata. Required by 19 days.",Conveyor Belts,PU,Food Grade,800 mm,11173,units,Kolkata,19,Industrial plant,Normal,0.11,3249562.27,Medium
R01831,B0715,"Looking for 11269 units of PU conveyor belts (Food Grade), size 500 mm, for our construction plant in Chennai. Need delivery in 14 days.",Conveyor Belts,PU,Food Grade,500 mm,11269,units,Chennai,14,Construction,Normal,0.61,3505675.94,High
R01832,B0631,"Please quote for 2345 industrial pumps, Cast Iron, CI, 20 HP. Location: Delhi. Required by 6 days.",Industrial Pumps,Cast Iron,CI,20 HP,2345,units,Delhi,6,General manufacturing,Urgent,0.58,289758.21,Medium
R01833,B0201,"Please quote for 3816 steel brackets, Stainless Steel, MS, 5 mm. Location: Nashik. Required by 30 days.",Steel Brackets,Stainless Steel,MS,5 mm,3816,units,Nashik,30,OEM project,Flexible,0.0,1218405.07,Medium
R01834,B1111,"Need 10585 gearboxes for construction, Steel Helical, 2 HP. Delivery required in Nashik within 39 days. Please share quotation.",Gearboxes,Steel,Helical,2 HP,10585,units,Nashik,39,Construction,Flexible,0.55,5246360.17,Medium
R01835,B0122,"Looking for 9688 units of Carbon Steel ball valves (SS316), size 2 inch, for our automotive plant in Bengaluru. Need delivery in 9 days.",Ball Valves,Carbon Steel,SS316,2 inch,9688,units,Bengaluru,9,Automotive,Urgent,0.6,1265585.69,High
R01836,B0426,"Please quote for 9517 gearboxes, Steel, Worm, 10 HP. Location: Ahmedabad. Required by 12 days.",Gearboxes,Steel,Worm,10 HP,9517,units,Ahmedabad,12,Industrial plant,Normal,0.48,2737657.53,High
R01837,B0499,"Need 3990 electric motors for industrial plant, Aluminium IE3, 10 HP. Delivery required in Chennai within 33 days. Please share quotation.",Electric Motors,Aluminium,IE3,10 HP,3990,units,Chennai,33,Industrial plant,Flexible,0.82,182666.9,Low
R01838,B0676,"Looking for 11223 units of Mild Steel steel brackets (MS), size 3 mm, for our oem project plant in Mumbai. Need delivery in 32 days.",Steel Brackets,Mild Steel,MS,3 mm,11223,units,Mumbai,32,OEM project,Flexible,0.2,475404.59,Low
R01839,B1449,"Looking for 10745 units of Steel gearboxes (Helical), size 5 HP, for our industrial plant plant in Ahmedabad. Need delivery in 35 days.",Gearboxes,Steel,Helical,5 HP,10745,units,Ahmedabad,35,Industrial plant,Flexible,0.59,3921647.57,Medium
R01840,B1263,"Need 8647 conveyor belts for industrial plant, PU Grade A, 500 mm. Delivery required in Hyderabad within 31 days. Please share quotation.",Conveyor Belts,PU,Grade A,500 mm,8647,units,Hyderabad,31,Industrial plant,Flexible,0.05,2407495.14,Medium
R01841,B0206,"Please quote for 2729 industrial pumps, Cast Iron, SS316, 20 HP. Location: Nagpur. Required by 27 days.",Industrial Pumps,Cast Iron,SS316,20 HP,2729,units,Nagpur,27,OEM project,Flexible,0.32,1036165.59,Medium
R01842,B0142,"Need 319 conveyor belts for construction, Rubber Grade A, 500 mm. Delivery required in Ahmedabad within 4 days. Please share quotation.",Conveyor Belts,Rubber,Grade A,500 mm,319,units,Ahmedabad,4,Construction,Urgent,0.6,22041.81,Medium
R01843,B0733,"Looking for 941 units of Aluminium electric motors (IE2), size 10 HP, for our construction plant in Nashik. Need delivery in 30 days.",Electric Motors,Aluminium,IE2,10 HP,941,units,Nashik,30,Construction,Flexible,0.03,197530.69,Low
R01844,B0462,"Need 10861 conveyor belts for automotive, PU Grade A, 500 mm. Delivery required in Mumbai within 4 days. Please share quotation.",Conveyor Belts,PU,Grade A,500 mm,10861,units,Mumbai,4,Automotive,Urgent,0.81,2526287.83,High
R01845,B0850,"Need 11445 sheet metal parts for general manufacturing, Mild Steel MS, 10 mm. Delivery required in Mumbai within 45 days. Please share quotation.",Sheet Metal Parts,Mild Steel,MS,10 mm,11445,units,Mumbai,45,General manufacturing,Flexible,0.8,2706576.35,Medium
R01846,B0091,"Need 11581 conveyor belts for general manufacturing, Rubber Grade A, 500 mm. Delivery required in Chennai within 16 days. Please share quotation.",Conveyor Belts,Rubber,Grade A,500 mm,11581,units,Chennai,16,General manufacturing,Normal,0.84,3753827.93,High
R01847,B0327,"Please quote for 9288 industrial pumps, Stainless Steel, CI, 10 HP. Location: Nashik. Required by 29 days.",Industrial Pumps,Stainless Steel,CI,10 HP,9288,units,Nashik,29,Industrial plant,Flexible,0.68,3987926.83,High
R01848,B0109,"Need 1287 electric motors for general manufacturing, Aluminium IE2, 10 HP. Delivery required in Delhi within 36 days. Please share quotation.",Electric Motors,Aluminium,IE2,10 HP,1287,units,Delhi,36,General manufacturing,Flexible,0.92,598118.42,Medium
R01849,B0064,"Need 5613 hydraulic cylinders for construction, Steel SS304, 50 mm. Delivery required in Kolkata within 5 days. Please share quotation.",Hydraulic Cylinders,Steel,SS304,50 mm,5613,units,Kolkata,5,Construction,Urgent,0.96,2028457.98,High
R01850,B1285,"Looking for 3991 units of Steel hydraulic cylinders (MS), size 100 mm, for our oem project plant in Mumbai. Need delivery in 10 days.",Hydraulic Cylinders,Steel,MS,100 mm,3991,units,Mumbai,10,OEM project,Urgent,0.06,1922876.07,High
R01851,B1029,"Looking for 3141 units of Mild Steel steel brackets (MS), size 8 mm, for our general manufacturing plant in Ahmedabad. Need delivery in 34 days.",Steel Brackets,Mild Steel,MS,8 mm,3141,units,Ahmedabad,34,General manufacturing,Flexible,0.38,449793.98,Low
R01852,B0540,"Please quote for 4498 hydraulic cylinders, Stainless Steel, SS304, 50 mm. Location: Nashik. Required by 14 days.",Hydraulic Cylinders,Stainless Steel,SS304,50 mm,4498,units,Nashik,14,Construction,Normal,0.75,1365224.87,High
R01853,B1143,"Need 4244 gearboxes for industrial plant, Cast Iron Worm, 5 HP. Delivery required in Mumbai within 36 days. Please share quotation.",Gearboxes,Cast Iron,Worm,5 HP,4244,units,Mumbai,36,Industrial plant,Flexible,0.38,696238.67,Medium
R01854,B0668,"Need 8199 hydraulic cylinders for general manufacturing, Steel MS, 150 mm. Delivery required in Bengaluru within 25 days. Please share quotation.",Hydraulic Cylinders,Steel,MS,150 mm,8199,units,Bengaluru,25,General manufacturing,Normal,0.26,2322226.86,Medium
R01855,B0125,"Please quote for 2271 electric motors, Aluminium, IE3, 10 HP. Location: Nagpur. Required by 19 days.",Electric Motors,Aluminium,IE3,10 HP,2271,units,Nagpur,19,Industrial plant,Normal,0.35,623200.33,Medium
R01856,B0517,"Please quote for 3744 industrial pumps, Stainless Steel, SS316, 5 HP. Location: Chennai. Required by 45 days.",Industrial Pumps,Stainless Steel,SS316,5 HP,3744,units,Chennai,45,OEM project,Flexible,0.95,812969.83,Medium
R01857,B0012,"Looking for 4194 units of Mild Steel sheet metal parts (SS304), size 2 mm, for our oem project plant in Mumbai. Need delivery in 29 days.",Sheet Metal Parts,Mild Steel,SS304,2 mm,4194,units,Mumbai,29,OEM project,Flexible,0.98,1908782.0,Medium
R01858,B1376,"Need 742 ball valves for automotive, Carbon Steel CS, 1 inch. Delivery required in Hyderabad within 37 days. Please share quotation.",Ball Valves,Carbon Steel,CS,1 inch,742,units,Hyderabad,37,Automotive,Flexible,0.6,183092.76,Low
R01859,B1013,"Looking for 1736 units of Stainless Steel sheet metal parts (SS304), size 10 mm, for our construction plant in Pune. Need delivery in 23 days.",Sheet Metal Parts,Stainless Steel,SS304,10 mm,1736,units,Pune,23,Construction,Normal,0.01,66183.57,Low
R01860,B0754,"Looking for 8816 units of Stainless Steel sheet metal parts (MS), size 10 mm, for our general manufacturing plant in Pune. Need delivery in 3 days.",Sheet Metal Parts,Stainless Steel,MS,10 mm,8816,units,Pune,3,General manufacturing,Urgent,0.46,1377898.79,High
R01861,B0363,"Please quote for 769 ball valves, Carbon Steel, SS316, 2 inch. Location: Hyderabad. Required by 30 days.",Ball Valves,Carbon Steel,SS316,2 inch,769,units,Hyderabad,30,General manufacturing,Flexible,0.76,310078.26,Low
R01862,B0994,"Please quote for 194 electric motors, Aluminium, IE3, 5 HP. Location: Nagpur. Required by 12 days.",Electric Motors,Aluminium,IE3,5 HP,194,units,Nagpur,12,Automotive,Normal,0.22,37733.19,Low
R01863,B0549,"Looking for 911 units of Steel gearboxes (Worm), size 10 HP, for our automotive plant in Kolkata. Need delivery in 39 days.",Gearboxes,Steel,Worm,10 HP,911,units,Kolkata,39,Automotive,Flexible,0.69,273590.38,Low
R01864,B0030,"Please quote for 11016 gearboxes, Cast Iron, Helical, 2 HP. Location: Nashik. Required by 24 days.",Gearboxes,Cast Iron,Helical,2 HP,11016,units,Nashik,24,General manufacturing,Normal,0.54,728130.51,Medium
R01865,B0128,"Need 650 steel brackets for industrial plant, Mild Steel MS, 8 mm. Delivery required in Mumbai within 28 days. Please share quotation.",Steel Brackets,Mild Steel,MS,8 mm,650,units,Mumbai,28,Industrial plant,Flexible,0.9,88178.82,Low
R01866,B0832,"Looking for 2039 units of Stainless Steel hydraulic cylinders (MS), size 100 mm, for our general manufacturing plant in Hyderabad. Need delivery in 31 days.",Hydraulic Cylinders,Stainless Steel,MS,100 mm,2039,units,Hyderabad,31,General manufacturing,Flexible,0.54,1002434.55,Medium
R01867,B0304,"Need 2195 gearboxes for general manufacturing, Cast Iron Worm, 2 HP. Delivery required in Bengaluru within 18 days. Please share quotation.",Gearboxes,Cast Iron,Worm,2 HP,2195,units,Bengaluru,18,General manufacturing,Normal,0.33,107762.09,Low
R01868,B0419,"Please quote for 341 electric motors, Cast Iron, IE2, 25 HP. Location: Hyderabad. Required by 42 days.",Electric Motors,Cast Iron,IE2,25 HP,341,units,Hyderabad,42,Construction,Flexible,0.86,82618.02,Low
R01869,B0589,"Need 4730 sheet metal parts for automotive, Mild Steel MS, 10 mm. Delivery required in Mumbai within 6 days. Please share quotation.",Sheet Metal Parts,Mild Steel,MS,10 mm,4730,units,Mumbai,6,Automotive,Urgent,0.85,759539.06,High
R01870,B1427,"Please quote for 7074 conveyor belts, Rubber, Grade A, 800 mm. Location: Pune. Required by 17 days.",Conveyor Belts,Rubber,Grade A,800 mm,7074,units,Pune,17,Construction,Normal,0.5,1953607.96,Medium
R01871,B0105,"Please quote for 11214 industrial pumps, Cast Iron, SS316, 20 HP. Location: Delhi. Required by 33 days.",Industrial Pumps,Cast Iron,SS316,20 HP,11214,units,Delhi,33,Construction,Flexible,0.83,4980331.61,Medium
R01872,B0539,"Looking for 7718 units of Steel hydraulic cylinders (MS), size 100 mm, for our general manufacturing plant in Pune. Need delivery in 11 days.",Hydraulic Cylinders,Steel,MS,100 mm,7718,units,Pune,11,General manufacturing,Normal,0.11,1841620.13,High
R01873,B0988,"Need 10351 conveyor belts for oem project, Rubber Grade A, 800 mm. Delivery required in Pune within 10 days. Please share quotation.",Conveyor Belts,Rubber,Grade A,800 mm,10351,units,Pune,10,OEM project,Urgent,0.9,1838685.02,High
R01874,B0706,"Looking for 5057 units of Cast Iron industrial pumps (SS304), size 10 HP, for our industrial plant plant in Pune. Need delivery in 27 days.",Industrial Pumps,Cast Iron,SS304,10 HP,5057,units,Pune,27,Industrial plant,Flexible,0.22,1179888.48,Medium
R01875,B0518,"Looking for 8805 units of Cast Iron industrial pumps (CI), size 5 HP, for our construction plant in Bengaluru. Need delivery in 7 days.",Industrial Pumps,Cast Iron,CI,5 HP,8805,units,Bengaluru,7,Construction,Urgent,0.08,1568598.15,High
R01876,B1301,"Looking for 11809 units of Stainless Steel sheet metal parts (SS304), size 2 mm, for our industrial plant plant in Bengaluru. Need delivery in 10 days.",Sheet Metal Parts,Stainless Steel,SS304,2 mm,11809,units,Bengaluru,10,Industrial plant,Urgent,0.09,5208660.37,High
R01877,B0086,"Looking for 4763 units of Cast Iron industrial pumps (CI), size 5 HP, for our automotive plant in Mumbai. Need delivery in 11 days.",Industrial Pumps,Cast Iron,CI,5 HP,4763,units,Mumbai,11,Automotive,Normal,0.73,685775.8,High
R01878,B0784,"Please quote for 9530 hydraulic cylinders, Steel, SS304, 100 mm. Location: Nagpur. Required by 16 days.",Hydraulic Cylinders,Steel,SS304,100 mm,9530,units,Nagpur,16,Industrial plant,Normal,0.57,3049450.45,Medium
R01879,B1235,"Need 7646 electric motors for automotive, Cast Iron IE2, 25 HP. Delivery required in Nagpur within 15 days. Please share quotation.",Electric Motors,Cast Iron,IE2,25 HP,7646,units,Nagpur,15,Automotive,Normal,0.38,3275317.84,High
R01880,B0421,"Please quote for 6761 industrial pumps, Cast Iron, SS316, 5 HP. Location: Pune. Required by 31 days.",Industrial Pumps,Cast Iron,SS316,5 HP,6761,units,Pune,31,Automotive,Flexible,0.85,795912.39,Medium
R01881,B0610,"Need 8788 ball valves for industrial plant, Stainless Steel CS, 2 inch. Delivery required in Mumbai within 39 days. Please share quotation.",Ball Valves,Stainless Steel,CS,2 inch,8788,units,Mumbai,39,Industrial plant,Flexible,0.97,975931.38,Medium
R01882,B1113,"Please quote for 5037 hydraulic cylinders, Steel, MS, 150 mm. Location: Bengaluru. Required by 41 days.",Hydraulic Cylinders,Steel,MS,150 mm,5037,units,Bengaluru,41,Construction,Flexible,0.32,990862.27,Medium
R01883,B0492,"Please quote for 3832 ball valves, Carbon Steel, SS316, 3 inch. Location: Mumbai. Required by 37 days.",Ball Valves,Carbon Steel,SS316,3 inch,3832,units,Mumbai,37,General manufacturing,Flexible,0.76,1513282.62,Medium
R01884,B1168,"Looking for 2570 units of Stainless Steel steel brackets (SS304), size 5 mm, for our industrial plant plant in Delhi. Need delivery in 18 days.",Steel Brackets,Stainless Steel,SS304,5 mm,2570,units,Delhi,18,Industrial plant,Normal,0.0,179256.17,Low
R01885,B1119,"Looking for 11919 units of Mild Steel steel brackets (SS304), size 8 mm, for our automotive plant in Nashik. Need delivery in 34 days.",Steel Brackets,Mild Steel,SS304,8 mm,11919,units,Nashik,34,Automotive,Flexible,0.93,4671005.11,Medium
R01886,B0858,"Looking for 8206 units of Steel gearboxes (Worm), size 2 HP, for our automotive plant in Nashik. Need delivery in 27 days.",Gearboxes,Steel,Worm,2 HP,8206,units,Nashik,27,Automotive,Flexible,0.2,2158136.56,Medium
R01887,B0089,"Please quote for 3190 industrial pumps, Cast Iron, SS304, 10 HP. Location: Kolkata. Required by 6 days.",Industrial Pumps,Cast Iron,SS304,10 HP,3190,units,Kolkata,6,OEM project,Urgent,0.46,354586.02,Medium
R01888,B0007,"Please quote for 8211 ball valves, Stainless Steel, SS316, 2 inch. Location: Pune. Required by 43 days.",Ball Valves,Stainless Steel,SS316,2 inch,8211,units,Pune,43,General manufacturing,Flexible,0.51,710515.47,Medium
R01889,B0775,"Looking for 8660 units of Cast Iron gearboxes (Worm), size 5 HP, for our automotive plant in Nashik. Need delivery in 35 days.",Gearboxes,Cast Iron,Worm,5 HP,8660,units,Nashik,35,Automotive,Flexible,0.85,220060.86,Medium
R01890,B0048,"Looking for 789 units of Stainless Steel ball valves (SS316), size 3 inch, for our construction plant in Ahmedabad. Need delivery in 13 days.",Ball Valves,Stainless Steel,SS316,3 inch,789,units,Ahmedabad,13,Construction,Normal,0.55,206496.0,Low
R01891,B0253,"Need 2588 ball valves for oem project, Carbon Steel CS, 1 inch. Delivery required in Ahmedabad within 9 days. Please share quotation.",Ball Valves,Carbon Steel,CS,1 inch,2588,units,Ahmedabad,9,OEM project,Urgent,0.56,62180.01,Medium
R01892,B0557,"Please quote for 8966 conveyor belts, PU, Grade A, 1000 mm. Location: Bengaluru. Required by 19 days.",Conveyor Belts,PU,Grade A,1000 mm,8966,units,Bengaluru,19,Construction,Normal,0.25,370945.96,Medium
R01893,B1033,"Please quote for 6199 electric motors, Cast Iron, IE3, 25 HP. Location: Chennai. Required by 43 days.",Electric Motors,Cast Iron,IE3,25 HP,6199,units,Chennai,43,Industrial plant,Flexible,0.03,2117478.13,Medium
R01894,B1485,"Please quote for 5265 gearboxes, Steel, Worm, 2 HP. Location: Nagpur. Required by 39 days.",Gearboxes,Steel,Worm,2 HP,5265,units,Nagpur,39,General manufacturing,Flexible,0.01,1447759.55,Medium
R01895,B0048,"Looking for 5499 units of PU conveyor belts (Grade A), size 1000 mm, for our automotive plant in Delhi. Need delivery in 31 days.",Conveyor Belts,PU,Grade A,1000 mm,5499,units,Delhi,31,Automotive,Flexible,0.99,1502334.49,Medium
R01896,B0245,"Looking for 8875 units of Carbon Steel ball valves (SS316), size 2 inch, for our general manufacturing plant in Mumbai. Need delivery in 18 days.",Ball Valves,Carbon Steel,SS316,2 inch,8875,units,Mumbai,18,General manufacturing,Normal,0.67,4322787.92,High
R01897,B0921,"Need 9755 gearboxes for construction, Cast Iron Worm, 5 HP. Delivery required in Nagpur within 20 days. Please share quotation.",Gearboxes,Cast Iron,Worm,5 HP,9755,units,Nagpur,20,Construction,Normal,0.72,2745214.32,High
R01898,B1067,"Looking for 7844 units of Cast Iron industrial pumps (CI), size 20 HP, for our industrial plant plant in Hyderabad. Need delivery in 30 days.",Industrial Pumps,Cast Iron,CI,20 HP,7844,units,Hyderabad,30,Industrial plant,Flexible,0.71,3584756.11,High
R01899,B0995,"Please quote for 5460 gearboxes, Steel, Helical, 2 HP. Location: Chennai. Required by 31 days.",Gearboxes,Steel,Helical,2 HP,5460,units,Chennai,31,Construction,Flexible,0.66,1719574.42,Medium
R01900,B0366,"Please quote for 5649 gearboxes, Steel, Helical, 5 HP. Location: Ahmedabad. Required by 12 days.",Gearboxes,Steel,Helical,5 HP,5649,units,Ahmedabad,12,Construction,Normal,0.61,586204.2,High
R01901,B0533,"Need 6901 sheet metal parts for construction, Mild Steel MS, 10 mm. Delivery required in Chennai within 42 days. Please share quotation.",Sheet Metal Parts,Mild Steel,MS,10 mm,6901,units,Chennai,42,Construction,Flexible,0.23,3414250.31,Medium
R01902,B1365,"Please quote for 6690 steel brackets, Mild Steel, SS304, 8 mm. Location: Kolkata. Required by 36 days.",Steel Brackets,Mild Steel,SS304,8 mm,6690,units,Kolkata,36,Industrial plant,Flexible,0.52,2812955.91,Medium
R01903,B0178,"Need 4163 steel brackets for oem project, Stainless Steel MS, 8 mm. Delivery required in Hyderabad within 44 days. Please share quotation.",Steel Brackets,Stainless Steel,MS,8 mm,4163,units,Hyderabad,44,OEM project,Flexible,0.23,943961.35,Medium
R01904,B0626,"Please quote for 10529 gearboxes, Steel, Worm, 5 HP. Location: Kolkata. Required by 6 days.",Gearboxes,Steel,Worm,5 HP,10529,units,Kolkata,6,OEM project,Urgent,0.16,610861.3,High
R01905,B0585,"Looking for 6010 units of Mild Steel steel brackets (SS304), size 8 mm, for our general manufacturing plant in Pune. Need delivery in 44 days.",Steel Brackets,Mild Steel,SS304,8 mm,6010,units,Pune,44,General manufacturing,Flexible,0.64,1354768.27,Medium
R01906,B1364,"Please quote for 9930 industrial pumps, Cast Iron, SS304, 10 HP. Location: Pune. Required by 39 days.",Industrial Pumps,Cast Iron,SS304,10 HP,9930,units,Pune,39,Automotive,Flexible,0.87,1893617.45,Medium
R01907,B1341,"Please quote for 4093 electric motors, Cast Iron, IE3, 25 HP. Location: Pune. Required by 6 days.",Electric Motors,Cast Iron,IE3,25 HP,4093,units,Pune,6,Automotive,Urgent,0.87,867987.21,High
R01908,B1406,"Need 5177 electric motors for construction, Aluminium IE2, 25 HP. Delivery required in Nashik within 11 days. Please share quotation.",Electric Motors,Aluminium,IE2,25 HP,5177,units,Nashik,11,Construction,Normal,0.06,2322405.65,High
R01909,B1391,"Please quote for 6521 conveyor belts, Rubber, Grade A, 800 mm. Location: Bengaluru. Required by 28 days.",Conveyor Belts,Rubber,Grade A,800 mm,6521,units,Bengaluru,28,OEM project,Flexible,0.4,2093600.59,Medium
R01910,B0939,"Looking for 3516 units of Stainless Steel ball valves (SS316), size 1 inch, for our industrial plant plant in Ahmedabad. Need delivery in 3 days.",Ball Valves,Stainless Steel,SS316,1 inch,3516,units,Ahmedabad,3,Industrial plant,Urgent,0.91,367594.19,High
R01911,B0125,"Looking for 10609 units of Aluminium electric motors (IE3), size 25 HP, for our general manufacturing plant in Ahmedabad. Need delivery in 45 days.",Electric Motors,Aluminium,IE3,25 HP,10609,units,Ahmedabad,45,General manufacturing,Flexible,0.97,4869311.94,Medium
R01912,B0394,"Please quote for 4335 electric motors, Cast Iron, IE3, 25 HP. Location: Mumbai. Required by 8 days.",Electric Motors,Cast Iron,IE3,25 HP,4335,units,Mumbai,8,General manufacturing,Urgent,0.84,1912012.31,High
R01913,B1379,"Looking for 10494 units of Stainless Steel sheet metal parts (SS304), size 10 mm, for our construction plant in Kolkata. Need delivery in 34 days.",Sheet Metal Parts,Stainless Steel,SS304,10 mm,10494,units,Kolkata,34,Construction,Flexible,0.88,3854930.01,Medium
R01914,B1236,"Looking for 1641 units of Stainless Steel steel brackets (SS304), size 3 mm, for our industrial plant plant in Hyderabad. Need delivery in 20 days.",Steel Brackets,Stainless Steel,SS304,3 mm,1641,units,Hyderabad,20,Industrial plant,Normal,0.46,817571.17,Medium
R01915,B1022,"Please quote for 3753 electric motors, Cast Iron, IE3, 5 HP. Location: Nashik. Required by 40 days.",Electric Motors,Cast Iron,IE3,5 HP,3753,units,Nashik,40,Construction,Flexible,0.64,1730462.74,Medium
R01916,B1045,"Need 7465 electric motors for general manufacturing, Aluminium IE3, 10 HP. Delivery required in Nashik within 19 days. Please share quotation.",Electric Motors,Aluminium,IE3,10 HP,7465,units,Nashik,19,General manufacturing,Normal,0.66,2969626.23,High
R01917,B1257,"Please quote for 7403 electric motors, Aluminium, IE2, 10 HP. Location: Mumbai. Required by 4 days.",Electric Motors,Aluminium,IE2,10 HP,7403,units,Mumbai,4,Automotive,Urgent,0.17,3645683.26,High
R01918,B0963,"Need 4274 conveyor belts for industrial plant, Rubber Food Grade, 1000 mm. Delivery required in Nashik within 10 days. Please share quotation.",Conveyor Belts,Rubber,Food Grade,1000 mm,4274,units,Nashik,10,Industrial plant,Urgent,0.97,2055773.25,High
R01919,B0535,"Need 5629 steel brackets for oem project, Mild Steel SS304, 3 mm. Delivery required in Bengaluru within 33 days. Please share quotation.",Steel Brackets,Mild Steel,SS304,3 mm,5629,units,Bengaluru,33,OEM project,Flexible,0.26,2352596.37,Medium
R01920,B1417,"Need 10680 hydraulic cylinders for construction, Stainless Steel SS304, 50 mm. Delivery required in Nashik within 17 days. Please share quotation.",Hydraulic Cylinders,Stainless Steel,SS304,50 mm,10680,units,Nashik,17,Construction,Normal,0.51,4669295.7,Medium
R01921,B1344,"Looking for 1185 units of Cast Iron industrial pumps (CI), size 5 HP, for our construction plant in Delhi. Need delivery in 40 days.",Industrial Pumps,Cast Iron,CI,5 HP,1185,units,Delhi,40,Construction,Flexible,0.86,279546.23,Low
R01922,B0632,"Please quote for 11951 industrial pumps, Cast Iron, SS304, 20 HP. Location: Mumbai. Required by 12 days.",Industrial Pumps,Cast Iron,SS304,20 HP,11951,units,Mumbai,12,OEM project,Normal,0.15,1285859.6,High
R01923,B0120,"Looking for 8142 units of Carbon Steel ball valves (SS316), size 2 inch, for our oem project plant in Kolkata. Need delivery in 35 days.",Ball Valves,Carbon Steel,SS316,2 inch,8142,units,Kolkata,35,OEM project,Flexible,0.86,365475.54,Medium
R01924,B0368,"Looking for 11841 units of Mild Steel sheet metal parts (SS304), size 10 mm, for our general manufacturing plant in Pune. Need delivery in 43 days.",Sheet Metal Parts,Mild Steel,SS304,10 mm,11841,units,Pune,43,General manufacturing,Flexible,0.71,2759150.57,Medium
R01925,B1052,"Please quote for 7442 conveyor belts, Rubber, Food Grade, 800 mm. Location: Nashik. Required by 3 days.",Conveyor Belts,Rubber,Food Grade,800 mm,7442,units,Nashik,3,General manufacturing,Urgent,1.0,292058.69,High
R01926,B1159,"Need 10891 conveyor belts for industrial plant, PU Food Grade, 800 mm. Delivery required in Bengaluru within 13 days. Please share quotation.",Conveyor Belts,PU,Food Grade,800 mm,10891,units,Bengaluru,13,Industrial plant,Normal,0.81,1238076.88,High
R01927,B1165,"Need 1783 electric motors for industrial plant, Cast Iron IE3, 10 HP. Delivery required in Nagpur within 37 days. Please share quotation.",Electric Motors,Cast Iron,IE3,10 HP,1783,units,Nagpur,37,Industrial plant,Flexible,0.53,650337.57,Low
R01928,B0915,"Please quote for 6891 gearboxes, Cast Iron, Helical, 2 HP. Location: Bengaluru. Required by 9 days.",Gearboxes,Cast Iron,Helical,2 HP,6891,units,Bengaluru,9,Construction,Urgent,0.83,3209061.82,High
R01929,B0146,"Please quote for 5451 sheet metal parts, Mild Steel, SS304, 10 mm. Location: Delhi. Required by 15 days.",Sheet Metal Parts,Mild Steel,SS304,10 mm,5451,units,Delhi,15,Industrial plant,Normal,0.21,2134340.3,High
R01930,B0042,"Need 1061 electric motors for automotive, Cast Iron IE3, 10 HP. Delivery required in Nagpur within 30 days. Please share quotation.",Electric Motors,Cast Iron,IE3,10 HP,1061,units,Nagpur,30,Automotive,Flexible,0.79,93791.34,Low
R01931,B0951,"Need 10881 steel brackets for construction, Mild Steel MS, 5 mm. Delivery required in Nagpur within 39 days. Please share quotation.",Steel Brackets,Mild Steel,MS,5 mm,10881,units,Nagpur,39,Construction,Flexible,0.77,4162660.93,Medium
R01932,B0006,"Looking for 3744 units of Steel hydraulic cylinders (MS), size 100 mm, for our automotive plant in Kolkata. Need delivery in 44 days.",Hydraulic Cylinders,Steel,MS,100 mm,3744,units,Kolkata,44,Automotive,Flexible,0.9,1178431.16,Medium
R01933,B1020,"Looking for 11983 units of Stainless Steel sheet metal parts (MS), size 2 mm, for our oem project plant in Kolkata. Need delivery in 32 days.",Sheet Metal Parts,Stainless Steel,MS,2 mm,11983,units,Kolkata,32,OEM project,Flexible,0.68,5563123.58,Medium
R01934,B0533,"Need 8467 gearboxes for construction, Cast Iron Helical, 5 HP. Delivery required in Nagpur within 33 days. Please share quotation.",Gearboxes,Cast Iron,Helical,5 HP,8467,units,Nagpur,33,Construction,Flexible,0.54,833906.2,Medium
R01935,B0236,"Please quote for 7328 steel brackets, Stainless Steel, MS, 5 mm. Location: Nagpur. Required by 15 days.",Steel Brackets,Stainless Steel,MS,5 mm,7328,units,Nagpur,15,Automotive,Normal,0.71,2287652.2,High
R01936,B1468,"Need 9435 gearboxes for construction, Steel Worm, 10 HP. Delivery required in Hyderabad within 14 days. Please share quotation.",Gearboxes,Steel,Worm,10 HP,9435,units,Hyderabad,14,Construction,Normal,0.77,2791398.55,High
R01937,B1110,"Need 3764 sheet metal parts for construction, Mild Steel SS304, 5 mm. Delivery required in Hyderabad within 36 days. Please share quotation.",Sheet Metal Parts,Mild Steel,SS304,5 mm,3764,units,Hyderabad,36,Construction,Flexible,0.35,273672.51,Low
R01938,B0569,"Please quote for 10719 ball valves, Stainless Steel, SS304, 1 inch. Location: Kolkata. Required by 30 days.",Ball Valves,Stainless Steel,SS304,1 inch,10719,units,Kolkata,30,General manufacturing,Flexible,0.37,756748.36,Medium
R01939,B0558,"Need 11950 gearboxes for automotive, Cast Iron Worm, 5 HP. Delivery required in Chennai within 27 days. Please share quotation.",Gearboxes,Cast Iron,Worm,5 HP,11950,units,Chennai,27,Automotive,Flexible,0.77,1789540.09,High
R01940,B0809,"Looking for 6115 units of Stainless Steel industrial pumps (SS316), size 20 HP, for our general manufacturing plant in Bengaluru. Need delivery in 32 days.",Industrial Pumps,Stainless Steel,SS316,20 HP,6115,units,Bengaluru,32,General manufacturing,Flexible,0.75,2007867.15,Medium
R01941,B1488,"Need 4949 conveyor belts for construction, Rubber Food Grade, 800 mm. Delivery required in Mumbai within 6 days. Please share quotation.",Conveyor Belts,Rubber,Food Grade,800 mm,4949,units,Mumbai,6,Construction,Urgent,0.24,1981040.42,High
R01942,B0685,"Need 3064 industrial pumps for general manufacturing, Cast Iron SS316, 20 HP. Delivery required in Mumbai within 22 days. Please share quotation.",Industrial Pumps,Cast Iron,SS316,20 HP,3064,units,Mumbai,22,General manufacturing,Normal,0.85,1293295.03,Medium
R01943,B0856,"Need 3359 sheet metal parts for oem project, Mild Steel MS, 5 mm. Delivery required in Ahmedabad within 13 days. Please share quotation.",Sheet Metal Parts,Mild Steel,MS,5 mm,3359,units,Ahmedabad,13,OEM project,Normal,0.58,180529.08,Medium
R01944,B0942,"Need 940 industrial pumps for automotive, Cast Iron SS304, 10 HP. Delivery required in Chennai within 10 days. Please share quotation.",Industrial Pumps,Cast Iron,SS304,10 HP,940,units,Chennai,10,Automotive,Urgent,0.33,118178.5,Medium
R01945,B0584,"Looking for 7558 units of Cast Iron industrial pumps (SS304), size 5 HP, for our general manufacturing plant in Nagpur. Need delivery in 43 days.",Industrial Pumps,Cast Iron,SS304,5 HP,7558,units,Nagpur,43,General manufacturing,Flexible,0.44,2307628.94,Medium
R01946,B1372,"Looking for 10110 units of Cast Iron gearboxes (Worm), size 5 HP, for our industrial plant plant in Hyderabad. Need delivery in 7 days.",Gearboxes,Cast Iron,Worm,5 HP,10110,units,Hyderabad,7,Industrial plant,Urgent,0.54,291486.11,High
R01947,B1088,"Please quote for 8853 electric motors, Cast Iron, IE3, 25 HP. Location: Kolkata. Required by 35 days.",Electric Motors,Cast Iron,IE3,25 HP,8853,units,Kolkata,35,Industrial plant,Flexible,0.39,1890722.67,Medium
R01948,B0665,"Looking for 8248 units of Cast Iron gearboxes (Worm), size 5 HP, for our automotive plant in Nashik. Need delivery in 17 days.",Gearboxes,Cast Iron,Worm,5 HP,8248,units,Nashik,17,Automotive,Normal,0.49,1908024.47,Medium
R01949,B0783,"Looking for 3205 units of Stainless Steel hydraulic cylinders (MS), size 50 mm, for our general manufacturing plant in Delhi. Need delivery in 27 days.",Hydraulic Cylinders,Stainless Steel,MS,50 mm,3205,units,Delhi,27,General manufacturing,Flexible,0.76,1349110.02,Medium
R01950,B0244,"Please quote for 2631 ball valves, Carbon Steel, SS304, 3 inch. Location: Kolkata. Required by 14 days.",Ball Valves,Carbon Steel,SS304,3 inch,2631,units,Kolkata,14,Construction,Normal,0.24,864096.93,Medium
R01951,B1168,"Looking for 9324 units of Carbon Steel ball valves (SS316), size 1 inch, for our industrial plant plant in Ahmedabad. Need delivery in 45 days.",Ball Valves,Carbon Steel,SS316,1 inch,9324,units,Ahmedabad,45,Industrial plant,Flexible,0.64,1858982.69,Medium
R01952,B1189,"Need 10729 sheet metal parts for construction, Mild Steel MS, 2 mm. Delivery required in Nagpur within 7 days. Please share quotation.",Sheet Metal Parts,Mild Steel,MS,2 mm,10729,units,Nagpur,7,Construction,Urgent,0.03,2177766.83,High
R01953,B0202,"Please quote for 5021 sheet metal parts, Mild Steel, SS304, 5 mm. Location: Ahmedabad. Required by 41 days.",Sheet Metal Parts,Mild Steel,SS304,5 mm,5021,units,Ahmedabad,41,Construction,Flexible,0.76,256858.64,Medium
R01954,B1222,"Need 9270 electric motors for automotive, Aluminium IE3, 25 HP. Delivery required in Mumbai within 43 days. Please share quotation.",Electric Motors,Aluminium,IE3,25 HP,9270,units,Mumbai,43,Automotive,Flexible,0.02,3931278.46,Medium
R01955,B0211,"Looking for 1209 units of Cast Iron gearboxes (Worm), size 10 HP, for our automotive plant in Ahmedabad. Need delivery in 22 days.",Gearboxes,Cast Iron,Worm,10 HP,1209,units,Ahmedabad,22,Automotive,Normal,0.76,249773.15,Low
R01956,B1136,"Need 6724 steel brackets for oem project, Mild Steel SS304, 3 mm. Delivery required in Chennai within 6 days. Please share quotation.",Steel Brackets,Mild Steel,SS304,3 mm,6724,units,Chennai,6,OEM project,Urgent,0.28,3293117.77,High
R01957,B0121,"Need 7878 industrial pumps for construction, Cast Iron CI, 20 HP. Delivery required in Chennai within 40 days. Please share quotation.",Industrial Pumps,Cast Iron,CI,20 HP,7878,units,Chennai,40,Construction,Flexible,0.08,284169.42,Low
R01958,B1298,"Looking for 5714 units of Carbon Steel ball valves (SS304), size 2 inch, for our oem project plant in Nagpur. Need delivery in 38 days.",Ball Valves,Carbon Steel,SS304,2 inch,5714,units,Nagpur,38,OEM project,Flexible,0.42,1789458.93,Medium
R01959,B0827,"Need 8311 ball valves for construction, Carbon Steel CS, 2 inch. Delivery required in Delhi within 14 days. Please share quotation.",Ball Valves,Carbon Steel,CS,2 inch,8311,units,Delhi,14,Construction,Normal,0.21,709901.19,High
R01960,B0353,"Need 11445 steel brackets for oem project, Stainless Steel MS, 5 mm. Delivery required in Chennai within 6 days. Please share quotation.",Steel Brackets,Stainless Steel,MS,5 mm,11445,units,Chennai,6,OEM project,Urgent,0.62,2550738.88,High
R01961,B0248,"Looking for 11392 units of Stainless Steel hydraulic cylinders (SS304), size 50 mm, for our oem project plant in Ahmedabad. Need delivery in 19 days.",Hydraulic Cylinders,Stainless Steel,SS304,50 mm,11392,units,Ahmedabad,19,OEM project,Normal,0.65,250716.71,Medium
R01962,B0509,"Need 4549 hydraulic cylinders for automotive, Stainless Steel SS304, 150 mm. Delivery required in Mumbai within 26 days. Please share quotation.",Hydraulic Cylinders,Stainless Steel,SS304,150 mm,4549,units,Mumbai,26,Automotive,Flexible,0.91,2236661.54,Medium
R01963,B0307,"Please quote for 8281 conveyor belts, PU, Food Grade, 500 mm. Location: Delhi. Required by 42 days.",Conveyor Belts,PU,Food Grade,500 mm,8281,units,Delhi,42,General manufacturing,Flexible,0.98,3408370.6,Medium
R01964,B0886,"Looking for 4134 units of Rubber conveyor belts (Food Grade), size 500 mm, for our industrial plant plant in Nashik. Need delivery in 9 days.",Conveyor Belts,Rubber,Food Grade,500 mm,4134,units,Nashik,9,Industrial plant,Urgent,0.94,1225856.6,High
R01965,B1476,"Please quote for 3668 steel brackets, Stainless Steel, MS, 3 mm. Location: Bengaluru. Required by 4 days.",Steel Brackets,Stainless Steel,MS,3 mm,3668,units,Bengaluru,4,Automotive,Urgent,0.04,1431336.42,High
R01966,B0369,"Please quote for 7816 electric motors, Aluminium, IE3, 5 HP. Location: Kolkata. Required by 13 days.",Electric Motors,Aluminium,IE3,5 HP,7816,units,Kolkata,13,OEM project,Normal,0.19,1809630.87,High
R01967,B1103,"Need 10342 sheet metal parts for general manufacturing, Mild Steel SS304, 2 mm. Delivery required in Bengaluru within 35 days. Please share quotation.",Sheet Metal Parts,Mild Steel,SS304,2 mm,10342,units,Bengaluru,35,General manufacturing,Flexible,0.83,2029631.16,Medium
R01968,B0278,"Please quote for 11599 steel brackets, Mild Steel, SS304, 3 mm. Location: Mumbai. Required by 29 days.",Steel Brackets,Mild Steel,SS304,3 mm,11599,units,Mumbai,29,General manufacturing,Flexible,0.94,1334161.7,High
R01969,B0864,"Need 4699 industrial pumps for construction, Stainless Steel SS316, 5 HP. Delivery required in Chennai within 33 days. Please share quotation.",Industrial Pumps,Stainless Steel,SS316,5 HP,4699,units,Chennai,33,Construction,Flexible,0.74,1665162.7,Medium
R01970,B0509,"Please quote for 9651 ball valves, Stainless Steel, SS316, 3 inch. Location: Kolkata. Required by 33 days.",Ball Valves,Stainless Steel,SS316,3 inch,9651,units,Kolkata,33,Automotive,Flexible,0.18,4127055.37,Medium
R01971,B0400,"Please quote for 10746 ball valves, Stainless Steel, CS, 1 inch. Location: Delhi. Required by 45 days.",Ball Valves,Stainless Steel,CS,1 inch,10746,units,Delhi,45,OEM project,Flexible,0.49,4071893.47,Medium
R01972,B1346,"Need 1884 gearboxes for construction, Steel Worm, 5 HP. Delivery required in Nashik within 43 days. Please share quotation.",Gearboxes,Steel,Worm,5 HP,1884,units,Nashik,43,Construction,Flexible,0.78,48554.21,Low
R01973,B0771,"Need 9655 gearboxes for automotive, Steel Worm, 2 HP. Delivery required in Nagpur within 27 days. Please share quotation.",Gearboxes,Steel,Worm,2 HP,9655,units,Nagpur,27,Automotive,Flexible,0.92,3334187.65,High
R01974,B0299,"Please quote for 1236 gearboxes, Cast Iron, Worm, 5 HP. Location: Pune. Required by 27 days.",Gearboxes,Cast Iron,Worm,5 HP,1236,units,Pune,27,OEM project,Flexible,0.52,66607.48,Low
R01975,B0864,"Please quote for 3059 gearboxes, Cast Iron, Worm, 10 HP. Location: Chennai. Required by 35 days.",Gearboxes,Cast Iron,Worm,10 HP,3059,units,Chennai,35,Construction,Flexible,0.19,145216.32,Low
R01976,B0288,"Need 5476 industrial pumps for construction, Cast Iron SS316, 20 HP. Delivery required in Hyderabad within 14 days. Please share quotation.",Industrial Pumps,Cast Iron,SS316,20 HP,5476,units,Hyderabad,14,Construction,Normal,0.32,898280.88,High
R01977,B1442,"Looking for 1143 units of Cast Iron industrial pumps (SS304), size 20 HP, for our general manufacturing plant in Mumbai. Need delivery in 3 days.",Industrial Pumps,Cast Iron,SS304,20 HP,1143,units,Mumbai,3,General manufacturing,Urgent,0.03,548919.39,High
R01978,B0232,"Need 10871 gearboxes for construction, Cast Iron Worm, 10 HP. Delivery required in Kolkata within 21 days. Please share quotation.",Gearboxes,Cast Iron,Worm,10 HP,10871,units,Kolkata,21,Construction,Normal,0.17,2763708.4,Medium
R01979,B1050,"Looking for 9179 units of Stainless Steel sheet metal parts (SS304), size 2 mm, for our oem project plant in Delhi. Need delivery in 7 days.",Sheet Metal Parts,Stainless Steel,SS304,2 mm,9179,units,Delhi,7,OEM project,Urgent,0.7,1524872.79,High
R01980,B0135,"Please quote for 5417 industrial pumps, Cast Iron, CI, 10 HP. Location: Hyderabad. Required by 35 days.",Industrial Pumps,Cast Iron,CI,10 HP,5417,units,Hyderabad,35,Construction,Flexible,0.85,2606478.7,Medium
R01981,B0634,"Looking for 9823 units of Stainless Steel sheet metal parts (SS304), size 2 mm, for our automotive plant in Mumbai. Need delivery in 17 days.",Sheet Metal Parts,Stainless Steel,SS304,2 mm,9823,units,Mumbai,17,Automotive,Normal,0.01,3458103.08,Medium
R01982,B1441,"Need 1771 industrial pumps for general manufacturing, Stainless Steel CI, 5 HP. Delivery required in Nashik within 7 days. Please share quotation.",Industrial Pumps,Stainless Steel,CI,5 HP,1771,units,Nashik,7,General manufacturing,Urgent,0.87,297601.71,Medium
R01983,B0705,"Need 8753 sheet metal parts for industrial plant, Stainless Steel MS, 2 mm. Delivery required in Bengaluru within 42 days. Please share quotation.",Sheet Metal Parts,Stainless Steel,MS,2 mm,8753,units,Bengaluru,42,Industrial plant,Flexible,0.87,663891.49,Medium
R01984,B0143,"Looking for 9300 units of Mild Steel steel brackets (SS304), size 8 mm, for our oem project plant in Mumbai. Need delivery in 3 days.",Steel Brackets,Mild Steel,SS304,8 mm,9300,units,Mumbai,3,OEM project,Urgent,0.6,4532028.87,High
R01985,B0066,"Need 6523 steel brackets for industrial plant, Mild Steel SS304, 3 mm. Delivery required in Nashik within 12 days. Please share quotation.",Steel Brackets,Mild Steel,SS304,3 mm,6523,units,Nashik,12,Industrial plant,Normal,0.03,1535616.46,High
R01986,B0954,"Looking for 4562 units of Carbon Steel ball valves (SS304), size 1 inch, for our general manufacturing plant in Hyderabad. Need delivery in 42 days.",Ball Valves,Carbon Steel,SS304,1 inch,4562,units,Hyderabad,42,General manufacturing,Flexible,0.14,169753.26,Low
R01987,B1413,"Please quote for 4645 sheet metal parts, Mild Steel, MS, 10 mm. Location: Bengaluru. Required by 6 days.",Sheet Metal Parts,Mild Steel,MS,10 mm,4645,units,Bengaluru,6,OEM project,Urgent,0.89,2090724.91,High
R01988,B0640,"Please quote for 5957 hydraulic cylinders, Steel, MS, 50 mm. Location: Pune. Required by 10 days.",Hydraulic Cylinders,Steel,MS,50 mm,5957,units,Pune,10,General manufacturing,Urgent,0.27,314248.31,Medium
R01989,B0416,"Need 5970 ball valves for automotive, Carbon Steel SS304, 1 inch. Delivery required in Mumbai within 24 days. Please share quotation.",Ball Valves,Carbon Steel,SS304,1 inch,5970,units,Mumbai,24,Automotive,Normal,0.86,1253621.6,High
R01990,B0485,"Please quote for 5089 steel brackets, Mild Steel, SS304, 5 mm. Location: Mumbai. Required by 43 days.",Steel Brackets,Mild Steel,SS304,5 mm,5089,units,Mumbai,43,Industrial plant,Flexible,0.05,926036.72,Medium
R01991,B0057,"Please quote for 4573 gearboxes, Cast Iron, Worm, 5 HP. Location: Delhi. Required by 17 days.",Gearboxes,Cast Iron,Worm,5 HP,4573,units,Delhi,17,OEM project,Normal,0.3,1633631.03,Medium
R01992,B0012,"Need 5927 gearboxes for construction, Cast Iron Worm, 5 HP. Delivery required in Pune within 8 days. Please share quotation.",Gearboxes,Cast Iron,Worm,5 HP,5927,units,Pune,8,Construction,Urgent,0.23,1231854.31,High
R01993,B1225,"Need 11760 electric motors for construction, Cast Iron IE3, 25 HP. Delivery required in Ahmedabad within 27 days. Please share quotation.",Electric Motors,Cast Iron,IE3,25 HP,11760,units,Ahmedabad,27,Construction,Flexible,0.14,4540923.81,Medium
R01994,B1217,"Need 5722 steel brackets for oem project, Stainless Steel SS304, 5 mm. Delivery required in Mumbai within 41 days. Please share quotation.",Steel Brackets,Stainless Steel,SS304,5 mm,5722,units,Mumbai,41,OEM project,Flexible,0.85,157899.24,Medium
R01995,B0575,"Looking for 1985 units of Steel hydraulic cylinders (SS304), size 100 mm, for our general manufacturing plant in Nagpur. Need delivery in 13 days.",Hydraulic Cylinders,Steel,SS304,100 mm,1985,units,Nagpur,13,General manufacturing,Normal,0.09,804239.56,Medium
R01996,B1102,"Please quote for 10462 gearboxes, Cast Iron, Helical, 10 HP. Location: Kolkata. Required by 43 days.",Gearboxes,Cast Iron,Helical,10 HP,10462,units,Kolkata,43,Construction,Flexible,0.87,1945647.46,Medium
R01997,B0696,"Need 77 sheet metal parts for general manufacturing, Mild Steel MS, 2 mm. Delivery required in Ahmedabad within 38 days. Please share quotation.",Sheet Metal Parts,Mild Steel,MS,2 mm,77,units,Ahmedabad,38,General manufacturing,Flexible,0.28,30479.49,Low
R01998,B0447,"Need 4795 gearboxes for automotive, Steel Helical, 5 HP. Delivery required in Nashik within 33 days. Please share quotation.",Gearboxes,Steel,Helical,5 HP,4795,units,Nashik,33,Automotive,Flexible,0.86,775871.41,Medium
R01999,B0717,"Looking for 9193 units of Stainless Steel hydraulic cylinders (SS304), size 50 mm, for our industrial plant plant in Pune. Need delivery in 6 days.",Hydraulic Cylinders,Stainless Steel,SS304,50 mm,9193,units,Pune,6,Industrial plant,Urgent,0.47,3356103.05,High
R02000,B0051,"Please quote for 7377 hydraulic cylinders, Stainless Steel, SS304, 50 mm. Location: Nashik. Required by 40 days.",Hydraulic Cylinders,Stainless Steel,SS304,50 mm,7377,units,Nashik,40,Construction,Flexible,0.52,2921262.43,Medium
R02001,B0406,"Looking for 10587 units of Mild Steel steel brackets (MS), size 3 mm, for our construction plant in Kolkata. Need delivery in 10 days.",Steel Brackets,Mild Steel,MS,3 mm,10587,units,Kolkata,10,Construction,Urgent,0.01,978417.87,High
R02002,B1349,"Need 7030 electric motors for industrial plant, Aluminium IE3, 5 HP. Delivery required in Pune within 13 days. Please share quotation.",Electric Motors,Aluminium,IE3,5 HP,7030,units,Pune,13,Industrial plant,Normal,0.19,822747.93,High
R02003,B0065,"Need 3079 ball valves for oem project, Carbon Steel SS316, 1 inch. Delivery required in Kolkata within 4 days. Please share quotation.",Ball Valves,Carbon Steel,SS316,1 inch,3079,units,Kolkata,4,OEM project,Urgent,0.39,454564.04,Medium
R02004,B1252,"Please quote for 4413 sheet metal parts, Mild Steel, SS304, 10 mm. Location: Kolkata. Required by 13 days.",Sheet Metal Parts,Mild Steel,SS304,10 mm,4413,units,Kolkata,13,OEM project,Normal,0.41,1687833.13,Medium
R02005,B0784,"Looking for 9605 units of Stainless Steel ball valves (CS), size 1 inch, for our construction plant in Hyderabad. Need delivery in 44 days.",Ball Valves,Stainless Steel,CS,1 inch,9605,units,Hyderabad,44,Construction,Flexible,0.39,3794856.28,Medium
R02006,B0119,"Please quote for 7614 gearboxes, Steel, Worm, 5 HP. Location: Kolkata. Required by 25 days.",Gearboxes,Steel,Worm,5 HP,7614,units,Kolkata,25,General manufacturing,Normal,0.68,3520815.37,High
R02007,B0706,"Please quote for 7696 electric motors, Aluminium, IE2, 10 HP. Location: Pune. Required by 40 days.",Electric Motors,Aluminium,IE2,10 HP,7696,units,Pune,40,OEM project,Flexible,0.33,686807.2,Medium
R02008,B1485,"Please quote for 11098 ball valves, Carbon Steel, SS304, 3 inch. Location: Nashik. Required by 23 days.",Ball Valves,Carbon Steel,SS304,3 inch,11098,units,Nashik,23,Construction,Normal,0.76,3804813.79,High
R02009,B0088,"Looking for 8688 units of Steel hydraulic cylinders (MS), size 150 mm, for our industrial plant plant in Pune. Need delivery in 25 days.",Hydraulic Cylinders,Steel,MS,150 mm,8688,units,Pune,25,Industrial plant,Normal,0.19,4342541.79,Medium
R02010,B0883,"Please quote for 11009 gearboxes, Steel, Helical, 2 HP. Location: Kolkata. Required by 17 days.",Gearboxes,Steel,Helical,2 HP,11009,units,Kolkata,17,Automotive,Normal,0.47,772938.16,Medium
R02011,B1233,"Looking for 10615 units of Cast Iron gearboxes (Helical), size 10 HP, for our construction plant in Mumbai. Need delivery in 4 days.",Gearboxes,Cast Iron,Helical,10 HP,10615,units,Mumbai,4,Construction,Urgent,0.98,2546912.59,High
R02012,B0932,"Looking for 4564 units of Cast Iron electric motors (IE3), size 25 HP, for our oem project plant in Pune. Need delivery in 30 days.",Electric Motors,Cast Iron,IE3,25 HP,4564,units,Pune,30,OEM project,Flexible,0.47,632899.78,Medium
R02013,B0335,"Please quote for 10403 electric motors, Aluminium, IE2, 25 HP. Location: Bengaluru. Required by 26 days.",Electric Motors,Aluminium,IE2,25 HP,10403,units,Bengaluru,26,General manufacturing,Flexible,0.38,2514239.34,Medium
R02014,B1300,"Please quote for 7816 gearboxes, Cast Iron, Helical, 10 HP. Location: Delhi. Required by 13 days.",Gearboxes,Cast Iron,Helical,10 HP,7816,units,Delhi,13,Construction,Normal,0.08,2693916.99,High
R02015,B1062,"Please quote for 5281 industrial pumps, Cast Iron, SS316, 10 HP. Location: Mumbai. Required by 19 days.",Industrial Pumps,Cast Iron,SS316,10 HP,5281,units,Mumbai,19,Automotive,Normal,0.86,1242085.78,High
R02016,B0212,"Looking for 8987 units of Mild Steel steel brackets (MS), size 8 mm, for our general manufacturing plant in Mumbai. Need delivery in 44 days.",Steel Brackets,Mild Steel,MS,8 mm,8987,units,Mumbai,44,General manufacturing,Flexible,0.79,553952.53,Medium
R02017,B0447,"Need 7028 steel brackets for construction, Mild Steel SS304, 3 mm. Delivery required in Delhi within 31 days. Please share quotation.",Steel Brackets,Mild Steel,SS304,3 mm,7028,units,Delhi,31,Construction,Flexible,0.53,293239.0,Low
R02018,B0223,"Please quote for 3107 electric motors, Aluminium, IE3, 5 HP. Location: Bengaluru. Required by 33 days.",Electric Motors,Aluminium,IE3,5 HP,3107,units,Bengaluru,33,Automotive,Flexible,1.0,247568.54,Low
R02019,B0640,"Need 7314 sheet metal parts for general manufacturing, Stainless Steel MS, 2 mm. Delivery required in Delhi within 19 days. Please share quotation.",Sheet Metal Parts,Stainless Steel,MS,2 mm,7314,units,Delhi,19,General manufacturing,Normal,0.28,2719588.0,Medium
R02020,B0825,"Need 7426 hydraulic cylinders for automotive, Stainless Steel SS304, 100 mm. Delivery required in Delhi within 7 days. Please share quotation.",Hydraulic Cylinders,Stainless Steel,SS304,100 mm,7426,units,Delhi,7,Automotive,Urgent,0.47,776308.44,High
R02021,B0971,"Please quote for 8583 industrial pumps, Stainless Steel, CI, 20 HP. Location: Nagpur. Required by 20 days.",Industrial Pumps,Stainless Steel,CI,20 HP,8583,units,Nagpur,20,Industrial plant,Normal,0.74,2923283.63,High
R02022,B1401,"Please quote for 180 ball valves, Carbon Steel, SS316, 2 inch. Location: Kolkata. Required by 36 days.",Ball Valves,Carbon Steel,SS316,2 inch,180,units,Kolkata,36,Automotive,Flexible,0.04,9520.92,Low
R02023,B0774,"Need 11744 steel brackets for oem project, Mild Steel MS, 5 mm. Delivery required in Nashik within 38 days. Please share quotation.",Steel Brackets,Mild Steel,MS,5 mm,11744,units,Nashik,38,OEM project,Flexible,0.93,1713512.48,Medium
R02024,B0311,"Please quote for 1301 sheet metal parts, Mild Steel, SS304, 2 mm. Location: Ahmedabad. Required by 39 days.",Sheet Metal Parts,Mild Steel,SS304,2 mm,1301,units,Ahmedabad,39,Industrial plant,Flexible,0.74,594858.12,Medium
R02025,B0823,"Looking for 10668 units of Cast Iron industrial pumps (SS316), size 5 HP, for our oem project plant in Delhi. Need delivery in 3 days.",Industrial Pumps,Cast Iron,SS316,5 HP,10668,units,Delhi,3,OEM project,Urgent,0.49,3564983.09,High
R02026,B1431,"Need 9209 electric motors for automotive, Aluminium IE3, 5 HP. Delivery required in Hyderabad within 38 days. Please share quotation.",Electric Motors,Aluminium,IE3,5 HP,9209,units,Hyderabad,38,Automotive,Flexible,0.64,3052858.89,Medium
R02027,B0410,"Looking for 3420 units of Stainless Steel ball valves (SS316), size 2 inch, for our construction plant in Nagpur. Need delivery in 14 days.",Ball Valves,Stainless Steel,SS316,2 inch,3420,units,Nagpur,14,Construction,Normal,0.49,355526.22,Medium
R02028,B0635,"Please quote for 8271 gearboxes, Cast Iron, Helical, 2 HP. Location: Ahmedabad. Required by 7 days.",Gearboxes,Cast Iron,Helical,2 HP,8271,units,Ahmedabad,7,General manufacturing,Urgent,0.99,2193734.21,High
R02029,B0855,"Looking for 11254 units of Mild Steel sheet metal parts (SS304), size 10 mm, for our oem project plant in Ahmedabad. Need delivery in 36 days.",Sheet Metal Parts,Mild Steel,SS304,10 mm,11254,units,Ahmedabad,36,OEM project,Flexible,0.54,3399573.15,Medium
R02030,B0119,"Please quote for 10402 steel brackets, Stainless Steel, MS, 8 mm. Location: Delhi. Required by 41 days.",Steel Brackets,Stainless Steel,MS,8 mm,10402,units,Delhi,41,OEM project,Flexible,0.89,3986876.38,Medium
R02031,B1494,"Need 6994 steel brackets for industrial plant, Mild Steel SS304, 5 mm. Delivery required in Nagpur within 25 days. Please share quotation.",Steel Brackets,Mild Steel,SS304,5 mm,6994,units,Nagpur,25,Industrial plant,Normal,0.24,2120783.4,Medium
R02032,B1377,"Need 10380 steel brackets for general manufacturing, Stainless Steel MS, 3 mm. Delivery required in Ahmedabad within 35 days. Please share quotation.",Steel Brackets,Stainless Steel,MS,3 mm,10380,units,Ahmedabad,35,General manufacturing,Flexible,0.23,4192375.63,Medium
R02033,B0159,"Need 501 industrial pumps for construction, Cast Iron SS316, 20 HP. Delivery required in Mumbai within 39 days. Please share quotation.",Industrial Pumps,Cast Iron,SS316,20 HP,501,units,Mumbai,39,Construction,Flexible,0.56,179258.79,Low
R02034,B1032,"Looking for 1743 units of Cast Iron industrial pumps (SS316), size 10 HP, for our oem project plant in Nashik. Need delivery in 5 days.",Industrial Pumps,Cast Iron,SS316,10 HP,1743,units,Nashik,5,OEM project,Urgent,0.4,408365.4,Medium
R02035,B0386,"Please quote for 1170 conveyor belts, PU, Food Grade, 1000 mm. Location: Chennai. Required by 17 days.",Conveyor Belts,PU,Food Grade,1000 mm,1170,units,Chennai,17,Industrial plant,Normal,0.88,418484.08,Low
R02036,B1216,"Please quote for 9151 hydraulic cylinders, Steel, MS, 100 mm. Location: Nagpur. Required by 40 days.",Hydraulic Cylinders,Steel,MS,100 mm,9151,units,Nagpur,40,Automotive,Flexible,0.25,3249137.99,Medium
R02037,B0454,"Looking for 4012 units of PU conveyor belts (Food Grade), size 1000 mm, for our construction plant in Delhi. Need delivery in 33 days.",Conveyor Belts,PU,Food Grade,1000 mm,4012,units,Delhi,33,Construction,Flexible,0.48,604737.63,Medium
R02038,B1051,"Please quote for 2282 sheet metal parts, Stainless Steel, SS304, 10 mm. Location: Nagpur. Required by 20 days.",Sheet Metal Parts,Stainless Steel,SS304,10 mm,2282,units,Nagpur,20,Construction,Normal,0.19,791734.45,Medium
R02039,B0799,"Looking for 10169 units of Cast Iron electric motors (IE2), size 5 HP, for our construction plant in Hyderabad. Need delivery in 5 days.",Electric Motors,Cast Iron,IE2,5 HP,10169,units,Hyderabad,5,Construction,Urgent,0.64,1918641.62,High
R02040,B1482,"Need 2855 steel brackets for oem project, Stainless Steel MS, 8 mm. Delivery required in Nagpur within 24 days. Please share quotation.",Steel Brackets,Stainless Steel,MS,8 mm,2855,units,Nagpur,24,OEM project,Normal,0.96,1097266.41,Medium
R02041,B0623,"Need 9671 sheet metal parts for industrial plant, Stainless Steel MS, 2 mm. Delivery required in Ahmedabad within 3 days. Please share quotation.",Sheet Metal Parts,Stainless Steel,MS,2 mm,9671,units,Ahmedabad,3,Industrial plant,Urgent,0.49,4635491.93,High
R02042,B0209,"Please quote for 9013 ball valves, Stainless Steel, SS316, 3 inch. Location: Pune. Required by 35 days.",Ball Valves,Stainless Steel,SS316,3 inch,9013,units,Pune,35,General manufacturing,Flexible,0.83,1967878.41,Medium
R02043,B1385,"Looking for 8251 units of Mild Steel sheet metal parts (SS304), size 10 mm, for our industrial plant plant in Delhi. Need delivery in 42 days.",Sheet Metal Parts,Mild Steel,SS304,10 mm,8251,units,Delhi,42,Industrial plant,Flexible,0.79,292858.83,Medium
R02044,B1300,"Need 1100 electric motors for general manufacturing, Aluminium IE3, 5 HP. Delivery required in Hyderabad within 26 days. Please share quotation.",Electric Motors,Aluminium,IE3,5 HP,1100,units,Hyderabad,26,General manufacturing,Flexible,0.56,221598.07,Low
R02045,B1469,"Please quote for 72 industrial pumps, Cast Iron, CI, 20 HP. Location: Bengaluru. Required by 28 days.",Industrial Pumps,Cast Iron,CI,20 HP,72,units,Bengaluru,28,Automotive,Flexible,0.76,8703.85,Low
R02046,B1381,"Need 6651 electric motors for general manufacturing, Aluminium IE2, 25 HP. Delivery required in Pune within 4 days. Please share quotation.",Electric Motors,Aluminium,IE2,25 HP,6651,units,Pune,4,General manufacturing,Urgent,0.66,3241806.6,High
R02047,B0188,"Please quote for 6669 conveyor belts, Rubber, Food Grade, 800 mm. Location: Pune. Required by 13 days.",Conveyor Belts,Rubber,Food Grade,800 mm,6669,units,Pune,13,Construction,Normal,0.08,2381783.83,High
R02048,B1140,"Need 7418 conveyor belts for construction, Rubber Food Grade, 1000 mm. Delivery required in Bengaluru within 32 days. Please share quotation.",Conveyor Belts,Rubber,Food Grade,1000 mm,7418,units,Bengaluru,32,Construction,Flexible,0.27,207832.01,Low
R02049,B0892,"Please quote for 3204 steel brackets, Mild Steel, SS304, 5 mm. Location: Delhi. Required by 36 days.",Steel Brackets,Mild Steel,SS304,5 mm,3204,units,Delhi,36,OEM project,Flexible,0.4,969639.33,Medium
R02050,B0457,"Looking for 5266 units of Stainless Steel industrial pumps (CI), size 10 HP, for our automotive plant in Kolkata. Need delivery in 38 days.",Industrial Pumps,Stainless Steel,CI,10 HP,5266,units,Kolkata,38,Automotive,Flexible,0.53,1164509.14,Medium
R02051,B1244,"Need 6415 electric motors for industrial plant, Cast Iron IE2, 5 HP. Delivery required in Mumbai within 39 days. Please share quotation.",Electric Motors,Cast Iron,IE2,5 HP,6415,units,Mumbai,39,Industrial plant,Flexible,0.88,615323.45,Medium
R02052,B1243,"Please quote for 11267 electric motors, Cast Iron, IE2, 5 HP. Location: Nashik. Required by 8 days.",Electric Motors,Cast Iron,IE2,5 HP,11267,units,Nashik,8,Industrial plant,Urgent,0.6,4721679.61,High
R02053,B0859,"Looking for 6591 units of Cast Iron industrial pumps (SS304), size 10 HP, for our general manufacturing plant in Hyderabad. Need delivery in 38 days.",Industrial Pumps,Cast Iron,SS304,10 HP,6591,units,Hyderabad,38,General manufacturing,Flexible,0.45,795371.44,Medium
R02054,B0778,"Looking for 11177 units of PU conveyor belts (Grade A), size 1000 mm, for our automotive plant in Bengaluru. Need delivery in 9 days.",Conveyor Belts,PU,Grade A,1000 mm,11177,units,Bengaluru,9,Automotive,Urgent,0.61,2816294.02,High
R02055,B0925,"Please quote for 9874 conveyor belts, Rubber, Grade A, 800 mm. Location: Hyderabad. Required by 33 days.",Conveyor Belts,Rubber,Grade A,800 mm,9874,units,Hyderabad,33,Industrial plant,Flexible,0.98,1754108.39,Medium
R02056,B1147,"Please quote for 4344 steel brackets, Stainless Steel, MS, 5 mm. Location: Pune. Required by 13 days.",Steel Brackets,Stainless Steel,MS,5 mm,4344,units,Pune,13,OEM project,Normal,0.53,708535.27,Medium
R02057,B1037,"Please quote for 4588 gearboxes, Steel, Worm, 10 HP. Location: Mumbai. Required by 18 days.",Gearboxes,Steel,Worm,10 HP,4588,units,Mumbai,18,General manufacturing,Normal,0.99,1030869.18,Medium
R02058,B1197,"Need 6964 gearboxes for automotive, Cast Iron Worm, 10 HP. Delivery required in Delhi within 39 days. Please share quotation.",Gearboxes,Cast Iron,Worm,10 HP,6964,units,Delhi,39,Automotive,Flexible,0.75,939359.09,Medium
R02059,B1488,"Need 4286 electric motors for industrial plant, Aluminium IE3, 10 HP. Delivery required in Chennai within 20 days. Please share quotation.",Electric Motors,Aluminium,IE3,10 HP,4286,units,Chennai,20,Industrial plant,Normal,0.48,646728.68,Medium
R02060,B0186,"Please quote for 5493 gearboxes, Cast Iron, Helical, 10 HP. Location: Ahmedabad. Required by 32 days.",Gearboxes,Cast Iron,Helical,10 HP,5493,units,Ahmedabad,32,Industrial plant,Flexible,0.25,947272.12,Medium
R02061,B1072,"Please quote for 3939 ball valves, Carbon Steel, SS316, 1 inch. Location: Chennai. Required by 37 days.",Ball Valves,Carbon Steel,SS316,1 inch,3939,units,Chennai,37,Industrial plant,Flexible,0.61,672742.37,Medium
R02062,B0218,"Need 10616 ball valves for general manufacturing, Stainless Steel CS, 3 inch. Delivery required in Bengaluru within 37 days. Please share quotation.",Ball Valves,Stainless Steel,CS,3 inch,10616,units,Bengaluru,37,General manufacturing,Flexible,0.58,2037738.06,Medium
R02063,B0982,"Looking for 7423 units of Rubber conveyor belts (Food Grade), size 800 mm, for our construction plant in Nagpur. Need delivery in 33 days.",Conveyor Belts,Rubber,Food Grade,800 mm,7423,units,Nagpur,33,Construction,Flexible,0.07,476225.83,Low
R02064,B0804,"Need 11998 gearboxes for general manufacturing, Cast Iron Worm, 5 HP. Delivery required in Chennai within 36 days. Please share quotation.",Gearboxes,Cast Iron,Worm,5 HP,11998,units,Chennai,36,General manufacturing,Flexible,0.79,4649102.99,Medium
R02065,B0518,"Looking for 2353 units of Stainless Steel ball valves (SS304), size 1 inch, for our construction plant in Hyderabad. Need delivery in 11 days.",Ball Valves,Stainless Steel,SS304,1 inch,2353,units,Hyderabad,11,Construction,Normal,0.4,77810.01,Medium
R02066,B1154,"Please quote for 5144 electric motors, Cast Iron, IE3, 5 HP. Location: Delhi. Required by 28 days.",Electric Motors,Cast Iron,IE3,5 HP,5144,units,Delhi,28,Construction,Flexible,0.34,736721.43,Medium
R02067,B1088,"Please quote for 7639 ball valves, Stainless Steel, SS304, 3 inch. Location: Hyderabad. Required by 13 days.",Ball Valves,Stainless Steel,SS304,3 inch,7639,units,Hyderabad,13,Automotive,Normal,0.25,2721797.65,High
R02068,B0727,"Looking for 11064 units of Aluminium electric motors (IE2), size 5 HP, for our automotive plant in Nagpur. Need delivery in 13 days.",Electric Motors,Aluminium,IE2,5 HP,11064,units,Nagpur,13,Automotive,Normal,0.52,1755203.72,High
R02069,B0558,"Need 9868 gearboxes for industrial plant, Cast Iron Helical, 2 HP. Delivery required in Nashik within 16 days. Please share quotation.",Gearboxes,Cast Iron,Helical,2 HP,9868,units,Nashik,16,Industrial plant,Normal,0.93,1620562.14,High
R02070,B0920,"Please quote for 2402 sheet metal parts, Stainless Steel, SS304, 10 mm. Location: Chennai. Required by 30 days.",Sheet Metal Parts,Stainless Steel,SS304,10 mm,2402,units,Chennai,30,OEM project,Flexible,0.95,249293.93,Medium
R02071,B0657,"Looking for 5405 units of Rubber conveyor belts (Grade A), size 500 mm, for our construction plant in Hyderabad. Need delivery in 42 days.",Conveyor Belts,Rubber,Grade A,500 mm,5405,units,Hyderabad,42,Construction,Flexible,0.39,773557.52,Medium
R02072,B1095,"Looking for 10972 units of Cast Iron gearboxes (Worm), size 10 HP, for our construction plant in Nashik. Need delivery in 39 days.",Gearboxes,Cast Iron,Worm,10 HP,10972,units,Nashik,39,Construction,Flexible,0.06,1345460.62,Medium
R02073,B0742,"Looking for 6703 units of Mild Steel sheet metal parts (MS), size 10 mm, for our industrial plant plant in Bengaluru. Need delivery in 11 days.",Sheet Metal Parts,Mild Steel,MS,10 mm,6703,units,Bengaluru,11,Industrial plant,Normal,0.43,3007913.76,High
R02074,B0156,"Please quote for 3630 ball valves, Stainless Steel, CS, 1 inch. Location: Kolkata. Required by 20 days.",Ball Valves,Stainless Steel,CS,1 inch,3630,units,Kolkata,20,General manufacturing,Normal,0.94,1248486.66,Medium
R02075,B1465,"Looking for 3463 units of Stainless Steel steel brackets (MS), size 8 mm, for our construction plant in Bengaluru. Need delivery in 16 days.",Steel Brackets,Stainless Steel,MS,8 mm,3463,units,Bengaluru,16,Construction,Normal,0.13,639161.53,Medium
R02076,B0502,"Please quote for 8395 gearboxes, Cast Iron, Worm, 10 HP. Location: Mumbai. Required by 18 days.",Gearboxes,Cast Iron,Worm,10 HP,8395,units,Mumbai,18,OEM project,Normal,0.76,3580218.69,High
R02077,B1372,"Looking for 10152 units of Cast Iron industrial pumps (CI), size 10 HP, for our construction plant in Mumbai. Need delivery in 35 days.",Industrial Pumps,Cast Iron,CI,10 HP,10152,units,Mumbai,35,Construction,Flexible,0.05,4923651.79,Medium
R02078,B0223,"Need 11692 hydraulic cylinders for industrial plant, Stainless Steel SS304, 100 mm. Delivery required in Bengaluru within 7 days. Please share quotation.",Hydraulic Cylinders,Stainless Steel,SS304,100 mm,11692,units,Bengaluru,7,Industrial plant,Urgent,0.62,3851897.16,High
R02079,B0634,"Need 7222 hydraulic cylinders for industrial plant, Stainless Steel MS, 150 mm. Delivery required in Nashik within 24 days. Please share quotation.",Hydraulic Cylinders,Stainless Steel,MS,150 mm,7222,units,Nashik,24,Industrial plant,Normal,0.97,1090365.78,High
R02080,B0432,"Need 289 electric motors for automotive, Cast Iron IE2, 25 HP. Delivery required in Bengaluru within 19 days. Please share quotation.",Electric Motors,Cast Iron,IE2,25 HP,289,units,Bengaluru,19,Automotive,Normal,0.57,107232.07,Low
R02081,B1498,"Please quote for 4000 industrial pumps, Cast Iron, CI, 10 HP. Location: Pune. Required by 24 days.",Industrial Pumps,Cast Iron,CI,10 HP,4000,units,Pune,24,Industrial plant,Normal,0.21,601408.24,Medium
R02082,B0303,"Please quote for 431 steel brackets, Stainless Steel, MS, 3 mm. Location: Bengaluru. Required by 26 days.",Steel Brackets,Stainless Steel,MS,3 mm,431,units,Bengaluru,26,Construction,Flexible,0.3,87766.91,Low
R02083,B0061,"Please quote for 7271 sheet metal parts, Stainless Steel, SS304, 5 mm. Location: Kolkata. Required by 17 days.",Sheet Metal Parts,Stainless Steel,SS304,5 mm,7271,units,Kolkata,17,Industrial plant,Normal,0.68,869684.32,High
R02084,B0369,"Please quote for 7227 ball valves, Carbon Steel, SS316, 3 inch. Location: Kolkata. Required by 14 days.",Ball Valves,Carbon Steel,SS316,3 inch,7227,units,Kolkata,14,OEM project,Normal,0.87,1324353.0,High
R02085,B1394,"Please quote for 11195 conveyor belts, PU, Grade A, 500 mm. Location: Mumbai. Required by 38 days.",Conveyor Belts,PU,Grade A,500 mm,11195,units,Mumbai,38,OEM project,Flexible,0.29,3386334.74,Medium
R02086,B0321,"Looking for 6893 units of Cast Iron industrial pumps (SS316), size 10 HP, for our construction plant in Nashik. Need delivery in 45 days.",Industrial Pumps,Cast Iron,SS316,10 HP,6893,units,Nashik,45,Construction,Flexible,0.1,3102262.43,Medium
R02087,B0260,"Need 895 sheet metal parts for automotive, Stainless Steel SS304, 5 mm. Delivery required in Nagpur within 38 days. Please share quotation.",Sheet Metal Parts,Stainless Steel,SS304,5 mm,895,units,Nagpur,38,Automotive,Flexible,0.25,439557.16,Low
R02088,B0390,"Please quote for 9539 industrial pumps, Cast Iron, SS316, 5 HP. Location: Pune. Required by 43 days.",Industrial Pumps,Cast Iron,SS316,5 HP,9539,units,Pune,43,General manufacturing,Flexible,0.17,4749405.13,Medium
R02089,B1378,"Need 233 steel brackets for automotive, Mild Steel MS, 5 mm. Delivery required in Chennai within 18 days. Please share quotation.",Steel Brackets,Mild Steel,MS,5 mm,233,units,Chennai,18,Automotive,Normal,0.12,74464.12,Low
R02090,B0888,"Need 8020 steel brackets for automotive, Stainless Steel SS304, 5 mm. Delivery required in Nashik within 42 days. Please share quotation.",Steel Brackets,Stainless Steel,SS304,5 mm,8020,units,Nashik,42,Automotive,Flexible,0.98,3732103.43,Medium
R02091,B0751,"Need 7940 gearboxes for general manufacturing, Steel Worm, 5 HP. Delivery required in Mumbai within 4 days. Please share quotation.",Gearboxes,Steel,Worm,5 HP,7940,units,Mumbai,4,General manufacturing,Urgent,0.99,1460901.98,High
R02092,B0366,"Need 3178 industrial pumps for automotive, Stainless Steel SS304, 20 HP. Delivery required in Pune within 44 days. Please share quotation.",Industrial Pumps,Stainless Steel,SS304,20 HP,3178,units,Pune,44,Automotive,Flexible,0.33,864250.39,Medium
R02093,B0304,"Please quote for 1158 industrial pumps, Stainless Steel, SS316, 10 HP. Location: Hyderabad. Required by 27 days.",Industrial Pumps,Stainless Steel,SS316,10 HP,1158,units,Hyderabad,27,Construction,Flexible,0.86,469415.28,Low
R02094,B0079,"Looking for 2318 units of Rubber conveyor belts (Food Grade), size 800 mm, for our construction plant in Delhi. Need delivery in 11 days.",Conveyor Belts,Rubber,Food Grade,800 mm,2318,units,Delhi,11,Construction,Normal,0.05,573969.11,Medium
R02095,B1113,"Need 10569 gearboxes for general manufacturing, Cast Iron Worm, 5 HP. Delivery required in Delhi within 34 days. Please share quotation.",Gearboxes,Cast Iron,Worm,5 HP,10569,units,Delhi,34,General manufacturing,Flexible,0.04,1508255.7,Medium
R02096,B1343,"Need 10844 sheet metal parts for oem project, Mild Steel MS, 10 mm. Delivery required in Ahmedabad within 33 days. Please share quotation.",Sheet Metal Parts,Mild Steel,MS,10 mm,10844,units,Ahmedabad,33,OEM project,Flexible,0.46,3997957.29,Medium
R02097,B0462,"Please quote for 10468 hydraulic cylinders, Stainless Steel, SS304, 100 mm. Location: Hyderabad. Required by 24 days.",Hydraulic Cylinders,Stainless Steel,SS304,100 mm,10468,units,Hyderabad,24,OEM project,Normal,0.22,3186791.23,Medium
R02098,B0990,"Please quote for 9902 sheet metal parts, Stainless Steel, SS304, 5 mm. Location: Mumbai. Required by 4 days.",Sheet Metal Parts,Stainless Steel,SS304,5 mm,9902,units,Mumbai,4,OEM project,Urgent,0.28,3172511.56,High
R02099,B0541,"Please quote for 724 gearboxes, Steel, Helical, 2 HP. Location: Kolkata. Required by 3 days.",Gearboxes,Steel,Helical,2 HP,724,units,Kolkata,3,Construction,Urgent,0.82,88165.88,Medium
R02100,B0415,"Please quote for 55 steel brackets, Stainless Steel, MS, 3 mm. Location: Pune. Required by 12 days.",Steel Brackets,Stainless Steel,MS,3 mm,55,units,Pune,12,General manufacturing,Normal,0.78,12892.11,Low
R02101,B1300,"Need 3474 gearboxes for construction, Steel Helical, 5 HP. Delivery required in Kolkata within 11 days. Please share quotation.",Gearboxes,Steel,Helical,5 HP,3474,units,Kolkata,11,Construction,Normal,0.05,1437171.65,Medium
R02102,B0529,"Please quote for 2891 hydraulic cylinders, Steel, MS, 100 mm. Location: Hyderabad. Required by 17 days.",Hydraulic Cylinders,Steel,MS,100 mm,2891,units,Hyderabad,17,Industrial plant,Normal,0.93,1144053.7,Medium
R02103,B0653,"Please quote for 1778 industrial pumps, Cast Iron, CI, 5 HP. Location: Nashik. Required by 26 days.",Industrial Pumps,Cast Iron,CI,5 HP,1778,units,Nashik,26,OEM project,Flexible,0.83,86832.17,Low
R02104,B0195,"Please quote for 1657 sheet metal parts, Stainless Steel, MS, 2 mm. Location: Nashik. Required by 31 days.",Sheet Metal Parts,Stainless Steel,MS,2 mm,1657,units,Nashik,31,Automotive,Flexible,0.87,455318.24,Low
R02105,B0149,"Need 2128 gearboxes for industrial plant, Steel Helical, 5 HP. Delivery required in Mumbai within 24 days. Please share quotation.",Gearboxes,Steel,Helical,5 HP,2128,units,Mumbai,24,Industrial plant,Normal,0.45,503841.85,Medium
R02106,B0482,"Looking for 8637 units of Cast Iron industrial pumps (CI), size 10 HP, for our general manufacturing plant in Hyderabad. Need delivery in 20 days.",Industrial Pumps,Cast Iron,CI,10 HP,8637,units,Hyderabad,20,General manufacturing,Normal,0.87,2132271.97,High
R02107,B1194,"Please quote for 10436 electric motors, Cast Iron, IE3, 5 HP. Location: Chennai. Required by 21 days.",Electric Motors,Cast Iron,IE3,5 HP,10436,units,Chennai,21,Industrial plant,Normal,0.64,2111399.82,Medium
R02108,B1369,"Please quote for 9400 sheet metal parts, Stainless Steel, MS, 10 mm. Location: Bengaluru. Required by 8 days.",Sheet Metal Parts,Stainless Steel,MS,10 mm,9400,units,Bengaluru,8,General manufacturing,Urgent,0.25,914818.82,High
R02109,B0158,"Looking for 11101 units of Mild Steel sheet metal parts (MS), size 5 mm, for our construction plant in Pune. Need delivery in 42 days.",Sheet Metal Parts,Mild Steel,MS,5 mm,11101,units,Pune,42,Construction,Flexible,0.64,4463606.17,Medium
R02110,B1470,"Please quote for 10361 ball valves, Carbon Steel, CS, 3 inch. Location: Delhi. Required by 12 days.",Ball Valves,Carbon Steel,CS,3 inch,10361,units,Delhi,12,Industrial plant,Normal,0.42,957922.84,High
R02111,B0258,"Please quote for 9991 ball valves, Carbon Steel, CS, 3 inch. Location: Bengaluru. Required by 43 days.",Ball Valves,Carbon Steel,CS,3 inch,9991,units,Bengaluru,43,Industrial plant,Flexible,0.82,639229.4,Medium
R02112,B1180,"Please quote for 8357 industrial pumps, Cast Iron, SS304, 20 HP. Location: Mumbai. Required by 23 days.",Industrial Pumps,Cast Iron,SS304,20 HP,8357,units,Mumbai,23,General manufacturing,Normal,0.06,941385.34,Medium
R02113,B1070,"Looking for 4511 units of Stainless Steel ball valves (SS316), size 1 inch, for our general manufacturing plant in Nagpur. Need delivery in 16 days.",Ball Valves,Stainless Steel,SS316,1 inch,4511,units,Nagpur,16,General manufacturing,Normal,0.44,2247376.37,Medium
R02114,B0595,"Need 4849 conveyor belts for general manufacturing, PU Food Grade, 500 mm. Delivery required in Ahmedabad within 9 days. Please share quotation.",Conveyor Belts,PU,Food Grade,500 mm,4849,units,Ahmedabad,9,General manufacturing,Urgent,0.02,1239263.69,High
R02115,B0050,"Please quote for 2157 gearboxes, Steel, Worm, 5 HP. Location: Nagpur. Required by 43 days.",Gearboxes,Steel,Worm,5 HP,2157,units,Nagpur,43,Industrial plant,Flexible,0.72,584107.15,Medium
R02116,B0774,"Need 11030 steel brackets for oem project, Mild Steel SS304, 5 mm. Delivery required in Nashik within 38 days. Please share quotation.",Steel Brackets,Mild Steel,SS304,5 mm,11030,units,Nashik,38,OEM project,Flexible,0.44,4401175.32,Medium
R02117,B0825,"Need 5551 conveyor belts for industrial plant, Rubber Grade A, 500 mm. Delivery required in Kolkata within 9 days. Please share quotation.",Conveyor Belts,Rubber,Grade A,500 mm,5551,units,Kolkata,9,Industrial plant,Urgent,0.27,1349909.04,High
R02118,B1252,"Looking for 4153 units of Aluminium electric motors (IE3), size 25 HP, for our general manufacturing plant in Ahmedabad. Need delivery in 32 days.",Electric Motors,Aluminium,IE3,25 HP,4153,units,Ahmedabad,32,General manufacturing,Flexible,0.52,687772.19,Medium
R02119,B1289,"Please quote for 2936 hydraulic cylinders, Steel, SS304, 150 mm. Location: Mumbai. Required by 33 days.",Hydraulic Cylinders,Steel,SS304,150 mm,2936,units,Mumbai,33,Construction,Flexible,0.3,984687.96,Medium
R02120,B1079,"Need 10279 electric motors for automotive, Cast Iron IE2, 25 HP. Delivery required in Bengaluru within 3 days. Please share quotation.",Electric Motors,Cast Iron,IE2,25 HP,10279,units,Bengaluru,3,Automotive,Urgent,0.48,1846233.28,High
R02121,B1098,"Need 4904 gearboxes for oem project, Steel Worm, 10 HP. Delivery required in Mumbai within 17 days. Please share quotation.",Gearboxes,Steel,Worm,10 HP,4904,units,Mumbai,17,OEM project,Normal,0.2,207449.49,Low
R02122,B0747,"Need 5956 electric motors for oem project, Aluminium IE2, 10 HP. Delivery required in Nashik within 21 days. Please share quotation.",Electric Motors,Aluminium,IE2,10 HP,5956,units,Nashik,21,OEM project,Normal,0.31,659443.68,Medium
R02123,B0205,"Looking for 6694 units of Stainless Steel sheet metal parts (SS304), size 5 mm, for our automotive plant in Mumbai. Need delivery in 19 days.",Sheet Metal Parts,Stainless Steel,SS304,5 mm,6694,units,Mumbai,19,Automotive,Normal,0.67,238637.4,Medium
R02124,B1455,"Need 2795 sheet metal parts for industrial plant, Mild Steel MS, 10 mm. Delivery required in Nagpur within 35 days. Please share quotation.",Sheet Metal Parts,Mild Steel,MS,10 mm,2795,units,Nagpur,35,Industrial plant,Flexible,0.67,807267.66,Medium
R02125,B1233,"Need 2239 steel brackets for automotive, Mild Steel MS, 3 mm. Delivery required in Chennai within 34 days. Please share quotation.",Steel Brackets,Mild Steel,MS,3 mm,2239,units,Chennai,34,Automotive,Flexible,0.83,408142.09,Low
R02126,B1102,"Please quote for 8006 ball valves, Carbon Steel, SS316, 2 inch. Location: Nagpur. Required by 19 days.",Ball Valves,Carbon Steel,SS316,2 inch,8006,units,Nagpur,19,Automotive,Normal,0.73,3208799.8,High
R02127,B0502,"Looking for 1607 units of Stainless Steel steel brackets (MS), size 5 mm, for our general manufacturing plant in Nagpur. Need delivery in 42 days.",Steel Brackets,Stainless Steel,MS,5 mm,1607,units,Nagpur,42,General manufacturing,Flexible,0.42,567876.55,Low
R02128,B0656,"Looking for 5246 units of Steel hydraulic cylinders (SS304), size 150 mm, for our industrial plant plant in Kolkata. Need delivery in 31 days.",Hydraulic Cylinders,Steel,SS304,150 mm,5246,units,Kolkata,31,Industrial plant,Flexible,0.18,2317228.97,Medium
R02129,B1048,"Need 153 gearboxes for oem project, Cast Iron Helical, 10 HP. Delivery required in Bengaluru within 40 days. Please share quotation.",Gearboxes,Cast Iron,Helical,10 HP,153,units,Bengaluru,40,OEM project,Flexible,0.01,59491.68,Low
R02130,B0329,"Please quote for 3216 conveyor belts, Rubber, Grade A, 800 mm. Location: Chennai. Required by 37 days.",Conveyor Belts,Rubber,Grade A,800 mm,3216,units,Chennai,37,Industrial plant,Flexible,0.66,803838.95,Medium
R02131,B0341,"Need 7463 steel brackets for oem project, Stainless Steel SS304, 3 mm. Delivery required in Mumbai within 6 days. Please share quotation.",Steel Brackets,Stainless Steel,SS304,3 mm,7463,units,Mumbai,6,OEM project,Urgent,0.87,758438.92,High
R02132,B1150,"Need 1868 sheet metal parts for automotive, Stainless Steel SS304, 2 mm. Delivery required in Bengaluru within 20 days. Please share quotation.",Sheet Metal Parts,Stainless Steel,SS304,2 mm,1868,units,Bengaluru,20,Automotive,Normal,0.45,556009.07,Medium
R02133,B0681,"Please quote for 10885 steel brackets, Mild Steel, SS304, 8 mm. Location: Nashik. Required by 41 days.",Steel Brackets,Mild Steel,SS304,8 mm,10885,units,Nashik,41,Construction,Flexible,0.77,2354118.2,Medium
R02134,B0552,"Please quote for 6417 conveyor belts, PU, Grade A, 1000 mm. Location: Delhi. Required by 38 days.",Conveyor Belts,PU,Grade A,1000 mm,6417,units,Delhi,38,OEM project,Flexible,0.32,2114628.35,Medium
R02135,B1056,"Please quote for 3783 ball valves, Stainless Steel, CS, 1 inch. Location: Delhi. Required by 26 days.",Ball Valves,Stainless Steel,CS,1 inch,3783,units,Delhi,26,Construction,Flexible,0.22,1830420.45,Medium
R02136,B1430,"Please quote for 1357 gearboxes, Cast Iron, Helical, 5 HP. Location: Nagpur. Required by 4 days.",Gearboxes,Cast Iron,Helical,5 HP,1357,units,Nagpur,4,Construction,Urgent,0.15,162594.44,Medium
R02137,B0610,"Need 9607 gearboxes for automotive, Cast Iron Worm, 10 HP. Delivery required in Nagpur within 45 days. Please share quotation.",Gearboxes,Cast Iron,Worm,10 HP,9607,units,Nagpur,45,Automotive,Flexible,0.43,4503719.78,Medium
R02138,B1109,"Need 7625 hydraulic cylinders for oem project, Steel MS, 50 mm. Delivery required in Nagpur within 35 days. Please share quotation.",Hydraulic Cylinders,Steel,MS,50 mm,7625,units,Nagpur,35,OEM project,Flexible,0.81,3266463.05,Medium
R02139,B0091,"Please quote for 8430 ball valves, Carbon Steel, CS, 1 inch. Location: Ahmedabad. Required by 24 days.",Ball Valves,Carbon Steel,CS,1 inch,8430,units,Ahmedabad,24,OEM project,Normal,0.87,1210400.4,High
R02140,B0729,"Looking for 8868 units of Cast Iron gearboxes (Worm), size 5 HP, for our industrial plant plant in Pune. Need delivery in 34 days.",Gearboxes,Cast Iron,Worm,5 HP,8868,units,Pune,34,Industrial plant,Flexible,0.8,2995268.97,Medium
R02141,B1429,"Looking for 10794 units of Carbon Steel ball valves (SS316), size 1 inch, for our construction plant in Bengaluru. Need delivery in 31 days.",Ball Valves,Carbon Steel,SS316,1 inch,10794,units,Bengaluru,31,Construction,Flexible,0.87,1926560.74,Medium
R02142,B0779,"Need 9846 gearboxes for automotive, Cast Iron Worm, 5 HP. Delivery required in Pune within 3 days. Please share quotation.",Gearboxes,Cast Iron,Worm,5 HP,9846,units,Pune,3,Automotive,Urgent,0.27,3885139.95,High
R02143,B1333,"Looking for 11134 units of Mild Steel steel brackets (MS), size 5 mm, for our industrial plant plant in Pune. Need delivery in 3 days.",Steel Brackets,Mild Steel,MS,5 mm,11134,units,Pune,3,Industrial plant,Urgent,0.9,435310.78,High
R02144,B0939,"Looking for 10202 units of Cast Iron electric motors (IE3), size 5 HP, for our general manufacturing plant in Bengaluru. Need delivery in 33 days.",Electric Motors,Cast Iron,IE3,5 HP,10202,units,Bengaluru,33,General manufacturing,Flexible,0.24,2576116.25,Medium
R02145,B1467,"Please quote for 2183 industrial pumps, Stainless Steel, SS316, 10 HP. Location: Kolkata. Required by 41 days.",Industrial Pumps,Stainless Steel,SS316,10 HP,2183,units,Kolkata,41,Automotive,Flexible,0.83,103163.15,Low
R02146,B0322,"Need 10301 conveyor belts for automotive, PU Food Grade, 800 mm. Delivery required in Mumbai within 35 days. Please share quotation.",Conveyor Belts,PU,Food Grade,800 mm,10301,units,Mumbai,35,Automotive,Flexible,0.02,3558164.57,Medium
R02147,B0738,"Please quote for 3539 sheet metal parts, Stainless Steel, SS304, 2 mm. Location: Hyderabad. Required by 38 days.",Sheet Metal Parts,Stainless Steel,SS304,2 mm,3539,units,Hyderabad,38,Industrial plant,Flexible,0.36,1697388.97,Medium
R02148,B1026,"Looking for 5324 units of Mild Steel steel brackets (MS), size 8 mm, for our construction plant in Hyderabad. Need delivery in 37 days.",Steel Brackets,Mild Steel,MS,8 mm,5324,units,Hyderabad,37,Construction,Flexible,0.53,789757.88,Medium
R02149,B0511,"Need 3692 gearboxes for automotive, Steel Worm, 2 HP. Delivery required in Pune within 6 days. Please share quotation.",Gearboxes,Steel,Worm,2 HP,3692,units,Pune,6,Automotive,Urgent,0.29,543496.55,High
R02150,B0762,"Need 10287 hydraulic cylinders for construction, Steel SS304, 150 mm. Delivery required in Kolkata within 21 days. Please share quotation.",Hydraulic Cylinders,Steel,SS304,150 mm,10287,units,Kolkata,21,Construction,Normal,0.33,3657973.57,Medium
R02151,B1328,"Need 681 gearboxes for construction, Cast Iron Helical, 5 HP. Delivery required in Hyderabad within 41 days. Please share quotation.",Gearboxes,Cast Iron,Helical,5 HP,681,units,Hyderabad,41,Construction,Flexible,0.2,206655.09,Low
R02152,B1327,"Need 9258 sheet metal parts for industrial plant, Stainless Steel SS304, 5 mm. Delivery required in Ahmedabad within 13 days. Please share quotation.",Sheet Metal Parts,Stainless Steel,SS304,5 mm,9258,units,Ahmedabad,13,Industrial plant,Normal,0.29,1279015.46,High
R02153,B0777,"Need 8536 sheet metal parts for general manufacturing, Stainless Steel MS, 2 mm. Delivery required in Pune within 9 days. Please share quotation.",Sheet Metal Parts,Stainless Steel,MS,2 mm,8536,units,Pune,9,General manufacturing,Urgent,0.83,3521981.36,High
R02154,B1238,"Need 7204 industrial pumps for industrial plant, Cast Iron CI, 5 HP. Delivery required in Mumbai within 19 days. Please share quotation.",Industrial Pumps,Cast Iron,CI,5 HP,7204,units,Mumbai,19,Industrial plant,Normal,0.97,1018565.7,High
R02155,B1435,"Please quote for 8486 electric motors, Cast Iron, IE3, 25 HP. Location: Kolkata. Required by 40 days.",Electric Motors,Cast Iron,IE3,25 HP,8486,units,Kolkata,40,Industrial plant,Flexible,0.67,3172985.28,Medium
R02156,B0333,"Please quote for 5203 sheet metal parts, Stainless Steel, SS304, 10 mm. Location: Kolkata. Required by 6 days.",Sheet Metal Parts,Stainless Steel,SS304,10 mm,5203,units,Kolkata,6,OEM project,Urgent,0.07,1688634.36,High
R02157,B0287,"Please quote for 3193 sheet metal parts, Mild Steel, MS, 5 mm. Location: Mumbai. Required by 11 days.",Sheet Metal Parts,Mild Steel,MS,5 mm,3193,units,Mumbai,11,General manufacturing,Normal,0.99,522413.27,High
R02158,B1057,"Need 7258 electric motors for construction, Cast Iron IE3, 25 HP. Delivery required in Hyderabad within 39 days. Please share quotation.",Electric Motors,Cast Iron,IE3,25 HP,7258,units,Hyderabad,39,Construction,Flexible,0.23,739398.55,Medium
R02159,B0536,"Looking for 1809 units of Mild Steel sheet metal parts (SS304), size 2 mm, for our construction plant in Kolkata. Need delivery in 18 days.",Sheet Metal Parts,Mild Steel,SS304,2 mm,1809,units,Kolkata,18,Construction,Normal,0.58,241053.61,Low
R02160,B0785,"Need 11374 steel brackets for industrial plant, Stainless Steel SS304, 5 mm. Delivery required in Kolkata within 6 days. Please share quotation.",Steel Brackets,Stainless Steel,SS304,5 mm,11374,units,Kolkata,6,Industrial plant,Urgent,0.81,5234205.16,High
R02161,B0316,"Need 1702 sheet metal parts for industrial plant, Stainless Steel MS, 5 mm. Delivery required in Ahmedabad within 41 days. Please share quotation.",Sheet Metal Parts,Stainless Steel,MS,5 mm,1702,units,Ahmedabad,41,Industrial plant,Flexible,0.1,606593.39,Low
R02162,B0561,"Need 1236 electric motors for automotive, Aluminium IE2, 25 HP. Delivery required in Pune within 27 days. Please share quotation.",Electric Motors,Aluminium,IE2,25 HP,1236,units,Pune,27,Automotive,Flexible,0.21,517388.84,Medium
R02163,B1121,"Please quote for 6169 gearboxes, Cast Iron, Helical, 10 HP. Location: Delhi. Required by 18 days.",Gearboxes,Cast Iron,Helical,10 HP,6169,units,Delhi,18,Construction,Normal,0.94,654096.25,High
R02164,B0196,"Looking for 1570 units of Stainless Steel industrial pumps (SS316), size 5 HP, for our construction plant in Bengaluru. Need delivery in 8 days.",Industrial Pumps,Stainless Steel,SS316,5 HP,1570,units,Bengaluru,8,Construction,Urgent,0.13,295916.56,Medium
R02165,B1480,"Need 4332 conveyor belts for construction, PU Food Grade, 500 mm. Delivery required in Ahmedabad within 37 days. Please share quotation.",Conveyor Belts,PU,Food Grade,500 mm,4332,units,Ahmedabad,37,Construction,Flexible,0.33,381309.48,Low
R02166,B0463,"Please quote for 602 sheet metal parts, Mild Steel, MS, 5 mm. Location: Bengaluru. Required by 26 days.",Sheet Metal Parts,Mild Steel,MS,5 mm,602,units,Bengaluru,26,Industrial plant,Flexible,0.02,45537.44,Low
R02167,B1362,"Need 5980 electric motors for construction, Cast Iron IE2, 10 HP. Delivery required in Nashik within 15 days. Please share quotation.",Electric Motors,Cast Iron,IE2,10 HP,5980,units,Nashik,15,Construction,Normal,0.22,1321809.47,High
R02168,B1255,"Please quote for 8361 hydraulic cylinders, Stainless Steel, SS304, 50 mm. Location: Bengaluru. Required by 40 days.",Hydraulic Cylinders,Stainless Steel,SS304,50 mm,8361,units,Bengaluru,40,OEM project,Flexible,0.78,3710785.32,Medium
R02169,B1278,"Please quote for 5676 electric motors, Cast Iron, IE2, 5 HP. Location: Bengaluru. Required by 34 days.",Electric Motors,Cast Iron,IE2,5 HP,5676,units,Bengaluru,34,Industrial plant,Flexible,0.97,122505.06,Medium
R02170,B0645,"Need 11059 gearboxes for construction, Steel Helical, 10 HP. Delivery required in Ahmedabad within 3 days. Please share quotation.",Gearboxes,Steel,Helical,10 HP,11059,units,Ahmedabad,3,Construction,Urgent,0.33,765759.95,High
R02171,B1018,"Please quote for 9772 gearboxes, Steel, Worm, 10 HP. Location: Nagpur. Required by 43 days.",Gearboxes,Steel,Worm,10 HP,9772,units,Nagpur,43,Automotive,Flexible,0.71,4264579.1,Medium
R02172,B0216,"Need 4762 steel brackets for construction, Stainless Steel SS304, 3 mm. Delivery required in Nashik within 5 days. Please share quotation.",Steel Brackets,Stainless Steel,SS304,3 mm,4762,units,Nashik,5,Construction,Urgent,0.83,241697.56,High
R02173,B1472,"Need 3987 sheet metal parts for automotive, Mild Steel MS, 5 mm. Delivery required in Bengaluru within 40 days. Please share quotation.",Sheet Metal Parts,Mild Steel,MS,5 mm,3987,units,Bengaluru,40,Automotive,Flexible,0.83,656206.34,Medium
R02174,B0005,"Please quote for 2386 steel brackets, Mild Steel, SS304, 3 mm. Location: Delhi. Required by 13 days.",Steel Brackets,Mild Steel,SS304,3 mm,2386,units,Delhi,13,OEM project,Normal,0.77,185857.16,Medium
R02175,B1439,"Need 2406 electric motors for industrial plant, Cast Iron IE3, 5 HP. Delivery required in Ahmedabad within 41 days. Please share quotation.",Electric Motors,Cast Iron,IE3,5 HP,2406,units,Ahmedabad,41,Industrial plant,Flexible,0.02,846542.35,Medium
R02176,B1313,"Please quote for 8644 ball valves, Stainless Steel, SS304, 2 inch. Location: Nagpur. Required by 13 days.",Ball Valves,Stainless Steel,SS304,2 inch,8644,units,Nagpur,13,OEM project,Normal,0.84,1554166.89,High
R02177,B0575,"Please quote for 2670 ball valves, Stainless Steel, SS316, 1 inch. Location: Nagpur. Required by 23 days.",Ball Valves,Stainless Steel,SS316,1 inch,2670,units,Nagpur,23,General manufacturing,Normal,0.7,288949.62,Medium
R02178,B0142,"Looking for 4703 units of Cast Iron electric motors (IE3), size 10 HP, for our oem project plant in Pune. Need delivery in 37 days.",Electric Motors,Cast Iron,IE3,10 HP,4703,units,Pune,37,OEM project,Flexible,0.0,580608.04,Medium
R02179,B0385,"Need 9808 conveyor belts for industrial plant, Rubber Food Grade, 500 mm. Delivery required in Pune within 28 days. Please share quotation.",Conveyor Belts,Rubber,Food Grade,500 mm,9808,units,Pune,28,Industrial plant,Flexible,0.72,2480189.35,High
R02180,B0299,"Looking for 2704 units of Stainless Steel hydraulic cylinders (SS304), size 150 mm, for our general manufacturing plant in Hyderabad. Need delivery in 7 days.",Hydraulic Cylinders,Stainless Steel,SS304,150 mm,2704,units,Hyderabad,7,General manufacturing,Urgent,0.32,296815.66,Medium
R02181,B0328,"Need 8931 sheet metal parts for industrial plant, Stainless Steel SS304, 2 mm. Delivery required in Nashik within 22 days. Please share quotation.",Sheet Metal Parts,Stainless Steel,SS304,2 mm,8931,units,Nashik,22,Industrial plant,Normal,0.19,890999.01,Medium
R02182,B1232,"Need 11828 steel brackets for oem project, Stainless Steel SS304, 8 mm. Delivery required in Mumbai within 15 days. Please share quotation.",Steel Brackets,Stainless Steel,SS304,8 mm,11828,units,Mumbai,15,OEM project,Normal,0.38,1471236.35,High
R02183,B0318,"Looking for 11801 units of Mild Steel sheet metal parts (SS304), size 2 mm, for our construction plant in Mumbai. Need delivery in 20 days.",Sheet Metal Parts,Mild Steel,SS304,2 mm,11801,units,Mumbai,20,Construction,Normal,0.81,1286922.26,High
R02184,B0573,"Looking for 10920 units of Steel gearboxes (Helical), size 10 HP, for our oem project plant in Nagpur. Need delivery in 17 days.",Gearboxes,Steel,Helical,10 HP,10920,units,Nagpur,17,OEM project,Normal,0.91,2044849.8,High
R02185,B0425,"Please quote for 1870 conveyor belts, Rubber, Food Grade, 800 mm. Location: Bengaluru. Required by 15 days.",Conveyor Belts,Rubber,Food Grade,800 mm,1870,units,Bengaluru,15,Construction,Normal,0.52,812778.88,Medium
R02186,B1433,"Need 3989 hydraulic cylinders for construction, Steel MS, 100 mm. Delivery required in Pune within 40 days. Please share quotation.",Hydraulic Cylinders,Steel,MS,100 mm,3989,units,Pune,40,Construction,Flexible,0.35,193123.59,Low
R02187,B0893,"Please quote for 11458 sheet metal parts, Mild Steel, MS, 2 mm. Location: Delhi. Required by 3 days.",Sheet Metal Parts,Mild Steel,MS,2 mm,11458,units,Delhi,3,Automotive,Urgent,0.81,614361.7,High
R02188,B0780,"Looking for 7661 units of Cast Iron electric motors (IE3), size 10 HP, for our oem project plant in Bengaluru. Need delivery in 13 days.",Electric Motors,Cast Iron,IE3,10 HP,7661,units,Bengaluru,13,OEM project,Normal,0.04,3661858.4,High
R02189,B1369,"Please quote for 10843 gearboxes, Cast Iron, Helical, 5 HP. Location: Pune. Required by 14 days.",Gearboxes,Cast Iron,Helical,5 HP,10843,units,Pune,14,Construction,Normal,0.26,4389754.35,High
R02190,B0836,"Looking for 1037 units of Stainless Steel ball valves (CS), size 3 inch, for our general manufacturing plant in Bengaluru. Need delivery in 25 days.",Ball Valves,Stainless Steel,CS,3 inch,1037,units,Bengaluru,25,General manufacturing,Normal,0.42,231203.25,Low
R02191,B0592,"Looking for 5149 units of Cast Iron industrial pumps (SS304), size 20 HP, for our construction plant in Nagpur. Need delivery in 28 days.",Industrial Pumps,Cast Iron,SS304,20 HP,5149,units,Nagpur,28,Construction,Flexible,0.76,761977.4,High
R02192,B1425,"Please quote for 4454 steel brackets, Stainless Steel, MS, 5 mm. Location: Delhi. Required by 11 days.",Steel Brackets,Stainless Steel,MS,5 mm,4454,units,Delhi,11,General manufacturing,Normal,0.91,1945813.41,High
R02193,B1093,"Need 2467 conveyor belts for automotive, PU Grade A, 800 mm. Delivery required in Ahmedabad within 15 days. Please share quotation.",Conveyor Belts,PU,Grade A,800 mm,2467,units,Ahmedabad,15,Automotive,Normal,0.65,1157571.55,High
R02194,B0577,"Looking for 1298 units of Cast Iron industrial pumps (SS304), size 20 HP, for our construction plant in Nashik. Need delivery in 13 days.",Industrial Pumps,Cast Iron,SS304,20 HP,1298,units,Nashik,13,Construction,Normal,0.55,391349.74,Low
R02195,B0956,"Please quote for 10277 industrial pumps, Cast Iron, SS316, 20 HP. Location: Hyderabad. Required by 21 days.",Industrial Pumps,Cast Iron,SS316,20 HP,10277,units,Hyderabad,21,Construction,Normal,0.74,1353717.97,High
R02196,B0762,"Looking for 1153 units of Mild Steel sheet metal parts (MS), size 10 mm, for our industrial plant plant in Pune. Need delivery in 9 days.",Sheet Metal Parts,Mild Steel,MS,10 mm,1153,units,Pune,9,Industrial plant,Urgent,0.61,449968.13,Medium
R02197,B0112,"Please quote for 8363 electric motors, Aluminium, IE2, 5 HP. Location: Chennai. Required by 22 days.",Electric Motors,Aluminium,IE2,5 HP,8363,units,Chennai,22,OEM project,Normal,0.97,446557.85,Medium
R02198,B1461,"Looking for 3171 units of Cast Iron industrial pumps (SS304), size 20 HP, for our oem project plant in Mumbai. Need delivery in 21 days.",Industrial Pumps,Cast Iron,SS304,20 HP,3171,units,Mumbai,21,OEM project,Normal,0.29,380014.31,Low
R02199,B0020,"Need 986 electric motors for construction, Aluminium IE2, 5 HP. Delivery required in Chennai within 5 days. Please share quotation.",Electric Motors,Aluminium,IE2,5 HP,986,units,Chennai,5,Construction,Urgent,0.09,184428.97,Medium
R02200,B1070,"Need 6823 sheet metal parts for general manufacturing, Stainless Steel MS, 5 mm. Delivery required in Pune within 30 days. Please share quotation.",Sheet Metal Parts,Stainless Steel,MS,5 mm,6823,units,Pune,30,General manufacturing,Flexible,0.35,516416.1,Medium
R02201,B0134,"Looking for 9306 units of Carbon Steel ball valves (SS316), size 1 inch, for our construction plant in Bengaluru. Need delivery in 10 days.",Ball Valves,Carbon Steel,SS316,1 inch,9306,units,Bengaluru,10,Construction,Urgent,0.78,3247270.37,High
R02202,B0758,"Please quote for 2021 gearboxes, Cast Iron, Helical, 5 HP. Location: Mumbai. Required by 8 days.",Gearboxes,Cast Iron,Helical,5 HP,2021,units,Mumbai,8,General manufacturing,Urgent,0.19,288813.44,Medium
R02203,B0651,"Looking for 10623 units of Stainless Steel ball valves (SS316), size 1 inch, for our automotive plant in Hyderabad. Need delivery in 23 days.",Ball Valves,Stainless Steel,SS316,1 inch,10623,units,Hyderabad,23,Automotive,Normal,0.22,1164832.81,Medium
R02204,B0628,"Looking for 1238 units of Cast Iron industrial pumps (SS304), size 10 HP, for our automotive plant in Nashik. Need delivery in 12 days.",Industrial Pumps,Cast Iron,SS304,10 HP,1238,units,Nashik,12,Automotive,Normal,0.81,409798.35,Medium
R02205,B0481,"Looking for 8499 units of Mild Steel steel brackets (SS304), size 8 mm, for our oem project plant in Hyderabad. Need delivery in 5 days.",Steel Brackets,Mild Steel,SS304,8 mm,8499,units,Hyderabad,5,OEM project,Urgent,0.04,4026173.02,High
R02206,B1473,"Please quote for 1631 industrial pumps, Stainless Steel, SS304, 20 HP. Location: Ahmedabad. Required by 6 days.",Industrial Pumps,Stainless Steel,SS304,20 HP,1631,units,Ahmedabad,6,Automotive,Urgent,0.45,161592.33,Medium
R02207,B1211,"Looking for 10553 units of Stainless Steel ball valves (CS), size 3 inch, for our oem project plant in Nashik. Need delivery in 36 days.",Ball Valves,Stainless Steel,CS,3 inch,10553,units,Nashik,36,OEM project,Flexible,0.62,1910165.38,Medium
R02208,B1454,"Looking for 11614 units of Stainless Steel hydraulic cylinders (MS), size 100 mm, for our industrial plant plant in Bengaluru. Need delivery in 5 days.",Hydraulic Cylinders,Stainless Steel,MS,100 mm,11614,units,Bengaluru,5,Industrial plant,Urgent,0.63,1586094.74,High
R02209,B1432,"Looking for 1044 units of Steel gearboxes (Worm), size 10 HP, for our construction plant in Mumbai. Need delivery in 5 days.",Gearboxes,Steel,Worm,10 HP,1044,units,Mumbai,5,Construction,Urgent,0.15,386492.19,Medium
R02210,B0137,"Need 7000 electric motors for general manufacturing, Aluminium IE2, 25 HP. Delivery required in Chennai within 33 days. Please share quotation.",Electric Motors,Aluminium,IE2,25 HP,7000,units,Chennai,33,General manufacturing,Flexible,0.49,1681473.29,Medium
R02211,B0199,"Looking for 10008 units of Mild Steel steel brackets (SS304), size 8 mm, for our construction plant in Delhi. Need delivery in 43 days.",Steel Brackets,Mild Steel,SS304,8 mm,10008,units,Delhi,43,Construction,Flexible,0.45,1117671.27,Medium
R02212,B0310,"Please quote for 4098 steel brackets, Stainless Steel, SS304, 8 mm. Location: Hyderabad. Required by 27 days.",Steel Brackets,Stainless Steel,SS304,8 mm,4098,units,Hyderabad,27,Automotive,Flexible,0.81,243936.53,Medium
R02213,B0180,"Need 10578 hydraulic cylinders for oem project, Steel MS, 100 mm. Delivery required in Hyderabad within 6 days. Please share quotation.",Hydraulic Cylinders,Steel,MS,100 mm,10578,units,Hyderabad,6,OEM project,Urgent,0.55,4151068.75,High
R02214,B1083,"Looking for 9325 units of Stainless Steel industrial pumps (CI), size 5 HP, for our general manufacturing plant in Nashik. Need delivery in 45 days.",Industrial Pumps,Stainless Steel,CI,5 HP,9325,units,Nashik,45,General manufacturing,Flexible,0.23,278877.63,Low
R02215,B1323,"Need 6428 conveyor belts for general manufacturing, Rubber Food Grade, 500 mm. Delivery required in Hyderabad within 28 days. Please share quotation.",Conveyor Belts,Rubber,Food Grade,500 mm,6428,units,Hyderabad,28,General manufacturing,Flexible,0.65,189652.53,Medium
R02216,B0074,"Looking for 3593 units of Steel hydraulic cylinders (MS), size 150 mm, for our oem project plant in Pune. Need delivery in 29 days.",Hydraulic Cylinders,Steel,MS,150 mm,3593,units,Pune,29,OEM project,Flexible,0.98,1385403.03,Medium
R02217,B0804,"Need 1295 hydraulic cylinders for construction, Stainless Steel SS304, 100 mm. Delivery required in Nagpur within 39 days. Please share quotation.",Hydraulic Cylinders,Stainless Steel,SS304,100 mm,1295,units,Nagpur,39,Construction,Flexible,0.37,285592.12,Low
R02218,B0432,"Looking for 1530 units of Stainless Steel steel brackets (MS), size 5 mm, for our oem project plant in Nagpur. Need delivery in 10 days.",Steel Brackets,Stainless Steel,MS,5 mm,1530,units,Nagpur,10,OEM project,Urgent,0.49,674937.78,Medium
R02219,B0980,"Looking for 1554 units of Aluminium electric motors (IE2), size 5 HP, for our construction plant in Chennai. Need delivery in 31 days.",Electric Motors,Aluminium,IE2,5 HP,1554,units,Chennai,31,Construction,Flexible,0.44,119769.76,Low
R02220,B1362,"Need 3104 hydraulic cylinders for industrial plant, Steel MS, 100 mm. Delivery required in Chennai within 24 days. Please share quotation.",Hydraulic Cylinders,Steel,MS,100 mm,3104,units,Chennai,24,Industrial plant,Normal,0.89,590131.21,Medium
R02221,B0738,"Looking for 6469 units of Steel hydraulic cylinders (MS), size 150 mm, for our oem project plant in Pune. Need delivery in 15 days.",Hydraulic Cylinders,Steel,MS,150 mm,6469,units,Pune,15,OEM project,Normal,0.47,1462554.53,High
R02222,B0215,"Need 5188 hydraulic cylinders for general manufacturing, Steel SS304, 50 mm. Delivery required in Delhi within 19 days. Please share quotation.",Hydraulic Cylinders,Steel,SS304,50 mm,5188,units,Delhi,19,General manufacturing,Normal,0.06,106347.57,Medium
R02223,B0312,"Need 8863 industrial pumps for automotive, Stainless Steel SS304, 10 HP. Delivery required in Mumbai within 3 days. Please share quotation.",Industrial Pumps,Stainless Steel,SS304,10 HP,8863,units,Mumbai,3,Automotive,Urgent,0.26,200751.38,High
R02224,B0725,"Need 11248 ball valves for oem project, Carbon Steel SS304, 3 inch. Delivery required in Nagpur within 4 days. Please share quotation.",Ball Valves,Carbon Steel,SS304,3 inch,11248,units,Nagpur,4,OEM project,Urgent,0.89,4580038.96,High
R02225,B1376,"Please quote for 6512 gearboxes, Cast Iron, Helical, 5 HP. Location: Ahmedabad. Required by 22 days.",Gearboxes,Cast Iron,Helical,5 HP,6512,units,Ahmedabad,22,Construction,Normal,0.89,1974377.82,High
R02226,B0698,"Looking for 2335 units of Cast Iron gearboxes (Worm), size 10 HP, for our general manufacturing plant in Nashik. Need delivery in 13 days.",Gearboxes,Cast Iron,Worm,10 HP,2335,units,Nashik,13,General manufacturing,Normal,0.78,163997.1,Medium
R02227,B0187,"Please quote for 336 industrial pumps, Stainless Steel, CI, 10 HP. Location: Nashik. Required by 36 days.",Industrial Pumps,Stainless Steel,CI,10 HP,336,units,Nashik,36,Construction,Flexible,0.53,101024.45,Low
R02228,B1243,"Need 10256 hydraulic cylinders for industrial plant, Stainless Steel SS304, 100 mm. Delivery required in Nagpur within 16 days. Please share quotation.",Hydraulic Cylinders,Stainless Steel,SS304,100 mm,10256,units,Nagpur,16,Industrial plant,Normal,0.53,1141417.26,Medium
R02229,B1385,"Looking for 7243 units of Stainless Steel steel brackets (MS), size 8 mm, for our construction plant in Hyderabad. Need delivery in 8 days.",Steel Brackets,Stainless Steel,MS,8 mm,7243,units,Hyderabad,8,Construction,Urgent,0.9,925691.64,High
R02230,B0443,"Need 5415 gearboxes for industrial plant, Cast Iron Helical, 10 HP. Delivery required in Chennai within 24 days. Please share quotation.",Gearboxes,Cast Iron,Helical,10 HP,5415,units,Chennai,24,Industrial plant,Normal,0.53,1128084.47,Medium
R02231,B0701,"Need 9398 conveyor belts for industrial plant, PU Grade A, 1000 mm. Delivery required in Pune within 3 days. Please share quotation.",Conveyor Belts,PU,Grade A,1000 mm,9398,units,Pune,3,Industrial plant,Urgent,0.85,2611379.47,High
R02232,B0838,"Need 1156 electric motors for general manufacturing, Cast Iron IE2, 10 HP. Delivery required in Nashik within 10 days. Please share quotation.",Electric Motors,Cast Iron,IE2,10 HP,1156,units,Nashik,10,General manufacturing,Urgent,0.09,539923.8,Medium
R02233,B1132,"Need 10205 gearboxes for industrial plant, Steel Worm, 10 HP. Delivery required in Chennai within 35 days. Please share quotation.",Gearboxes,Steel,Worm,10 HP,10205,units,Chennai,35,Industrial plant,Flexible,0.76,2268991.98,Medium
R02234,B1177,"Please quote for 10483 conveyor belts, PU, Food Grade, 1000 mm. Location: Pune. Required by 43 days.",Conveyor Belts,PU,Food Grade,1000 mm,10483,units,Pune,43,Construction,Flexible,0.4,1379875.13,Medium
R02235,B0282,"Please quote for 9894 conveyor belts, PU, Food Grade, 800 mm. Location: Pune. Required by 36 days.",Conveyor Belts,PU,Food Grade,800 mm,9894,units,Pune,36,Automotive,Flexible,0.71,4930056.76,Medium
R02236,B1231,"Need 9127 hydraulic cylinders for construction, Steel MS, 150 mm. Delivery required in Delhi within 7 days. Please share quotation.",Hydraulic Cylinders,Steel,MS,150 mm,9127,units,Delhi,7,Construction,Urgent,0.62,2225362.4,High
R02237,B0568,"Looking for 1260 units of Cast Iron electric motors (IE3), size 5 HP, for our oem project plant in Bengaluru. Need delivery in 6 days.",Electric Motors,Cast Iron,IE3,5 HP,1260,units,Bengaluru,6,OEM project,Urgent,0.07,606653.0,High
R02238,B1451,"Looking for 1444 units of Mild Steel steel brackets (MS), size 5 mm, for our industrial plant plant in Kolkata. Need delivery in 16 days.",Steel Brackets,Mild Steel,MS,5 mm,1444,units,Kolkata,16,Industrial plant,Normal,0.14,479826.9,Low
R02239,B1457,"Need 3663 hydraulic cylinders for automotive, Steel SS304, 100 mm. Delivery required in Kolkata within 11 days. Please share quotation.",Hydraulic Cylinders,Steel,SS304,100 mm,3663,units,Kolkata,11,Automotive,Normal,0.44,177998.5,Medium
R02240,B1305,"Please quote for 5493 gearboxes, Steel, Worm, 5 HP. Location: Pune. Required by 5 days.",Gearboxes,Steel,Worm,5 HP,5493,units,Pune,5,Construction,Urgent,0.89,2503390.03,High
R02241,B0730,"Need 7431 gearboxes for general manufacturing, Cast Iron Helical, 5 HP. Delivery required in Delhi within 16 days. Please share quotation.",Gearboxes,Cast Iron,Helical,5 HP,7431,units,Delhi,16,General manufacturing,Normal,0.83,1150345.51,High
R02242,B1433,"Looking for 6831 units of Rubber conveyor belts (Food Grade), size 800 mm, for our construction plant in Mumbai. Need delivery in 44 days.",Conveyor Belts,Rubber,Food Grade,800 mm,6831,units,Mumbai,44,Construction,Flexible,0.65,648992.2,Medium
R02243,B0793,"Need 7288 gearboxes for general manufacturing, Steel Worm, 2 HP. Delivery required in Kolkata within 13 days. Please share quotation.",Gearboxes,Steel,Worm,2 HP,7288,units,Kolkata,13,General manufacturing,Normal,0.26,356260.28,Medium
R02244,B1492,"Please quote for 10992 gearboxes, Cast Iron, Helical, 5 HP. Location: Ahmedabad. Required by 8 days.",Gearboxes,Cast Iron,Helical,5 HP,10992,units,Ahmedabad,8,OEM project,Urgent,0.16,543807.28,High
R02245,B0981,"Looking for 10747 units of Cast Iron gearboxes (Worm), size 10 HP, for our general manufacturing plant in Hyderabad. Need delivery in 11 days.",Gearboxes,Cast Iron,Worm,10 HP,10747,units,Hyderabad,11,General manufacturing,Normal,0.33,2659416.55,High
R02246,B0262,"Please quote for 7738 industrial pumps, Stainless Steel, SS304, 10 HP. Location: Mumbai. Required by 21 days.",Industrial Pumps,Stainless Steel,SS304,10 HP,7738,units,Mumbai,21,Construction,Normal,0.65,3416134.72,High
R02247,B0931,"Looking for 7090 units of Mild Steel steel brackets (MS), size 8 mm, for our oem project plant in Bengaluru. Need delivery in 14 days.",Steel Brackets,Mild Steel,MS,8 mm,7090,units,Bengaluru,14,OEM project,Normal,0.76,1463920.33,High
R02248,B1271,"Looking for 5016 units of Stainless Steel hydraulic cylinders (MS), size 50 mm, for our oem project plant in Nagpur. Need delivery in 43 days.",Hydraulic Cylinders,Stainless Steel,MS,50 mm,5016,units,Nagpur,43,OEM project,Flexible,0.33,1181226.24,Medium
R02249,B0815,"Looking for 11256 units of Steel gearboxes (Helical), size 2 HP, for our construction plant in Pune. Need delivery in 40 days.",Gearboxes,Steel,Helical,2 HP,11256,units,Pune,40,Construction,Flexible,0.5,2898874.42,Medium
R02250,B1107,"Looking for 11956 units of Rubber conveyor belts (Grade A), size 1000 mm, for our oem project plant in Chennai. Need delivery in 27 days.",Conveyor Belts,Rubber,Grade A,1000 mm,11956,units,Chennai,27,OEM project,Flexible,0.9,1616432.29,High
R02251,B1194,"Please quote for 11318 steel brackets, Mild Steel, SS304, 5 mm. Location: Kolkata. Required by 17 days.",Steel Brackets,Mild Steel,SS304,5 mm,11318,units,Kolkata,17,Construction,Normal,0.69,360288.75,Medium
R02252,B1097,"Need 4448 sheet metal parts for automotive, Mild Steel SS304, 5 mm. Delivery required in Nashik within 20 days. Please share quotation.",Sheet Metal Parts,Mild Steel,SS304,5 mm,4448,units,Nashik,20,Automotive,Normal,0.3,1839971.22,Medium
R02253,B0340,"Looking for 11688 units of Steel gearboxes (Helical), size 10 HP, for our industrial plant plant in Chennai. Need delivery in 28 days.",Gearboxes,Steel,Helical,10 HP,11688,units,Chennai,28,Industrial plant,Flexible,0.44,1210496.77,Medium
R02254,B0252,"Looking for 7317 units of Mild Steel sheet metal parts (MS), size 5 mm, for our industrial plant plant in Kolkata. Need delivery in 32 days.",Sheet Metal Parts,Mild Steel,MS,5 mm,7317,units,Kolkata,32,Industrial plant,Flexible,0.16,3269509.93,Medium
R02255,B0155,"Please quote for 1425 sheet metal parts, Mild Steel, SS304, 5 mm. Location: Delhi. Required by 36 days.",Sheet Metal Parts,Mild Steel,SS304,5 mm,1425,units,Delhi,36,General manufacturing,Flexible,0.69,699749.24,Medium
R02256,B1071,"Please quote for 11789 ball valves, Carbon Steel, SS316, 2 inch. Location: Mumbai. Required by 30 days.",Ball Valves,Carbon Steel,SS316,2 inch,11789,units,Mumbai,30,Industrial plant,Flexible,0.58,4334846.2,Medium
R02257,B0528,"Looking for 1265 units of Steel gearboxes (Worm), size 2 HP, for our industrial plant plant in Kolkata. Need delivery in 11 days.",Gearboxes,Steel,Worm,2 HP,1265,units,Kolkata,11,Industrial plant,Normal,0.4,135414.47,Low
R02258,B1249,"Need 7488 gearboxes for general manufacturing, Steel Helical, 10 HP. Delivery required in Mumbai within 28 days. Please share quotation.",Gearboxes,Steel,Helical,10 HP,7488,units,Mumbai,28,General manufacturing,Flexible,0.33,1441196.56,Medium
R02259,B0144,"Need 2499 hydraulic cylinders for automotive, Steel MS, 100 mm. Delivery required in Nagpur within 35 days. Please share quotation.",Hydraulic Cylinders,Steel,MS,100 mm,2499,units,Nagpur,35,Automotive,Flexible,0.78,400616.67,Low
R02260,B0371,"Need 2126 conveyor belts for automotive, PU Food Grade, 800 mm. Delivery required in Ahmedabad within 33 days. Please share quotation.",Conveyor Belts,PU,Food Grade,800 mm,2126,units,Ahmedabad,33,Automotive,Flexible,0.56,1054706.14,Medium
R02261,B0405,"Need 9910 hydraulic cylinders for automotive, Steel SS304, 50 mm. Delivery required in Pune within 31 days. Please share quotation.",Hydraulic Cylinders,Steel,SS304,50 mm,9910,units,Pune,31,Automotive,Flexible,0.21,3373214.34,Medium
R02262,B0457,"Looking for 9089 units of Steel gearboxes (Worm), size 2 HP, for our general manufacturing plant in Delhi. Need delivery in 15 days.",Gearboxes,Steel,Worm,2 HP,9089,units,Delhi,15,General manufacturing,Normal,0.24,217192.74,Medium
R02263,B1206,"Please quote for 2649 steel brackets, Stainless Steel, SS304, 3 mm. Location: Bengaluru. Required by 22 days.",Steel Brackets,Stainless Steel,SS304,3 mm,2649,units,Bengaluru,22,General manufacturing,Normal,0.61,424561.29,Low
R02264,B0383,"Need 1581 sheet metal parts for construction, Stainless Steel MS, 2 mm. Delivery required in Chennai within 3 days. Please share quotation.",Sheet Metal Parts,Stainless Steel,MS,2 mm,1581,units,Chennai,3,Construction,Urgent,0.07,450414.52,Medium
R02265,B0472,"Looking for 6096 units of Aluminium electric motors (IE3), size 10 HP, for our general manufacturing plant in Hyderabad. Need delivery in 15 days.",Electric Motors,Aluminium,IE3,10 HP,6096,units,Hyderabad,15,General manufacturing,Normal,0.5,2473092.42,High
R02266,B0271,"Looking for 5130 units of PU conveyor belts (Food Grade), size 1000 mm, for our oem project plant in Ahmedabad. Need delivery in 40 days.",Conveyor Belts,PU,Food Grade,1000 mm,5130,units,Ahmedabad,40,OEM project,Flexible,0.86,2453281.21,Medium
R02267,B0288,"Need 11647 conveyor belts for industrial plant, Rubber Grade A, 800 mm. Delivery required in Pune within 20 days. Please share quotation.",Conveyor Belts,Rubber,Grade A,800 mm,11647,units,Pune,20,Industrial plant,Normal,0.09,3642213.83,Medium
R02268,B1186,"Please quote for 3501 steel brackets, Mild Steel, MS, 5 mm. Location: Bengaluru. Required by 6 days.",Steel Brackets,Mild Steel,MS,5 mm,3501,units,Bengaluru,6,General manufacturing,Urgent,0.21,170434.46,Medium
R02269,B1221,"Need 2287 sheet metal parts for oem project, Mild Steel MS, 2 mm. Delivery required in Pune within 16 days. Please share quotation.",Sheet Metal Parts,Mild Steel,MS,2 mm,2287,units,Pune,16,OEM project,Normal,0.1,690699.48,Medium
R02270,B0796,"Please quote for 4903 industrial pumps, Cast Iron, CI, 10 HP. Location: Chennai. Required by 30 days.",Industrial Pumps,Cast Iron,CI,10 HP,4903,units,Chennai,30,Automotive,Flexible,0.03,1576179.32,Medium
R02271,B0411,"Need 524 conveyor belts for construction, Rubber Food Grade, 1000 mm. Delivery required in Pune within 23 days. Please share quotation.",Conveyor Belts,Rubber,Food Grade,1000 mm,524,units,Pune,23,Construction,Normal,0.82,186729.56,Low
R02272,B0705,"Looking for 35 units of Aluminium electric motors (IE2), size 10 HP, for our construction plant in Bengaluru. Need delivery in 34 days.",Electric Motors,Aluminium,IE2,10 HP,35,units,Bengaluru,34,Construction,Flexible,0.57,2711.24,Low
R02273,B0600,"Need 1785 steel brackets for oem project, Stainless Steel MS, 8 mm. Delivery required in Nagpur within 27 days. Please share quotation.",Steel Brackets,Stainless Steel,MS,8 mm,1785,units,Nagpur,27,OEM project,Flexible,0.49,236999.43,Low
R02274,B0056,"Need 6059 gearboxes for oem project, Steel Helical, 2 HP. Delivery required in Nagpur within 22 days. Please share quotation.",Gearboxes,Steel,Helical,2 HP,6059,units,Nagpur,22,OEM project,Normal,0.42,1778984.09,Medium
R02275,B0401,"Please quote for 10860 industrial pumps, Stainless Steel, SS304, 10 HP. Location: Delhi. Required by 29 days.",Industrial Pumps,Stainless Steel,SS304,10 HP,10860,units,Delhi,29,Automotive,Flexible,0.27,2114235.58,Medium
R02276,B0060,"Looking for 68 units of Mild Steel sheet metal parts (MS), size 2 mm, for our automotive plant in Nagpur. Need delivery in 29 days.",Sheet Metal Parts,Mild Steel,MS,2 mm,68,units,Nagpur,29,Automotive,Flexible,0.22,27605.64,Low
R02277,B0616,"Please quote for 11114 hydraulic cylinders, Stainless Steel, MS, 100 mm. Location: Kolkata. Required by 37 days.",Hydraulic Cylinders,Stainless Steel,MS,100 mm,11114,units,Kolkata,37,OEM project,Flexible,0.5,315315.24,Low
R02278,B0334,"Please quote for 11504 electric motors, Cast Iron, IE3, 25 HP. Location: Bengaluru. Required by 23 days.",Electric Motors,Cast Iron,IE3,25 HP,11504,units,Bengaluru,23,Construction,Normal,0.28,4273337.81,Medium
R02279,B1187,"Need 1339 hydraulic cylinders for construction, Stainless Steel SS304, 50 mm. Delivery required in Nagpur within 16 days. Please share quotation.",Hydraulic Cylinders,Stainless Steel,SS304,50 mm,1339,units,Nagpur,16,Construction,Normal,0.69,356555.12,Low
R02280,B0776,"Please quote for 455 gearboxes, Steel, Worm, 10 HP. Location: Nagpur. Required by 26 days.",Gearboxes,Steel,Worm,10 HP,455,units,Nagpur,26,Industrial plant,Flexible,0.88,156836.97,Low
R02281,B1203,"Need 9950 industrial pumps for oem project, Cast Iron CI, 5 HP. Delivery required in Ahmedabad within 12 days. Please share quotation.",Industrial Pumps,Cast Iron,CI,5 HP,9950,units,Ahmedabad,12,OEM project,Normal,0.33,3352666.59,High
R02282,B0315,"Need 11735 hydraulic cylinders for industrial plant, Stainless Steel MS, 150 mm. Delivery required in Kolkata within 5 days. Please share quotation.",Hydraulic Cylinders,Stainless Steel,MS,150 mm,11735,units,Kolkata,5,Industrial plant,Urgent,0.37,4467880.29,High
R02283,B0046,"Please quote for 11356 gearboxes, Steel, Worm, 2 HP. Location: Pune. Required by 32 days.",Gearboxes,Steel,Worm,2 HP,11356,units,Pune,32,Construction,Flexible,0.59,1256610.2,Medium
R02284,B0069,"Need 958 ball valves for automotive, Carbon Steel SS304, 2 inch. Delivery required in Mumbai within 38 days. Please share quotation.",Ball Valves,Carbon Steel,SS304,2 inch,958,units,Mumbai,38,Automotive,Flexible,0.04,246443.53,Low
R02285,B1194,"Looking for 10787 units of Cast Iron electric motors (IE3), size 25 HP, for our industrial plant plant in Mumbai. Need delivery in 11 days.",Electric Motors,Cast Iron,IE3,25 HP,10787,units,Mumbai,11,Industrial plant,Normal,0.68,4744657.77,High
R02286,B0319,"Please quote for 11484 steel brackets, Mild Steel, MS, 3 mm. Location: Nagpur. Required by 27 days.",Steel Brackets,Mild Steel,MS,3 mm,11484,units,Nagpur,27,Industrial plant,Flexible,0.96,1712108.73,High
R02287,B0884,"Need 10049 sheet metal parts for industrial plant, Mild Steel MS, 2 mm. Delivery required in Delhi within 45 days. Please share quotation.",Sheet Metal Parts,Mild Steel,MS,2 mm,10049,units,Delhi,45,Industrial plant,Flexible,0.11,2594664.17,Medium
R02288,B0157,"Need 11544 electric motors for general manufacturing, Aluminium IE2, 10 HP. Delivery required in Pune within 41 days. Please share quotation.",Electric Motors,Aluminium,IE2,10 HP,11544,units,Pune,41,General manufacturing,Flexible,0.12,3980918.17,Medium
R02289,B0252,"Looking for 10458 units of Steel gearboxes (Helical), size 10 HP, for our automotive plant in Pune. Need delivery in 3 days.",Gearboxes,Steel,Helical,10 HP,10458,units,Pune,3,Automotive,Urgent,0.45,3702947.3,High
R02290,B0796,"Please quote for 6412 gearboxes, Steel, Worm, 10 HP. Location: Chennai. Required by 18 days.",Gearboxes,Steel,Worm,10 HP,6412,units,Chennai,18,Industrial plant,Normal,0.31,3158188.39,Medium
R02291,B0643,"Need 6460 electric motors for oem project, Aluminium IE3, 10 HP. Delivery required in Nashik within 14 days. Please share quotation.",Electric Motors,Aluminium,IE3,10 HP,6460,units,Nashik,14,OEM project,Normal,0.51,2123481.44,High
R02292,B0313,"Looking for 6036 units of Cast Iron industrial pumps (CI), size 20 HP, for our construction plant in Pune. Need delivery in 42 days.",Industrial Pumps,Cast Iron,CI,20 HP,6036,units,Pune,42,Construction,Flexible,0.95,791247.06,Medium
R02293,B0764,"Please quote for 11491 sheet metal parts, Mild Steel, MS, 2 mm. Location: Kolkata. Required by 34 days.",Sheet Metal Parts,Mild Steel,MS,2 mm,11491,units,Kolkata,34,Industrial plant,Flexible,0.08,507869.71,Medium
R02294,B1276,"Looking for 5583 units of Stainless Steel hydraulic cylinders (MS), size 100 mm, for our oem project plant in Bengaluru. Need delivery in 8 days.",Hydraulic Cylinders,Stainless Steel,MS,100 mm,5583,units,Bengaluru,8,OEM project,Urgent,0.26,1097976.88,High
R02295,B1373,"Need 7948 hydraulic cylinders for oem project, Steel MS, 50 mm. Delivery required in Delhi within 11 days. Please share quotation.",Hydraulic Cylinders,Steel,MS,50 mm,7948,units,Delhi,11,OEM project,Normal,0.57,3692386.69,High
R02296,B0500,"Please quote for 10132 industrial pumps, Stainless Steel, SS304, 5 HP. Location: Mumbai. Required by 44 days.",Industrial Pumps,Stainless Steel,SS304,5 HP,10132,units,Mumbai,44,General manufacturing,Flexible,0.26,3382165.3,Medium
R02297,B1478,"Looking for 8058 units of Cast Iron industrial pumps (CI), size 10 HP, for our industrial plant plant in Kolkata. Need delivery in 10 days.",Industrial Pumps,Cast Iron,CI,10 HP,8058,units,Kolkata,10,Industrial plant,Urgent,0.23,1629962.56,High
R02298,B0630,"Need 1090 conveyor belts for automotive, Rubber Grade A, 800 mm. Delivery required in Delhi within 4 days. Please share quotation.",Conveyor Belts,Rubber,Grade A,800 mm,1090,units,Delhi,4,Automotive,Urgent,0.08,179998.66,Medium
R02299,B0972,"Need 11126 conveyor belts for construction, PU Food Grade, 1000 mm. Delivery required in Pune within 26 days. Please share quotation.",Conveyor Belts,PU,Food Grade,1000 mm,11126,units,Pune,26,Construction,Flexible,0.94,4983901.7,High
R02300,B1062,"Looking for 5029 units of Mild Steel steel brackets (SS304), size 8 mm, for our general manufacturing plant in Nagpur. Need delivery in 32 days.",Steel Brackets,Mild Steel,SS304,8 mm,5029,units,Nagpur,32,General manufacturing,Flexible,0.7,1877299.76,Medium
R02301,B1266,"Please quote for 5028 hydraulic cylinders, Stainless Steel, SS304, 150 mm. Location: Mumbai. Required by 7 days.",Hydraulic Cylinders,Stainless Steel,SS304,150 mm,5028,units,Mumbai,7,Industrial plant,Urgent,0.38,1998154.02,High
R02302,B0579,"Looking for 3587 units of Mild Steel steel brackets (MS), size 3 mm, for our oem project plant in Nagpur. Need delivery in 29 days.",Steel Brackets,Mild Steel,MS,3 mm,3587,units,Nagpur,29,OEM project,Flexible,0.31,254177.15,Low
R02303,B1433,"Looking for 1578 units of Steel hydraulic cylinders (MS), size 50 mm, for our general manufacturing plant in Mumbai. Need delivery in 12 days.",Hydraulic Cylinders,Steel,MS,50 mm,1578,units,Mumbai,12,General manufacturing,Normal,0.93,139411.16,Medium
R02304,B0832,"Please quote for 9062 conveyor belts, Rubber, Grade A, 500 mm. Location: Mumbai. Required by 22 days.",Conveyor Belts,Rubber,Grade A,500 mm,9062,units,Mumbai,22,Industrial plant,Normal,0.86,504776.86,High
R02305,B0677,"Need 9559 sheet metal parts for general manufacturing, Stainless Steel SS304, 5 mm. Delivery required in Chennai within 5 days. Please share quotation.",Sheet Metal Parts,Stainless Steel,SS304,5 mm,9559,units,Chennai,5,General manufacturing,Urgent,0.79,3483679.6,High
R02306,B1057,"Looking for 7452 units of Carbon Steel ball valves (SS316), size 3 inch, for our oem project plant in Nashik. Need delivery in 18 days.",Ball Valves,Carbon Steel,SS316,3 inch,7452,units,Nashik,18,OEM project,Normal,0.01,2463986.46,Medium
R02307,B1190,"Need 6626 gearboxes for construction, Steel Helical, 2 HP. Delivery required in Nashik within 22 days. Please share quotation.",Gearboxes,Steel,Helical,2 HP,6626,units,Nashik,22,Construction,Normal,0.45,2394670.79,Medium
R02308,B1020,"Please quote for 442 electric motors, Cast Iron, IE3, 10 HP. Location: Kolkata. Required by 45 days.",Electric Motors,Cast Iron,IE3,10 HP,442,units,Kolkata,45,Automotive,Flexible,0.26,23160.57,Low
R02309,B1245,"Need 2578 electric motors for oem project, Cast Iron IE2, 5 HP. Delivery required in Chennai within 19 days. Please share quotation.",Electric Motors,Cast Iron,IE2,5 HP,2578,units,Chennai,19,OEM project,Normal,0.41,337481.62,Low
R02310,B1004,"Please quote for 8846 gearboxes, Cast Iron, Worm, 5 HP. Location: Hyderabad. Required by 32 days.",Gearboxes,Cast Iron,Worm,5 HP,8846,units,Hyderabad,32,Automotive,Flexible,0.44,2410707.06,Medium
R02311,B0482,"Please quote for 4742 conveyor belts, PU, Food Grade, 800 mm. Location: Nagpur. Required by 29 days.",Conveyor Belts,PU,Food Grade,800 mm,4742,units,Nagpur,29,General manufacturing,Flexible,0.99,380332.37,Medium
R02312,B1297,"Looking for 8138 units of Stainless Steel ball valves (SS316), size 2 inch, for our automotive plant in Bengaluru. Need delivery in 21 days.",Ball Valves,Stainless Steel,SS316,2 inch,8138,units,Bengaluru,21,Automotive,Normal,0.34,3160723.55,Medium
R02313,B0765,"Looking for 7561 units of Stainless Steel sheet metal parts (MS), size 10 mm, for our general manufacturing plant in Nagpur. Need delivery in 6 days.",Sheet Metal Parts,Stainless Steel,MS,10 mm,7561,units,Nagpur,6,General manufacturing,Urgent,0.97,2440978.69,High
R02314,B1308,"Need 3228 industrial pumps for automotive, Stainless Steel SS304, 10 HP. Delivery required in Mumbai within 19 days. Please share quotation.",Industrial Pumps,Stainless Steel,SS304,10 HP,3228,units,Mumbai,19,Automotive,Normal,0.57,336346.91,Low
R02315,B0215,"Looking for 2103 units of Stainless Steel hydraulic cylinders (SS304), size 150 mm, for our construction plant in Ahmedabad. Need delivery in 6 days.",Hydraulic Cylinders,Stainless Steel,SS304,150 mm,2103,units,Ahmedabad,6,Construction,Urgent,0.47,206177.7,Medium
R02316,B1035,"Please quote for 10670 hydraulic cylinders, Stainless Steel, SS304, 50 mm. Location: Hyderabad. Required by 22 days.",Hydraulic Cylinders,Stainless Steel,SS304,50 mm,10670,units,Hyderabad,22,Industrial plant,Normal,0.14,1789850.29,Medium
R02317,B0771,"Looking for 860 units of Stainless Steel steel brackets (SS304), size 3 mm, for our automotive plant in Ahmedabad. Need delivery in 7 days.",Steel Brackets,Stainless Steel,SS304,3 mm,860,units,Ahmedabad,7,Automotive,Urgent,0.16,206101.16,Medium
R02318,B0069,"Need 8433 industrial pumps for automotive, Stainless Steel CI, 10 HP. Delivery required in Chennai within 29 days. Please share quotation.",Industrial Pumps,Stainless Steel,CI,10 HP,8433,units,Chennai,29,Automotive,Flexible,0.57,857766.89,Medium
R02319,B0813,"Please quote for 11827 steel brackets, Stainless Steel, MS, 5 mm. Location: Nagpur. Required by 15 days.",Steel Brackets,Stainless Steel,MS,5 mm,11827,units,Nagpur,15,Industrial plant,Normal,0.39,2208570.46,High
R02320,B0212,"Please quote for 4172 ball valves, Carbon Steel, CS, 3 inch. Location: Ahmedabad. Required by 45 days.",Ball Valves,Carbon Steel,CS,3 inch,4172,units,Ahmedabad,45,Construction,Flexible,0.03,612890.99,Medium
R02321,B0502,"Need 9354 industrial pumps for general manufacturing, Stainless Steel SS304, 20 HP. Delivery required in Hyderabad within 34 days. Please share quotation.",Industrial Pumps,Stainless Steel,SS304,20 HP,9354,units,Hyderabad,34,General manufacturing,Flexible,0.1,2036578.64,Medium
R02322,B1072,"Looking for 2061 units of Steel hydraulic cylinders (SS304), size 100 mm, for our general manufacturing plant in Nagpur. Need delivery in 27 days.",Hydraulic Cylinders,Steel,SS304,100 mm,2061,units,Nagpur,27,General manufacturing,Flexible,0.35,68388.26,Low
R02323,B1403,"Need 4451 ball valves for automotive, Carbon Steel CS, 1 inch. Delivery required in Nashik within 14 days. Please share quotation.",Ball Valves,Carbon Steel,CS,1 inch,4451,units,Nashik,14,Automotive,Normal,0.93,257096.25,Medium
R02324,B0395,"Please quote for 9217 sheet metal parts, Mild Steel, MS, 2 mm. Location: Chennai. Required by 19 days.",Sheet Metal Parts,Mild Steel,MS,2 mm,9217,units,Chennai,19,OEM project,Normal,0.4,2425892.14,Medium
R02325,B1057,"Need 1364 electric motors for general manufacturing, Aluminium IE3, 5 HP. Delivery required in Chennai within 28 days. Please share quotation.",Electric Motors,Aluminium,IE3,5 HP,1364,units,Chennai,28,General manufacturing,Flexible,0.12,620167.48,Medium
R02326,B0303,"Need 5755 ball valves for industrial plant, Stainless Steel SS304, 3 inch. Delivery required in Nashik within 40 days. Please share quotation.",Ball Valves,Stainless Steel,SS304,3 inch,5755,units,Nashik,40,Industrial plant,Flexible,0.47,2780960.5,Medium
R02327,B1125,"Looking for 8609 units of Steel hydraulic cylinders (SS304), size 100 mm, for our industrial plant plant in Pune. Need delivery in 28 days.",Hydraulic Cylinders,Steel,SS304,100 mm,8609,units,Pune,28,Industrial plant,Flexible,0.41,2690663.16,Medium
R02328,B1205,"Please quote for 1737 electric motors, Aluminium, IE2, 10 HP. Location: Hyderabad. Required by 26 days.",Electric Motors,Aluminium,IE2,10 HP,1737,units,Hyderabad,26,Construction,Flexible,0.47,198480.19,Low
R02329,B0150,"Need 6260 steel brackets for oem project, Stainless Steel MS, 8 mm. Delivery required in Mumbai within 27 days. Please share quotation.",Steel Brackets,Stainless Steel,MS,8 mm,6260,units,Mumbai,27,OEM project,Flexible,0.15,2136590.65,Medium
R02330,B0849,"Looking for 1372 units of Steel gearboxes (Worm), size 5 HP, for our construction plant in Nagpur. Need delivery in 5 days.",Gearboxes,Steel,Worm,5 HP,1372,units,Nagpur,5,Construction,Urgent,0.92,434393.86,Medium
R02331,B1368,"Looking for 5285 units of Cast Iron industrial pumps (SS304), size 5 HP, for our industrial plant plant in Hyderabad. Need delivery in 13 days.",Industrial Pumps,Cast Iron,SS304,5 HP,5285,units,Hyderabad,13,Industrial plant,Normal,0.77,801367.17,High
R02332,B0482,"Need 5873 gearboxes for oem project, Cast Iron Worm, 10 HP. Delivery required in Mumbai within 8 days. Please share quotation.",Gearboxes,Cast Iron,Worm,10 HP,5873,units,Mumbai,8,OEM project,Urgent,0.86,1225113.52,High
R02333,B0366,"Please quote for 1280 gearboxes, Steel, Helical, 2 HP. Location: Chennai. Required by 35 days.",Gearboxes,Steel,Helical,2 HP,1280,units,Chennai,35,Construction,Flexible,0.08,444356.59,Low
R02334,B0980,"Looking for 9963 units of Aluminium electric motors (IE2), size 5 HP, for our industrial plant plant in Nashik. Need delivery in 25 days.",Electric Motors,Aluminium,IE2,5 HP,9963,units,Nashik,25,Industrial plant,Normal,0.09,3980305.43,Medium
R02335,B0887,"Need 2639 gearboxes for oem project, Steel Worm, 2 HP. Delivery required in Ahmedabad within 26 days. Please share quotation.",Gearboxes,Steel,Worm,2 HP,2639,units,Ahmedabad,26,OEM project,Flexible,0.5,351159.69,Low
R02336,B1300,"Please quote for 8437 conveyor belts, Rubber, Food Grade, 500 mm. Location: Delhi. Required by 15 days.",Conveyor Belts,Rubber,Food Grade,500 mm,8437,units,Delhi,15,General manufacturing,Normal,0.18,1592970.74,High
R02337,B0105,"Need 10578 gearboxes for oem project, Steel Worm, 5 HP. Delivery required in Kolkata within 4 days. Please share quotation.",Gearboxes,Steel,Worm,5 HP,10578,units,Kolkata,4,OEM project,Urgent,0.05,1917079.79,High
R02338,B0481,"Need 10111 steel brackets for automotive, Mild Steel MS, 3 mm. Delivery required in Delhi within 29 days. Please share quotation.",Steel Brackets,Mild Steel,MS,3 mm,10111,units,Delhi,29,Automotive,Flexible,0.45,2921583.01,Medium
R02339,B0360,"Please quote for 1846 ball valves, Carbon Steel, SS304, 3 inch. Location: Delhi. Required by 33 days.",Ball Valves,Carbon Steel,SS304,3 inch,1846,units,Delhi,33,Construction,Flexible,0.14,238653.39,Low
R02340,B1498,"Please quote for 2605 gearboxes, Steel, Worm, 5 HP. Location: Chennai. Required by 29 days.",Gearboxes,Steel,Worm,5 HP,2605,units,Chennai,29,Industrial plant,Flexible,0.87,1227336.57,Medium
R02341,B0215,"Please quote for 11145 conveyor belts, Rubber, Food Grade, 500 mm. Location: Chennai. Required by 14 days.",Conveyor Belts,Rubber,Food Grade,500 mm,11145,units,Chennai,14,OEM project,Normal,0.91,3495347.7,High
R02342,B0807,"Please quote for 8313 gearboxes, Cast Iron, Helical, 10 HP. Location: Pune. Required by 41 days.",Gearboxes,Cast Iron,Helical,10 HP,8313,units,Pune,41,OEM project,Flexible,0.18,995654.74,Medium
R02343,B1413,"Please quote for 2101 steel brackets, Mild Steel, MS, 5 mm. Location: Nashik. Required by 33 days.",Steel Brackets,Mild Steel,MS,5 mm,2101,units,Nashik,33,Construction,Flexible,0.71,846040.47,Medium
R02344,B1185,"Need 1689 sheet metal parts for industrial plant, Mild Steel MS, 2 mm. Delivery required in Bengaluru within 25 days. Please share quotation.",Sheet Metal Parts,Mild Steel,MS,2 mm,1689,units,Bengaluru,25,Industrial plant,Normal,0.78,535209.81,Medium
R02345,B0009,"Please quote for 1602 steel brackets, Mild Steel, MS, 5 mm. Location: Mumbai. Required by 45 days.",Steel Brackets,Mild Steel,MS,5 mm,1602,units,Mumbai,45,General manufacturing,Flexible,0.4,84710.87,Low
R02346,B0951,"Looking for 3285 units of Cast Iron electric motors (IE2), size 5 HP, for our general manufacturing plant in Nagpur. Need delivery in 30 days.",Electric Motors,Cast Iron,IE2,5 HP,3285,units,Nagpur,30,General manufacturing,Flexible,0.84,603430.16,Medium
R02347,B0396,"Please quote for 1096 gearboxes, Steel, Worm, 5 HP. Location: Mumbai. Required by 35 days.",Gearboxes,Steel,Worm,5 HP,1096,units,Mumbai,35,Automotive,Flexible,0.57,260483.86,Low
R02348,B0130,"Looking for 5999 units of Carbon Steel ball valves (SS316), size 2 inch, for our industrial plant plant in Pune. Need delivery in 29 days.",Ball Valves,Carbon Steel,SS316,2 inch,5999,units,Pune,29,Industrial plant,Flexible,0.46,1099649.21,Medium
R02349,B0377,"Need 10156 gearboxes for oem project, Steel Worm, 10 HP. Delivery required in Nagpur within 7 days. Please share quotation.",Gearboxes,Steel,Worm,10 HP,10156,units,Nagpur,7,OEM project,Urgent,0.2,2182189.89,High
R02350,B0318,"Looking for 1726 units of Cast Iron electric motors (IE3), size 25 HP, for our general manufacturing plant in Ahmedabad. Need delivery in 18 days.",Electric Motors,Cast Iron,IE3,25 HP,1726,units,Ahmedabad,18,General manufacturing,Normal,0.61,597777.71,Medium
R02351,B0203,"Need 1980 gearboxes for general manufacturing, Cast Iron Worm, 2 HP. Delivery required in Chennai within 32 days. Please share quotation.",Gearboxes,Cast Iron,Worm,2 HP,1980,units,Chennai,32,General manufacturing,Flexible,0.68,211723.51,Low
R02352,B0670,"Need 8428 steel brackets for oem project, Stainless Steel MS, 3 mm. Delivery required in Mumbai within 45 days. Please share quotation.",Steel Brackets,Stainless Steel,MS,3 mm,8428,units,Mumbai,45,OEM project,Flexible,0.03,589111.78,Medium
R02353,B0644,"Need 9187 steel brackets for oem project, Mild Steel SS304, 8 mm. Delivery required in Bengaluru within 3 days. Please share quotation.",Steel Brackets,Mild Steel,SS304,8 mm,9187,units,Bengaluru,3,OEM project,Urgent,0.74,291319.21,High
R02354,B1380,"Please quote for 10672 hydraulic cylinders, Steel, MS, 100 mm. Location: Hyderabad. Required by 15 days.",Hydraulic Cylinders,Steel,MS,100 mm,10672,units,Hyderabad,15,Construction,Normal,0.97,612224.75,High
R02355,B1309,"Please quote for 4299 gearboxes, Cast Iron, Helical, 5 HP. Location: Chennai. Required by 43 days.",Gearboxes,Cast Iron,Helical,5 HP,4299,units,Chennai,43,Automotive,Flexible,0.51,521747.93,Medium
R02356,B1105,"Need 7962 steel brackets for oem project, Mild Steel MS, 3 mm. Delivery required in Hyderabad within 37 days. Please share quotation.",Steel Brackets,Mild Steel,MS,3 mm,7962,units,Hyderabad,37,OEM project,Flexible,0.57,1680529.05,Medium
R02357,B0205,"Please quote for 8412 electric motors, Cast Iron, IE2, 5 HP. Location: Ahmedabad. Required by 25 days.",Electric Motors,Cast Iron,IE2,5 HP,8412,units,Ahmedabad,25,General manufacturing,Normal,0.66,2940934.51,High
R02358,B0694,"Need 6068 ball valves for oem project, Carbon Steel CS, 1 inch. Delivery required in Ahmedabad within 41 days. Please share quotation.",Ball Valves,Carbon Steel,CS,1 inch,6068,units,Ahmedabad,41,OEM project,Flexible,0.2,2246570.54,Medium
R02359,B0464,"Looking for 7654 units of Cast Iron gearboxes (Helical), size 5 HP, for our automotive plant in Ahmedabad. Need delivery in 27 days.",Gearboxes,Cast Iron,Helical,5 HP,7654,units,Ahmedabad,27,Automotive,Flexible,0.68,1154974.98,High
R02360,B0491,"Need 1301 sheet metal parts for construction, Mild Steel SS304, 5 mm. Delivery required in Nashik within 34 days. Please share quotation.",Sheet Metal Parts,Mild Steel,SS304,5 mm,1301,units,Nashik,34,Construction,Flexible,0.17,559591.6,Low
R02361,B0108,"Looking for 11283 units of Stainless Steel sheet metal parts (MS), size 10 mm, for our general manufacturing plant in Hyderabad. Need delivery in 42 days.",Sheet Metal Parts,Stainless Steel,MS,10 mm,11283,units,Hyderabad,42,General manufacturing,Flexible,0.09,988262.23,Medium
R02362,B1413,"Please quote for 10110 gearboxes, Cast Iron, Helical, 2 HP. Location: Mumbai. Required by 44 days.",Gearboxes,Cast Iron,Helical,2 HP,10110,units,Mumbai,44,General manufacturing,Flexible,0.39,2396950.64,Medium
R02363,B0003,"Looking for 1937 units of Cast Iron electric motors (IE3), size 5 HP, for our construction plant in Nagpur. Need delivery in 12 days.",Electric Motors,Cast Iron,IE3,5 HP,1937,units,Nagpur,12,Construction,Normal,0.39,350092.92,Low
R02364,B0977,"Looking for 11587 units of Carbon Steel ball valves (SS304), size 2 inch, for our construction plant in Delhi. Need delivery in 37 days.",Ball Valves,Carbon Steel,SS304,2 inch,11587,units,Delhi,37,Construction,Flexible,0.28,4933634.38,Medium
R02365,B0403,"Looking for 4841 units of Stainless Steel sheet metal parts (MS), size 10 mm, for our industrial plant plant in Mumbai. Need delivery in 19 days.",Sheet Metal Parts,Stainless Steel,MS,10 mm,4841,units,Mumbai,19,Industrial plant,Normal,0.68,916228.83,Medium
R02366,B1266,"Please quote for 10609 industrial pumps, Stainless Steel, CI, 10 HP. Location: Bengaluru. Required by 13 days.",Industrial Pumps,Stainless Steel,CI,10 HP,10609,units,Bengaluru,13,OEM project,Normal,0.99,1282196.12,High
R02367,B0955,"Looking for 5900 units of Mild Steel sheet metal parts (SS304), size 2 mm, for our construction plant in Kolkata. Need delivery in 45 days.",Sheet Metal Parts,Mild Steel,SS304,2 mm,5900,units,Kolkata,45,Construction,Flexible,0.25,2615942.81,Medium
R02368,B0199,"Need 5493 hydraulic cylinders for general manufacturing, Stainless Steel MS, 50 mm. Delivery required in Ahmedabad within 17 days. Please share quotation.",Hydraulic Cylinders,Stainless Steel,MS,50 mm,5493,units,Ahmedabad,17,General manufacturing,Normal,0.46,1435008.83,Medium
R02369,B0098,"Looking for 10455 units of Carbon Steel ball valves (SS316), size 1 inch, for our construction plant in Bengaluru. Need delivery in 41 days.",Ball Valves,Carbon Steel,SS316,1 inch,10455,units,Bengaluru,41,Construction,Flexible,0.67,2062405.28,Medium
R02370,B1423,"Please quote for 6786 hydraulic cylinders, Steel, SS304, 150 mm. Location: Delhi. Required by 6 days.",Hydraulic Cylinders,Steel,SS304,150 mm,6786,units,Delhi,6,OEM project,Urgent,0.28,1222105.39,High
R02371,B0068,"Please quote for 1415 sheet metal parts, Mild Steel, SS304, 2 mm. Location: Ahmedabad. Required by 39 days.",Sheet Metal Parts,Mild Steel,SS304,2 mm,1415,units,Ahmedabad,39,Automotive,Flexible,0.4,238866.84,Low
R02372,B1372,"Please quote for 9035 gearboxes, Cast Iron, Worm, 2 HP. Location: Bengaluru. Required by 34 days.",Gearboxes,Cast Iron,Worm,2 HP,9035,units,Bengaluru,34,Construction,Flexible,0.48,869749.59,Medium
R02373,B1350,"Looking for 4140 units of Mild Steel sheet metal parts (MS), size 5 mm, for our general manufacturing plant in Chennai. Need delivery in 30 days.",Sheet Metal Parts,Mild Steel,MS,5 mm,4140,units,Chennai,30,General manufacturing,Flexible,0.57,1999903.31,Medium
R02374,B0202,"Please quote for 10583 sheet metal parts, Stainless Steel, MS, 10 mm. Location: Pune. Required by 40 days.",Sheet Metal Parts,Stainless Steel,MS,10 mm,10583,units,Pune,40,Automotive,Flexible,0.85,5119838.12,Medium
R02375,B0103,"Please quote for 4615 industrial pumps, Cast Iron, SS304, 5 HP. Location: Hyderabad. Required by 9 days.",Industrial Pumps,Cast Iron,SS304,5 HP,4615,units,Hyderabad,9,Construction,Urgent,0.15,230848.24,Medium
R02376,B0132,"Please quote for 2371 steel brackets, Stainless Steel, SS304, 8 mm. Location: Bengaluru. Required by 8 days.",Steel Brackets,Stainless Steel,SS304,8 mm,2371,units,Bengaluru,8,Industrial plant,Urgent,0.09,452458.49,Medium
R02377,B1422,"Please quote for 10127 sheet metal parts, Stainless Steel, SS304, 2 mm. Location: Nagpur. Required by 6 days.",Sheet Metal Parts,Stainless Steel,SS304,2 mm,10127,units,Nagpur,6,Construction,Urgent,0.03,2652552.22,High
R02378,B0504,"Please quote for 4819 sheet metal parts, Stainless Steel, SS304, 10 mm. Location: Bengaluru. Required by 27 days.",Sheet Metal Parts,Stainless Steel,SS304,10 mm,4819,units,Bengaluru,27,OEM project,Flexible,0.56,548780.58,Medium
R02379,B0427,"Need 9370 electric motors for construction, Cast Iron IE3, 5 HP. Delivery required in Pune within 16 days. Please share quotation.",Electric Motors,Cast Iron,IE3,5 HP,9370,units,Pune,16,Construction,Normal,0.12,1512340.63,Medium
R02380,B0596,"Need 10857 industrial pumps for automotive, Cast Iron CI, 10 HP. Delivery required in Ahmedabad within 40 days. Please share quotation.",Industrial Pumps,Cast Iron,CI,10 HP,10857,units,Ahmedabad,40,Automotive,Flexible,0.97,4774086.89,Medium
R02381,B1121,"Please quote for 11788 sheet metal parts, Mild Steel, MS, 5 mm. Location: Delhi. Required by 43 days.",Sheet Metal Parts,Mild Steel,MS,5 mm,11788,units,Delhi,43,Automotive,Flexible,0.82,2803946.62,Medium
R02382,B0945,"Please quote for 11006 ball valves, Stainless Steel, SS304, 2 inch. Location: Pune. Required by 30 days.",Ball Valves,Stainless Steel,SS304,2 inch,11006,units,Pune,30,Industrial plant,Flexible,0.67,5125880.39,High
R02383,B1393,"Looking for 8933 units of Stainless Steel ball valves (CS), size 1 inch, for our industrial plant plant in Pune. Need delivery in 12 days.",Ball Valves,Stainless Steel,CS,1 inch,8933,units,Pune,12,Industrial plant,Normal,0.91,4454602.13,High
R02384,B1396,"Need 5204 steel brackets for general manufacturing, Mild Steel MS, 8 mm. Delivery required in Delhi within 25 days. Please share quotation.",Steel Brackets,Mild Steel,MS,8 mm,5204,units,Delhi,25,General manufacturing,Normal,0.35,1617130.29,Medium
R02385,B0538,"Please quote for 9716 sheet metal parts, Mild Steel, SS304, 2 mm. Location: Nagpur. Required by 28 days.",Sheet Metal Parts,Mild Steel,SS304,2 mm,9716,units,Nagpur,28,Industrial plant,Flexible,0.14,2536415.92,Medium
R02386,B0392,"Please quote for 5672 conveyor belts, Rubber, Food Grade, 1000 mm. Location: Nagpur. Required by 7 days.",Conveyor Belts,Rubber,Food Grade,1000 mm,5672,units,Nagpur,7,Construction,Urgent,0.67,177608.97,High
R02387,B0051,"Looking for 3977 units of Mild Steel sheet metal parts (SS304), size 10 mm, for our industrial plant plant in Nagpur. Need delivery in 24 days.",Sheet Metal Parts,Mild Steel,SS304,10 mm,3977,units,Nagpur,24,Industrial plant,Normal,0.85,1667433.02,Medium
R02388,B1107,"Please quote for 8534 sheet metal parts, Mild Steel, MS, 2 mm. Location: Nashik. Required by 31 days.",Sheet Metal Parts,Mild Steel,MS,2 mm,8534,units,Nashik,31,General manufacturing,Flexible,0.05,3288051.13,Medium
R02389,B0374,"Need 8558 steel brackets for industrial plant, Mild Steel MS, 5 mm. Delivery required in Nagpur within 39 days. Please share quotation.",Steel Brackets,Mild Steel,MS,5 mm,8558,units,Nagpur,39,Industrial plant,Flexible,0.07,3147511.1,Medium
R02390,B0215,"Please quote for 4980 ball valves, Carbon Steel, CS, 2 inch. Location: Ahmedabad. Required by 38 days.",Ball Valves,Carbon Steel,CS,2 inch,4980,units,Ahmedabad,38,Construction,Flexible,0.82,235716.2,Low
R02391,B0515,"Please quote for 2226 sheet metal parts, Mild Steel, MS, 10 mm. Location: Nashik. Required by 9 days.",Sheet Metal Parts,Mild Steel,MS,10 mm,2226,units,Nashik,9,General manufacturing,Urgent,0.9,412500.32,Medium
R02392,B0139,"Need 2902 conveyor belts for automotive, Rubber Grade A, 500 mm. Delivery required in Pune within 20 days. Please share quotation.",Conveyor Belts,Rubber,Grade A,500 mm,2902,units,Pune,20,Automotive,Normal,0.99,765941.24,Medium
R02393,B1244,"Looking for 5373 units of Mild Steel sheet metal parts (SS304), size 5 mm, for our industrial plant plant in Bengaluru. Need delivery in 10 days.",Sheet Metal Parts,Mild Steel,SS304,5 mm,5373,units,Bengaluru,10,Industrial plant,Urgent,0.77,1381171.8,High
R02394,B0242,"Need 2614 conveyor belts for general manufacturing, Rubber Grade A, 500 mm. Delivery required in Bengaluru within 9 days. Please share quotation.",Conveyor Belts,Rubber,Grade A,500 mm,2614,units,Bengaluru,9,General manufacturing,Urgent,0.49,819111.34,High
R02395,B0753,"Looking for 3527 units of Cast Iron gearboxes (Helical), size 2 HP, for our oem project plant in Ahmedabad. Need delivery in 26 days.",Gearboxes,Cast Iron,Helical,2 HP,3527,units,Ahmedabad,26,OEM project,Flexible,0.94,1124514.55,Medium
R02396,B0154,"Looking for 2823 units of Cast Iron gearboxes (Helical), size 10 HP, for our oem project plant in Nagpur. Need delivery in 23 days.",Gearboxes,Cast Iron,Helical,10 HP,2823,units,Nagpur,23,OEM project,Normal,0.5,1241861.77,Medium
R02397,B0878,"Looking for 7423 units of PU conveyor belts (Food Grade), size 500 mm, for our construction plant in Kolkata. Need delivery in 14 days.",Conveyor Belts,PU,Food Grade,500 mm,7423,units,Kolkata,14,Construction,Normal,1.0,1409397.92,High
R02398,B0108,"Looking for 5316 units of Steel gearboxes (Worm), size 10 HP, for our automotive plant in Chennai. Need delivery in 34 days.",Gearboxes,Steel,Worm,10 HP,5316,units,Chennai,34,Automotive,Flexible,0.46,2507610.14,Medium
R02399,B1031,"Looking for 1649 units of Steel gearboxes (Worm), size 2 HP, for our automotive plant in Bengaluru. Need delivery in 40 days.",Gearboxes,Steel,Worm,2 HP,1649,units,Bengaluru,40,Automotive,Flexible,0.0,295271.77,Low
R02400,B1411,"Looking for 10020 units of Mild Steel steel brackets (MS), size 5 mm, for our construction plant in Chennai. Need delivery in 42 days.",Steel Brackets,Mild Steel,MS,5 mm,10020,units,Chennai,42,Construction,Flexible,0.41,3935797.26,Medium
R02401,B0677,"Need 11556 industrial pumps for construction, Cast Iron SS304, 20 HP. Delivery required in Nashik within 35 days. Please share quotation.",Industrial Pumps,Cast Iron,SS304,20 HP,11556,units,Nashik,35,Construction,Flexible,0.86,4463531.07,Medium
R02402,B1377,"Please quote for 5502 steel brackets, Stainless Steel, SS304, 3 mm. Location: Nashik. Required by 10 days.",Steel Brackets,Stainless Steel,SS304,3 mm,5502,units,Nashik,10,Industrial plant,Urgent,0.28,571041.25,High
R02403,B0646,"Please quote for 4009 gearboxes, Cast Iron, Worm, 5 HP. Location: Bengaluru. Required by 9 days.",Gearboxes,Cast Iron,Worm,5 HP,4009,units,Bengaluru,9,Construction,Urgent,0.1,1292588.62,High
R02404,B1354,"Looking for 9822 units of Stainless Steel hydraulic cylinders (SS304), size 150 mm, for our construction plant in Delhi. Need delivery in 37 days.",Hydraulic Cylinders,Stainless Steel,SS304,150 mm,9822,units,Delhi,37,Construction,Flexible,0.57,1759300.79,Medium
R02405,B1392,"Looking for 3671 units of Carbon Steel ball valves (CS), size 2 inch, for our oem project plant in Bengaluru. Need delivery in 44 days.",Ball Valves,Carbon Steel,CS,2 inch,3671,units,Bengaluru,44,OEM project,Flexible,0.08,907731.49,Medium
R02406,B0589,"Please quote for 1491 industrial pumps, Stainless Steel, SS304, 20 HP. Location: Chennai. Required by 45 days.",Industrial Pumps,Stainless Steel,SS304,20 HP,1491,units,Chennai,45,Construction,Flexible,0.42,117491.04,Low
R02407,B1240,"Looking for 8912 units of PU conveyor belts (Grade A), size 1000 mm, for our automotive plant in Nagpur. Need delivery in 9 days.",Conveyor Belts,PU,Grade A,1000 mm,8912,units,Nagpur,9,Automotive,Urgent,0.64,3392345.47,High
R02408,B0596,"Looking for 1029 units of Carbon Steel ball valves (CS), size 2 inch, for our oem project plant in Pune. Need delivery in 26 days.",Ball Valves,Carbon Steel,CS,2 inch,1029,units,Pune,26,OEM project,Flexible,0.6,470580.38,Low
R02409,B0383,"Please quote for 11752 electric motors, Aluminium, IE2, 5 HP. Location: Ahmedabad. Required by 13 days.",Electric Motors,Aluminium,IE2,5 HP,11752,units,Ahmedabad,13,Automotive,Normal,0.63,5178863.45,High
R02410,B0686,"Need 610 gearboxes for general manufacturing, Steel Worm, 10 HP. Delivery required in Chennai within 38 days. Please share quotation.",Gearboxes,Steel,Worm,10 HP,610,units,Chennai,38,General manufacturing,Flexible,0.61,103211.69,Low
R02411,B0824,"Need 7652 conveyor belts for oem project, PU Food Grade, 800 mm. Delivery required in Pune within 31 days. Please share quotation.",Conveyor Belts,PU,Food Grade,800 mm,7652,units,Pune,31,OEM project,Flexible,0.91,3303026.68,Medium
R02412,B0642,"Looking for 6000 units of Steel gearboxes (Helical), size 2 HP, for our oem project plant in Mumbai. Need delivery in 13 days.",Gearboxes,Steel,Helical,2 HP,6000,units,Mumbai,13,OEM project,Normal,0.59,2561757.62,High
R02413,B0227,"Looking for 1029 units of Steel hydraulic cylinders (SS304), size 100 mm, for our oem project plant in Hyderabad. Need delivery in 40 days.",Hydraulic Cylinders,Steel,SS304,100 mm,1029,units,Hyderabad,40,OEM project,Flexible,0.39,434882.36,Low
R02414,B0158,"Please quote for 8600 electric motors, Aluminium, IE3, 5 HP. Location: Nashik. Required by 34 days.",Electric Motors,Aluminium,IE3,5 HP,8600,units,Nashik,34,General manufacturing,Flexible,0.14,1633800.1,Medium
R02415,B1301,"Please quote for 1816 electric motors, Cast Iron, IE3, 25 HP. Location: Bengaluru. Required by 33 days.",Electric Motors,Cast Iron,IE3,25 HP,1816,units,Bengaluru,33,Industrial plant,Flexible,0.42,526613.13,Low
R02416,B1020,"Need 8407 conveyor belts for automotive, PU Food Grade, 1000 mm. Delivery required in Ahmedabad within 40 days. Please share quotation.",Conveyor Belts,PU,Food Grade,1000 mm,8407,units,Ahmedabad,40,Automotive,Flexible,0.11,3020067.37,Medium
R02417,B0545,"Need 3796 ball valves for oem project, Stainless Steel SS304, 3 inch. Delivery required in Delhi within 33 days. Please share quotation.",Ball Valves,Stainless Steel,SS304,3 inch,3796,units,Delhi,33,OEM project,Flexible,0.17,444047.13,Low
R02418,B1045,"Looking for 7643 units of Carbon Steel ball valves (SS304), size 3 inch, for our general manufacturing plant in Mumbai. Need delivery in 12 days.",Ball Valves,Carbon Steel,SS304,3 inch,7643,units,Mumbai,12,General manufacturing,Normal,0.76,1054191.06,High
R02419,B0602,"Please quote for 2840 industrial pumps, Stainless Steel, SS304, 20 HP. Location: Nashik. Required by 6 days.",Industrial Pumps,Stainless Steel,SS304,20 HP,2840,units,Nashik,6,OEM project,Urgent,0.81,441120.76,High
R02420,B0071,"Looking for 8061 units of PU conveyor belts (Grade A), size 1000 mm, for our automotive plant in Kolkata. Need delivery in 38 days.",Conveyor Belts,PU,Grade A,1000 mm,8061,units,Kolkata,38,Automotive,Flexible,0.97,592293.59,Medium
R02421,B0255,"Please quote for 10374 hydraulic cylinders, Steel, MS, 150 mm. Location: Nashik. Required by 35 days.",Hydraulic Cylinders,Steel,MS,150 mm,10374,units,Nashik,35,Construction,Flexible,0.8,425146.8,Medium
R02422,B1368,"Looking for 8084 units of Rubber conveyor belts (Grade A), size 800 mm, for our construction plant in Ahmedabad. Need delivery in 16 days.",Conveyor Belts,Rubber,Grade A,800 mm,8084,units,Ahmedabad,16,Construction,Normal,0.57,3419703.21,Medium
R02423,B0168,"Please quote for 3673 hydraulic cylinders, Steel, SS304, 50 mm. Location: Delhi. Required by 25 days.",Hydraulic Cylinders,Steel,SS304,50 mm,3673,units,Delhi,25,OEM project,Normal,0.88,359519.21,Medium
R02424,B0855,"Need 6049 steel brackets for industrial plant, Mild Steel MS, 8 mm. Delivery required in Ahmedabad within 28 days. Please share quotation.",Steel Brackets,Mild Steel,MS,8 mm,6049,units,Ahmedabad,28,Industrial plant,Flexible,0.04,1961443.22,Medium
R02425,B0437,"Looking for 181 units of Stainless Steel steel brackets (SS304), size 5 mm, for our general manufacturing plant in Chennai. Need delivery in 45 days.",Steel Brackets,Stainless Steel,SS304,5 mm,181,units,Chennai,45,General manufacturing,Flexible,0.15,61640.07,Low
R02426,B1411,"Please quote for 5470 steel brackets, Stainless Steel, SS304, 8 mm. Location: Pune. Required by 43 days.",Steel Brackets,Stainless Steel,SS304,8 mm,5470,units,Pune,43,Automotive,Flexible,0.33,1099188.92,Medium
R02427,B0900,"Need 9612 steel brackets for construction, Stainless Steel MS, 8 mm. Delivery required in Nagpur within 19 days. Please share quotation.",Steel Brackets,Stainless Steel,MS,8 mm,9612,units,Nagpur,19,Construction,Normal,0.35,3584675.14,Medium
R02428,B0527,"Please quote for 8039 sheet metal parts, Mild Steel, MS, 5 mm. Location: Ahmedabad. Required by 22 days.",Sheet Metal Parts,Mild Steel,MS,5 mm,8039,units,Ahmedabad,22,Industrial plant,Normal,0.0,1051884.09,Medium
R02429,B0599,"Please quote for 4664 electric motors, Cast Iron, IE3, 5 HP. Location: Ahmedabad. Required by 19 days.",Electric Motors,Cast Iron,IE3,5 HP,4664,units,Ahmedabad,19,Construction,Normal,0.32,1250276.15,Medium
R02430,B0975,"Please quote for 6228 hydraulic cylinders, Steel, SS304, 100 mm. Location: Bengaluru. Required by 4 days.",Hydraulic Cylinders,Steel,SS304,100 mm,6228,units,Bengaluru,4,OEM project,Urgent,0.29,3057803.12,High
R02431,B0999,"Looking for 3686 units of Stainless Steel ball valves (CS), size 1 inch, for our oem project plant in Hyderabad. Need delivery in 41 days.",Ball Valves,Stainless Steel,CS,1 inch,3686,units,Hyderabad,41,OEM project,Flexible,0.48,1162263.51,Medium
R02432,B0004,"Please quote for 4138 steel brackets, Mild Steel, SS304, 5 mm. Location: Nashik. Required by 13 days.",Steel Brackets,Mild Steel,SS304,5 mm,4138,units,Nashik,13,Construction,Normal,0.2,2045830.74,Medium
R02433,B0911,"Looking for 4738 units of PU conveyor belts (Grade A), size 500 mm, for our industrial plant plant in Chennai. Need delivery in 11 days.",Conveyor Belts,PU,Grade A,500 mm,4738,units,Chennai,11,Industrial plant,Normal,0.91,427340.53,Medium
R02434,B1285,"Please quote for 827 sheet metal parts, Stainless Steel, MS, 5 mm. Location: Pune. Required by 30 days.",Sheet Metal Parts,Stainless Steel,MS,5 mm,827,units,Pune,30,Industrial plant,Flexible,0.9,237664.98,Low
R02435,B0730,"Please quote for 2629 sheet metal parts, Mild Steel, MS, 5 mm. Location: Mumbai. Required by 3 days.",Sheet Metal Parts,Mild Steel,MS,5 mm,2629,units,Mumbai,3,OEM project,Urgent,0.93,633113.29,High
R02436,B0125,"Please quote for 1455 steel brackets, Mild Steel, SS304, 3 mm. Location: Kolkata. Required by 41 days.",Steel Brackets,Mild Steel,SS304,3 mm,1455,units,Kolkata,41,Construction,Flexible,0.52,99005.77,Low
R02437,B0277,"Please quote for 10183 ball valves, Stainless Steel, SS304, 3 inch. Location: Ahmedabad. Required by 14 days.",Ball Valves,Stainless Steel,SS304,3 inch,10183,units,Ahmedabad,14,OEM project,Normal,0.0,1353026.97,High
R02438,B1459,"Need 9657 electric motors for industrial plant, Aluminium IE2, 25 HP. Delivery required in Bengaluru within 24 days. Please share quotation.",Electric Motors,Aluminium,IE2,25 HP,9657,units,Bengaluru,24,Industrial plant,Normal,0.77,3332162.83,High
R02439,B0066,"Need 847 sheet metal parts for industrial plant, Mild Steel MS, 5 mm. Delivery required in Nagpur within 16 days. Please share quotation.",Sheet Metal Parts,Mild Steel,MS,5 mm,847,units,Nagpur,16,Industrial plant,Normal,0.61,271709.41,Low
R02440,B1362,"Looking for 6183 units of Carbon Steel ball valves (SS304), size 1 inch, for our industrial plant plant in Delhi. Need delivery in 17 days.",Ball Valves,Carbon Steel,SS304,1 inch,6183,units,Delhi,17,Industrial plant,Normal,0.76,2068585.47,High
R02441,B0343,"Looking for 8256 units of Mild Steel steel brackets (MS), size 5 mm, for our automotive plant in Delhi. Need delivery in 39 days.",Steel Brackets,Mild Steel,MS,5 mm,8256,units,Delhi,39,Automotive,Flexible,0.5,3774170.27,Medium
R02442,B0576,"Looking for 4989 units of Cast Iron gearboxes (Helical), size 2 HP, for our oem project plant in Mumbai. Need delivery in 39 days.",Gearboxes,Cast Iron,Helical,2 HP,4989,units,Mumbai,39,OEM project,Flexible,0.65,489722.79,Low
R02443,B1159,"Looking for 6309 units of Steel hydraulic cylinders (MS), size 100 mm, for our automotive plant in Nagpur. Need delivery in 40 days.",Hydraulic Cylinders,Steel,MS,100 mm,6309,units,Nagpur,40,Automotive,Flexible,0.49,384374.85,Low
R02444,B0295,"Looking for 5890 units of Steel hydraulic cylinders (SS304), size 100 mm, for our oem project plant in Pune. Need delivery in 9 days.",Hydraulic Cylinders,Steel,SS304,100 mm,5890,units,Pune,9,OEM project,Urgent,0.44,176720.22,Medium
R02445,B0040,"Need 3661 industrial pumps for industrial plant, Stainless Steel CI, 5 HP. Delivery required in Mumbai within 27 days. Please share quotation.",Industrial Pumps,Stainless Steel,CI,5 HP,3661,units,Mumbai,27,Industrial plant,Flexible,0.39,1800477.58,Medium
R02446,B0187,"Please quote for 3938 gearboxes, Steel, Worm, 5 HP. Location: Nagpur. Required by 33 days.",Gearboxes,Steel,Worm,5 HP,3938,units,Nagpur,33,Industrial plant,Flexible,0.69,1286417.23,Medium
R02447,B0397,"Looking for 3737 units of Cast Iron electric motors (IE2), size 10 HP, for our automotive plant in Pune. Need delivery in 14 days.",Electric Motors,Cast Iron,IE2,10 HP,3737,units,Pune,14,Automotive,Normal,0.97,419142.65,Medium
R02448,B0477,"Looking for 9780 units of Steel hydraulic cylinders (MS), size 50 mm, for our industrial plant plant in Kolkata. Need delivery in 5 days.",Hydraulic Cylinders,Steel,MS,50 mm,9780,units,Kolkata,5,Industrial plant,Urgent,0.02,1982521.68,High
R02449,B0806,"Looking for 4850 units of Cast Iron industrial pumps (SS316), size 20 HP, for our construction plant in Kolkata. Need delivery in 14 days.",Industrial Pumps,Cast Iron,SS316,20 HP,4850,units,Kolkata,14,Construction,Normal,0.95,855947.46,High
R02450,B0423,"Looking for 1279 units of Cast Iron electric motors (IE3), size 5 HP, for our automotive plant in Hyderabad. Need delivery in 41 days.",Electric Motors,Cast Iron,IE3,5 HP,1279,units,Hyderabad,41,Automotive,Flexible,0.34,542730.62,Low
R02451,B0839,"Please quote for 7244 hydraulic cylinders, Stainless Steel, MS, 50 mm. Location: Nashik. Required by 19 days.",Hydraulic Cylinders,Stainless Steel,MS,50 mm,7244,units,Nashik,19,General manufacturing,Normal,0.48,581894.13,Medium
R02452,B0293,"Looking for 7232 units of Carbon Steel ball valves (SS316), size 3 inch, for our construction plant in Nagpur. Need delivery in 3 days.",Ball Valves,Carbon Steel,SS316,3 inch,7232,units,Nagpur,3,Construction,Urgent,0.72,721321.4,High
R02453,B0988,"Need 7012 steel brackets for construction, Stainless Steel MS, 8 mm. Delivery required in Ahmedabad within 12 days. Please share quotation.",Steel Brackets,Stainless Steel,MS,8 mm,7012,units,Ahmedabad,12,Construction,Normal,0.62,1055100.41,High
R02454,B0703,"Need 8401 gearboxes for industrial plant, Cast Iron Helical, 5 HP. Delivery required in Nagpur within 34 days. Please share quotation.",Gearboxes,Cast Iron,Helical,5 HP,8401,units,Nagpur,34,Industrial plant,Flexible,0.89,1700667.87,Medium
R02455,B0438,"Please quote for 10492 hydraulic cylinders, Steel, MS, 50 mm. Location: Bengaluru. Required by 20 days.",Hydraulic Cylinders,Steel,MS,50 mm,10492,units,Bengaluru,20,Industrial plant,Normal,0.47,3943293.41,Medium
R02456,B1321,"Need 8723 industrial pumps for construction, Cast Iron CI, 5 HP. Delivery required in Kolkata within 18 days. Please share quotation.",Industrial Pumps,Cast Iron,CI,5 HP,8723,units,Kolkata,18,Construction,Normal,0.43,4303034.26,Medium
R02457,B0599,"Need 10062 hydraulic cylinders for oem project, Stainless Steel SS304, 100 mm. Delivery required in Chennai within 39 days. Please share quotation.",Hydraulic Cylinders,Stainless Steel,SS304,100 mm,10062,units,Chennai,39,OEM project,Flexible,0.63,1888956.69,Medium
R02458,B1082,"Looking for 8706 units of Cast Iron industrial pumps (SS304), size 10 HP, for our construction plant in Nashik. Need delivery in 33 days.",Industrial Pumps,Cast Iron,SS304,10 HP,8706,units,Nashik,33,Construction,Flexible,0.06,3877458.0,Medium
R02459,B0900,"Please quote for 5220 sheet metal parts, Stainless Steel, SS304, 2 mm. Location: Delhi. Required by 6 days.",Sheet Metal Parts,Stainless Steel,SS304,2 mm,5220,units,Delhi,6,OEM project,Urgent,0.67,1116796.81,High
R02460,B1216,"Need 9890 electric motors for construction, Cast Iron IE2, 5 HP. Delivery required in Delhi within 13 days. Please share quotation.",Electric Motors,Cast Iron,IE2,5 HP,9890,units,Delhi,13,Construction,Normal,0.46,2868976.44,High
R02461,B0652,"Need 352 steel brackets for oem project, Stainless Steel MS, 3 mm. Delivery required in Pune within 12 days. Please share quotation.",Steel Brackets,Stainless Steel,MS,3 mm,352,units,Pune,12,OEM project,Normal,0.8,72199.67,Low
R02462,B0042,"Need 6020 sheet metal parts for automotive, Stainless Steel SS304, 2 mm. Delivery required in Delhi within 14 days. Please share quotation.",Sheet Metal Parts,Stainless Steel,SS304,2 mm,6020,units,Delhi,14,Automotive,Normal,0.29,2096899.07,High
R02463,B0030,"Looking for 7923 units of Steel gearboxes (Helical), size 10 HP, for our construction plant in Nashik. Need delivery in 39 days.",Gearboxes,Steel,Helical,10 HP,7923,units,Nashik,39,Construction,Flexible,0.57,1406265.96,Medium
R02464,B0993,"Need 1180 conveyor belts for automotive, Rubber Food Grade, 500 mm. Delivery required in Mumbai within 32 days. Please share quotation.",Conveyor Belts,Rubber,Food Grade,500 mm,1180,units,Mumbai,32,Automotive,Flexible,0.62,561457.78,Low
R02465,B0217,"Looking for 9703 units of Carbon Steel ball valves (SS316), size 2 inch, for our general manufacturing plant in Pune. Need delivery in 38 days.",Ball Valves,Carbon Steel,SS316,2 inch,9703,units,Pune,38,General manufacturing,Flexible,0.8,4716895.44,Medium
R02466,B1248,"Please quote for 2795 steel brackets, Mild Steel, MS, 8 mm. Location: Chennai. Required by 22 days.",Steel Brackets,Mild Steel,MS,8 mm,2795,units,Chennai,22,General manufacturing,Normal,0.81,592156.8,Medium
R02467,B0816,"Looking for 9758 units of Stainless Steel sheet metal parts (MS), size 2 mm, for our automotive plant in Chennai. Need delivery in 6 days.",Sheet Metal Parts,Stainless Steel,MS,2 mm,9758,units,Chennai,6,Automotive,Urgent,0.74,3422612.94,High
R02468,B0206,"Need 72 ball valves for industrial plant, Stainless Steel SS316, 1 inch. Delivery required in Kolkata within 24 days. Please share quotation.",Ball Valves,Stainless Steel,SS316,1 inch,72,units,Kolkata,24,Industrial plant,Normal,0.92,30102.23,Low
R02469,B0074,"Need 11525 steel brackets for industrial plant, Stainless Steel SS304, 3 mm. Delivery required in Hyderabad within 38 days. Please share quotation.",Steel Brackets,Stainless Steel,SS304,3 mm,11525,units,Hyderabad,38,Industrial plant,Flexible,0.92,760456.84,Medium
R02470,B1062,"Looking for 9298 units of Stainless Steel ball valves (CS), size 2 inch, for our oem project plant in Delhi. Need delivery in 20 days.",Ball Valves,Stainless Steel,CS,2 inch,9298,units,Delhi,20,OEM project,Normal,0.84,2133497.48,High
R02471,B0230,"Please quote for 5015 industrial pumps, Stainless Steel, SS316, 20 HP. Location: Mumbai. Required by 8 days.",Industrial Pumps,Stainless Steel,SS316,20 HP,5015,units,Mumbai,8,General manufacturing,Urgent,0.38,465734.07,Medium
R02472,B0670,"Looking for 7108 units of Mild Steel steel brackets (MS), size 3 mm, for our automotive plant in Chennai. Need delivery in 12 days.",Steel Brackets,Mild Steel,MS,3 mm,7108,units,Chennai,12,Automotive,Normal,0.85,2812832.38,High
R02473,B0540,"Please quote for 2593 gearboxes, Steel, Worm, 2 HP. Location: Ahmedabad. Required by 13 days.",Gearboxes,Steel,Worm,2 HP,2593,units,Ahmedabad,13,Automotive,Normal,0.52,1191868.34,Medium
R02474,B0502,"Looking for 5405 units of Stainless Steel hydraulic cylinders (SS304), size 150 mm, for our construction plant in Pune. Need delivery in 13 days.",Hydraulic Cylinders,Stainless Steel,SS304,150 mm,5405,units,Pune,13,Construction,Normal,0.18,1194972.68,High
R02475,B0317,"Need 4730 ball valves for general manufacturing, Carbon Steel CS, 2 inch. Delivery required in Kolkata within 31 days. Please share quotation.",Ball Valves,Carbon Steel,CS,2 inch,4730,units,Kolkata,31,General manufacturing,Flexible,0.4,443409.12,Low
R02476,B1061,"Need 1754 conveyor belts for general manufacturing, Rubber Grade A, 500 mm. Delivery required in Kolkata within 29 days. Please share quotation.",Conveyor Belts,Rubber,Grade A,500 mm,1754,units,Kolkata,29,General manufacturing,Flexible,0.18,270880.41,Low
R02477,B0855,"Looking for 10095 units of Mild Steel sheet metal parts (SS304), size 2 mm, for our construction plant in Pune. Need delivery in 5 days.",Sheet Metal Parts,Mild Steel,SS304,2 mm,10095,units,Pune,5,Construction,Urgent,0.87,4633211.75,High
R02478,B1306,"Need 10387 gearboxes for general manufacturing, Cast Iron Worm, 2 HP. Delivery required in Nashik within 41 days. Please share quotation.",Gearboxes,Cast Iron,Worm,2 HP,10387,units,Nashik,41,General manufacturing,Flexible,0.26,557093.12,Medium
R02479,B0705,"Looking for 9774 units of Mild Steel sheet metal parts (SS304), size 5 mm, for our construction plant in Bengaluru. Need delivery in 19 days.",Sheet Metal Parts,Mild Steel,SS304,5 mm,9774,units,Bengaluru,19,Construction,Normal,0.46,4461416.75,Medium
R02480,B0358,"Please quote for 7396 ball valves, Stainless Steel, CS, 3 inch. Location: Mumbai. Required by 25 days.",Ball Valves,Stainless Steel,CS,3 inch,7396,units,Mumbai,25,Industrial plant,Normal,0.91,900177.3,High
R02481,B0625,"Please quote for 7694 sheet metal parts, Mild Steel, MS, 2 mm. Location: Hyderabad. Required by 30 days.",Sheet Metal Parts,Mild Steel,MS,2 mm,7694,units,Hyderabad,30,Construction,Flexible,0.77,626931.62,High
R02482,B0206,"Looking for 10309 units of Cast Iron electric motors (IE3), size 10 HP, for our automotive plant in Ahmedabad. Need delivery in 44 days.",Electric Motors,Cast Iron,IE3,10 HP,10309,units,Ahmedabad,44,Automotive,Flexible,0.23,974770.47,Medium
R02483,B0682,"Please quote for 3317 gearboxes, Steel, Worm, 5 HP. Location: Kolkata. Required by 38 days.",Gearboxes,Steel,Worm,5 HP,3317,units,Kolkata,38,Industrial plant,Flexible,0.24,552995.62,Medium
R02484,B1374,"Looking for 2672 units of Stainless Steel hydraulic cylinders (SS304), size 150 mm, for our oem project plant in Nashik. Need delivery in 36 days.",Hydraulic Cylinders,Stainless Steel,SS304,150 mm,2672,units,Nashik,36,OEM project,Flexible,0.3,1041479.39,Medium
R02485,B1253,"Need 10092 steel brackets for automotive, Stainless Steel SS304, 8 mm. Delivery required in Kolkata within 3 days. Please share quotation.",Steel Brackets,Stainless Steel,SS304,8 mm,10092,units,Kolkata,3,Automotive,Urgent,0.9,2123612.49,High
R02486,B0315,"Need 5110 sheet metal parts for automotive, Stainless Steel MS, 2 mm. Delivery required in Mumbai within 10 days. Please share quotation.",Sheet Metal Parts,Stainless Steel,MS,2 mm,5110,units,Mumbai,10,Automotive,Urgent,0.07,1035364.99,High
R02487,B0132,"Looking for 1221 units of PU conveyor belts (Grade A), size 1000 mm, for our oem project plant in Mumbai. Need delivery in 25 days.",Conveyor Belts,PU,Grade A,1000 mm,1221,units,Mumbai,25,OEM project,Normal,0.2,47307.83,Low
R02488,B1141,"Need 7215 sheet metal parts for automotive, Stainless Steel MS, 5 mm. Delivery required in Nagpur within 11 days. Please share quotation.",Sheet Metal Parts,Stainless Steel,MS,5 mm,7215,units,Nagpur,11,Automotive,Normal,0.06,3394669.15,High
R02489,B1159,"Looking for 601 units of Cast Iron electric motors (IE2), size 5 HP, for our general manufacturing plant in Nashik. Need delivery in 32 days.",Electric Motors,Cast Iron,IE2,5 HP,601,units,Nashik,32,General manufacturing,Flexible,0.15,108919.89,Low
R02490,B0464,"Please quote for 8640 gearboxes, Cast Iron, Helical, 10 HP. Location: Nashik. Required by 27 days.",Gearboxes,Cast Iron,Helical,10 HP,8640,units,Nashik,27,Industrial plant,Flexible,0.64,1902934.8,Medium
R02491,B0161,"Looking for 1026 units of Carbon Steel ball valves (SS304), size 1 inch, for our industrial plant plant in Chennai. Need delivery in 24 days.",Ball Valves,Carbon Steel,SS304,1 inch,1026,units,Chennai,24,Industrial plant,Normal,0.11,444609.46,Low
R02492,B0577,"Need 9718 steel brackets for general manufacturing, Mild Steel MS, 3 mm. Delivery required in Delhi within 4 days. Please share quotation.",Steel Brackets,Mild Steel,MS,3 mm,9718,units,Delhi,4,General manufacturing,Urgent,0.51,4339406.2,High
R02493,B0583,"Please quote for 4942 conveyor belts, Rubber, Food Grade, 800 mm. Location: Nashik. Required by 37 days.",Conveyor Belts,Rubber,Food Grade,800 mm,4942,units,Nashik,37,OEM project,Flexible,0.47,942769.14,Medium
R02494,B0939,"Please quote for 2208 conveyor belts, PU, Food Grade, 800 mm. Location: Kolkata. Required by 40 days.",Conveyor Belts,PU,Food Grade,800 mm,2208,units,Kolkata,40,General manufacturing,Flexible,0.56,909881.69,Medium
R02495,B1252,"Looking for 5669 units of Stainless Steel steel brackets (MS), size 5 mm, for our construction plant in Ahmedabad. Need delivery in 4 days.",Steel Brackets,Stainless Steel,MS,5 mm,5669,units,Ahmedabad,4,Construction,Urgent,0.12,1844497.02,High
R02496,B0263,"Please quote for 6110 sheet metal parts, Stainless Steel, SS304, 5 mm. Location: Delhi. Required by 39 days.",Sheet Metal Parts,Stainless Steel,SS304,5 mm,6110,units,Delhi,39,Automotive,Flexible,0.43,1237475.35,Medium
R02497,B0720,"Need 5564 steel brackets for automotive, Stainless Steel SS304, 8 mm. Delivery required in Delhi within 3 days. Please share quotation.",Steel Brackets,Stainless Steel,SS304,8 mm,5564,units,Delhi,3,Automotive,Urgent,0.59,1036442.02,High
R02498,B1474,"Looking for 3397 units of Mild Steel steel brackets (MS), size 8 mm, for our industrial plant plant in Chennai. Need delivery in 34 days.",Steel Brackets,Mild Steel,MS,8 mm,3397,units,Chennai,34,Industrial plant,Flexible,0.81,658448.19,Medium
R02499,B0843,"Need 1936 ball valves for construction, Stainless Steel SS304, 3 inch. Delivery required in Mumbai within 31 days. Please share quotation.",Ball Valves,Stainless Steel,SS304,3 inch,1936,units,Mumbai,31,Construction,Flexible,0.89,556500.07,Medium
R02500,B0938,"Need 5587 steel brackets for construction, Stainless Steel MS, 3 mm. Delivery required in Hyderabad within 40 days. Please share quotation.",Steel Brackets,Stainless Steel,MS,3 mm,5587,units,Hyderabad,40,Construction,Flexible,0.23,1387177.06,Medium
R02501,B0870,"Looking for 5751 units of PU conveyor belts (Grade A), size 500 mm, for our industrial plant plant in Ahmedabad. Need delivery in 37 days.",Conveyor Belts,PU,Grade A,500 mm,5751,units,Ahmedabad,37,Industrial plant,Flexible,0.2,702794.09,Medium
R02502,B1480,"Please quote for 2546 conveyor belts, Rubber, Food Grade, 500 mm. Location: Pune. Required by 44 days.",Conveyor Belts,Rubber,Food Grade,500 mm,2546,units,Pune,44,OEM project,Flexible,0.48,702939.94,Medium
R02503,B0901,"Please quote for 5435 electric motors, Aluminium, IE3, 10 HP. Location: Mumbai. Required by 23 days.",Electric Motors,Aluminium,IE3,10 HP,5435,units,Mumbai,23,Industrial plant,Normal,0.94,1916598.63,High
R02504,B1061,"Looking for 9732 units of Cast Iron industrial pumps (SS316), size 20 HP, for our industrial plant plant in Mumbai. Need delivery in 44 days.",Industrial Pumps,Cast Iron,SS316,20 HP,9732,units,Mumbai,44,Industrial plant,Flexible,0.57,3643186.48,Medium
R02505,B1306,"Please quote for 4699 electric motors, Cast Iron, IE2, 10 HP. Location: Nagpur. Required by 18 days.",Electric Motors,Cast Iron,IE2,10 HP,4699,units,Nagpur,18,Industrial plant,Normal,0.54,954507.66,Medium
R02506,B0838,"Need 2070 electric motors for automotive, Aluminium IE2, 10 HP. Delivery required in Mumbai within 36 days. Please share quotation.",Electric Motors,Aluminium,IE2,10 HP,2070,units,Mumbai,36,Automotive,Flexible,0.17,752585.4,Medium
R02507,B0127,"Looking for 2389 units of Steel hydraulic cylinders (SS304), size 50 mm, for our automotive plant in Nagpur. Need delivery in 45 days.",Hydraulic Cylinders,Steel,SS304,50 mm,2389,units,Nagpur,45,Automotive,Flexible,0.73,845039.35,Medium
R02508,B0061,"Need 10999 conveyor belts for construction, PU Grade A, 1000 mm. Delivery required in Ahmedabad within 35 days. Please share quotation.",Conveyor Belts,PU,Grade A,1000 mm,10999,units,Ahmedabad,35,Construction,Flexible,0.46,4811859.76,Medium
R02509,B0710,"Need 8026 electric motors for automotive, Cast Iron IE3, 25 HP. Delivery required in Chennai within 21 days. Please share quotation.",Electric Motors,Cast Iron,IE3,25 HP,8026,units,Chennai,21,Automotive,Normal,0.5,3399776.4,Medium
R02510,B0949,"Please quote for 2887 ball valves, Carbon Steel, SS304, 1 inch. Location: Bengaluru. Required by 17 days.",Ball Valves,Carbon Steel,SS304,1 inch,2887,units,Bengaluru,17,Industrial plant,Normal,0.51,1075714.53,Medium
R02511,B0792,"Please quote for 976 gearboxes, Steel, Helical, 5 HP. Location: Nashik. Required by 24 days.",Gearboxes,Steel,Helical,5 HP,976,units,Nashik,24,Automotive,Normal,0.64,40419.34,Low
R02512,B0429,"Need 2444 hydraulic cylinders for automotive, Steel SS304, 150 mm. Delivery required in Hyderabad within 8 days. Please share quotation.",Hydraulic Cylinders,Steel,SS304,150 mm,2444,units,Hyderabad,8,Automotive,Urgent,0.39,1057193.13,High
R02513,B1165,"Looking for 10645 units of Cast Iron electric motors (IE3), size 5 HP, for our industrial plant plant in Ahmedabad. Need delivery in 7 days.",Electric Motors,Cast Iron,IE3,5 HP,10645,units,Ahmedabad,7,Industrial plant,Urgent,0.52,1541372.39,High
R02514,B0794,"Please quote for 136 conveyor belts, PU, Food Grade, 500 mm. Location: Pune. Required by 7 days.",Conveyor Belts,PU,Food Grade,500 mm,136,units,Pune,7,OEM project,Urgent,0.22,34594.23,Medium
R02515,B0217,"Please quote for 9550 ball valves, Stainless Steel, CS, 3 inch. Location: Nashik. Required by 33 days.",Ball Valves,Stainless Steel,CS,3 inch,9550,units,Nashik,33,Automotive,Flexible,0.53,1201248.92,Medium
R02516,B1048,"Need 64 steel brackets for automotive, Stainless Steel MS, 5 mm. Delivery required in Mumbai within 36 days. Please share quotation.",Steel Brackets,Stainless Steel,MS,5 mm,64,units,Mumbai,36,Automotive,Flexible,0.97,1524.66,Low
R02517,B1259,"Need 2070 gearboxes for industrial plant, Steel Worm, 10 HP. Delivery required in Nashik within 29 days. Please share quotation.",Gearboxes,Steel,Worm,10 HP,2070,units,Nashik,29,Industrial plant,Flexible,0.17,723133.25,Medium
R02518,B0594,"Please quote for 1337 ball valves, Carbon Steel, SS316, 2 inch. Location: Chennai. Required by 34 days.",Ball Valves,Carbon Steel,SS316,2 inch,1337,units,Chennai,34,Industrial plant,Flexible,0.25,542619.31,Low
R02519,B0129,"Need 8030 conveyor belts for construction, PU Grade A, 1000 mm. Delivery required in Hyderabad within 14 days. Please share quotation.",Conveyor Belts,PU,Grade A,1000 mm,8030,units,Hyderabad,14,Construction,Normal,0.86,2701571.08,High
R02520,B0676,"Looking for 10277 units of Mild Steel steel brackets (MS), size 5 mm, for our general manufacturing plant in Bengaluru. Need delivery in 10 days.",Steel Brackets,Mild Steel,MS,5 mm,10277,units,Bengaluru,10,General manufacturing,Urgent,0.53,677323.93,High
R02521,B0026,"Please quote for 1543 conveyor belts, PU, Grade A, 1000 mm. Location: Delhi. Required by 21 days.",Conveyor Belts,PU,Grade A,1000 mm,1543,units,Delhi,21,Automotive,Normal,0.47,240646.75,Low
R02522,B1001,"Need 4960 gearboxes for construction, Steel Worm, 5 HP. Delivery required in Ahmedabad within 30 days. Please share quotation.",Gearboxes,Steel,Worm,5 HP,4960,units,Ahmedabad,30,Construction,Flexible,0.61,1325983.41,Medium
R02523,B0119,"Need 5360 steel brackets for general manufacturing, Stainless Steel SS304, 5 mm. Delivery required in Kolkata within 37 days. Please share quotation.",Steel Brackets,Stainless Steel,SS304,5 mm,5360,units,Kolkata,37,General manufacturing,Flexible,0.77,2111393.03,Medium
R02524,B1153,"Looking for 10920 units of Steel hydraulic cylinders (MS), size 100 mm, for our automotive plant in Hyderabad. Need delivery in 26 days.",Hydraulic Cylinders,Steel,MS,100 mm,10920,units,Hyderabad,26,Automotive,Flexible,0.69,2410032.95,High
R02525,B1063,"Please quote for 7873 conveyor belts, PU, Food Grade, 800 mm. Location: Chennai. Required by 8 days.",Conveyor Belts,PU,Food Grade,800 mm,7873,units,Chennai,8,Industrial plant,Urgent,0.92,2580611.3,High
R02526,B0864,"Looking for 6965 units of PU conveyor belts (Grade A), size 500 mm, for our industrial plant plant in Bengaluru. Need delivery in 32 days.",Conveyor Belts,PU,Grade A,500 mm,6965,units,Bengaluru,32,Industrial plant,Flexible,0.37,3296295.07,Medium
R02527,B0931,"Looking for 10370 units of Stainless Steel steel brackets (MS), size 5 mm, for our oem project plant in Pune. Need delivery in 18 days.",Steel Brackets,Stainless Steel,MS,5 mm,10370,units,Pune,18,OEM project,Normal,0.31,3592667.6,Medium
R02528,B0381,"Please quote for 9173 ball valves, Stainless Steel, CS, 3 inch. Location: Ahmedabad. Required by 15 days.",Ball Valves,Stainless Steel,CS,3 inch,9173,units,Ahmedabad,15,OEM project,Normal,0.05,676475.98,High
R02529,B0995,"Need 596 industrial pumps for construction, Stainless Steel CI, 10 HP. Delivery required in Nagpur within 18 days. Please share quotation.",Industrial Pumps,Stainless Steel,CI,10 HP,596,units,Nagpur,18,Construction,Normal,0.69,207649.3,Low
R02530,B1028,"Looking for 10904 units of Stainless Steel steel brackets (SS304), size 3 mm, for our general manufacturing plant in Pune. Need delivery in 30 days.",Steel Brackets,Stainless Steel,SS304,3 mm,10904,units,Pune,30,General manufacturing,Flexible,0.47,722860.31,Medium
R02531,B1227,"Need 8221 sheet metal parts for construction, Stainless Steel SS304, 5 mm. Delivery required in Chennai within 42 days. Please share quotation.",Sheet Metal Parts,Stainless Steel,SS304,5 mm,8221,units,Chennai,42,Construction,Flexible,0.46,1317752.11,Medium
R02532,B1170,"Looking for 10049 units of Cast Iron electric motors (IE2), size 25 HP, for our oem project plant in Pune. Need delivery in 27 days.",Electric Motors,Cast Iron,IE2,25 HP,10049,units,Pune,27,OEM project,Flexible,0.1,3281362.08,Medium
R02533,B1076,"Looking for 8486 units of Rubber conveyor belts (Food Grade), size 1000 mm, for our oem project plant in Hyderabad. Need delivery in 28 days.",Conveyor Belts,Rubber,Food Grade,1000 mm,8486,units,Hyderabad,28,OEM project,Flexible,0.15,2639928.99,Medium
R02534,B0198,"Looking for 5442 units of Stainless Steel industrial pumps (SS304), size 10 HP, for our industrial plant plant in Pune. Need delivery in 44 days.",Industrial Pumps,Stainless Steel,SS304,10 HP,5442,units,Pune,44,Industrial plant,Flexible,0.75,791990.59,Medium
R02535,B0109,"Need 1579 industrial pumps for construction, Cast Iron SS316, 10 HP. Delivery required in Delhi within 16 days. Please share quotation.",Industrial Pumps,Cast Iron,SS316,10 HP,1579,units,Delhi,16,Construction,Normal,0.71,392643.06,Low
R02536,B0869,"Please quote for 4451 gearboxes, Cast Iron, Helical, 10 HP. Location: Nagpur. Required by 13 days.",Gearboxes,Cast Iron,Helical,10 HP,4451,units,Nagpur,13,OEM project,Normal,0.44,1203212.07,Medium
R02537,B0615,"Please quote for 7370 ball valves, Stainless Steel, CS, 3 inch. Location: Hyderabad. Required by 34 days.",Ball Valves,Stainless Steel,CS,3 inch,7370,units,Hyderabad,34,General manufacturing,Flexible,0.32,841337.27,Medium
R02538,B1313,"Please quote for 1994 ball valves, Carbon Steel, CS, 1 inch. Location: Bengaluru. Required by 15 days.",Ball Valves,Carbon Steel,CS,1 inch,1994,units,Bengaluru,15,OEM project,Normal,0.87,827691.89,Medium
R02539,B0360,"Looking for 847 units of Steel hydraulic cylinders (MS), size 50 mm, for our construction plant in Pune. Need delivery in 36 days.",Hydraulic Cylinders,Steel,MS,50 mm,847,units,Pune,36,Construction,Flexible,0.1,333532.11,Low
R02540,B1298,"Need 11757 sheet metal parts for industrial plant, Mild Steel MS, 5 mm. Delivery required in Ahmedabad within 14 days. Please share quotation.",Sheet Metal Parts,Mild Steel,MS,5 mm,11757,units,Ahmedabad,14,Industrial plant,Normal,0.31,1389529.36,High
R02541,B1351,"Please quote for 9397 electric motors, Cast Iron, IE2, 25 HP. Location: Chennai. Required by 28 days.",Electric Motors,Cast Iron,IE2,25 HP,9397,units,Chennai,28,Industrial plant,Flexible,0.73,2303624.87,High
R02542,B0698,"Need 594 electric motors for industrial plant, Aluminium IE2, 5 HP. Delivery required in Mumbai within 34 days. Please share quotation.",Electric Motors,Aluminium,IE2,5 HP,594,units,Mumbai,34,Industrial plant,Flexible,0.9,34948.25,Low
R02543,B0563,"Please quote for 9316 hydraulic cylinders, Steel, SS304, 150 mm. Location: Hyderabad. Required by 18 days.",Hydraulic Cylinders,Steel,SS304,150 mm,9316,units,Hyderabad,18,Automotive,Normal,0.39,4060361.94,Medium
R02544,B0106,"Looking for 10393 units of Carbon Steel ball valves (CS), size 3 inch, for our oem project plant in Bengaluru. Need delivery in 8 days.",Ball Valves,Carbon Steel,CS,3 inch,10393,units,Bengaluru,8,OEM project,Urgent,0.32,1958374.36,High
R02545,B0135,"Please quote for 7256 gearboxes, Steel, Helical, 2 HP. Location: Kolkata. Required by 26 days.",Gearboxes,Steel,Helical,2 HP,7256,units,Kolkata,26,General manufacturing,Flexible,0.59,573438.25,Medium
R02546,B0869,"Need 11837 conveyor belts for general manufacturing, Rubber Food Grade, 800 mm. Delivery required in Chennai within 3 days. Please share quotation.",Conveyor Belts,Rubber,Food Grade,800 mm,11837,units,Chennai,3,General manufacturing,Urgent,0.74,2728499.0,High
R02547,B1305,"Need 8306 electric motors for automotive, Cast Iron IE2, 10 HP. Delivery required in Ahmedabad within 15 days. Please share quotation.",Electric Motors,Cast Iron,IE2,10 HP,8306,units,Ahmedabad,15,Automotive,Normal,0.42,2147514.28,High
R02548,B1334,"Please quote for 5058 electric motors, Cast Iron, IE3, 25 HP. Location: Nagpur. Required by 8 days.",Electric Motors,Cast Iron,IE3,25 HP,5058,units,Nagpur,8,OEM project,Urgent,0.49,839291.27,High
R02549,B1328,"Please quote for 3452 electric motors, Aluminium, IE2, 5 HP. Location: Nagpur. Required by 12 days.",Electric Motors,Aluminium,IE2,5 HP,3452,units,Nagpur,12,Industrial plant,Normal,0.21,849150.7,Medium
R02550,B1188,"Need 6049 hydraulic cylinders for general manufacturing, Stainless Steel SS304, 150 mm. Delivery required in Ahmedabad within 23 days. Please share quotation.",Hydraulic Cylinders,Stainless Steel,SS304,150 mm,6049,units,Ahmedabad,23,General manufacturing,Normal,0.26,743389.27,Medium
R02551,B0156,"Need 8298 gearboxes for industrial plant, Steel Helical, 2 HP. Delivery required in Mumbai within 17 days. Please share quotation.",Gearboxes,Steel,Helical,2 HP,8298,units,Mumbai,17,Industrial plant,Normal,0.16,241872.18,Medium
R02552,B0909,"Need 6138 gearboxes for construction, Steel Helical, 10 HP. Delivery required in Pune within 39 days. Please share quotation.",Gearboxes,Steel,Helical,10 HP,6138,units,Pune,39,Construction,Flexible,0.1,2028587.11,Medium
R02553,B1029,"Need 2403 steel brackets for general manufacturing, Mild Steel MS, 3 mm. Delivery required in Ahmedabad within 34 days. Please share quotation.",Steel Brackets,Mild Steel,MS,3 mm,2403,units,Ahmedabad,34,General manufacturing,Flexible,0.48,977114.5,Medium
R02554,B1204,"Need 4199 ball valves for oem project, Stainless Steel SS304, 1 inch. Delivery required in Bengaluru within 36 days. Please share quotation.",Ball Valves,Stainless Steel,SS304,1 inch,4199,units,Bengaluru,36,OEM project,Flexible,0.6,1010765.07,Medium
R02555,B0880,"Please quote for 10500 gearboxes, Steel, Helical, 10 HP. Location: Delhi. Required by 42 days.",Gearboxes,Steel,Helical,10 HP,10500,units,Delhi,42,Industrial plant,Flexible,0.51,2458383.03,Medium
R02556,B0776,"Looking for 2031 units of Cast Iron gearboxes (Worm), size 10 HP, for our oem project plant in Chennai. Need delivery in 16 days.",Gearboxes,Cast Iron,Worm,10 HP,2031,units,Chennai,16,OEM project,Normal,0.18,928784.97,Medium
R02557,B0738,"Need 8067 steel brackets for oem project, Stainless Steel MS, 3 mm. Delivery required in Nagpur within 43 days. Please share quotation.",Steel Brackets,Stainless Steel,MS,3 mm,8067,units,Nagpur,43,OEM project,Flexible,0.11,2998683.72,Medium
R02558,B1264,"Please quote for 9798 industrial pumps, Cast Iron, CI, 10 HP. Location: Hyderabad. Required by 4 days.",Industrial Pumps,Cast Iron,CI,10 HP,9798,units,Hyderabad,4,Industrial plant,Urgent,0.35,4469618.98,High
R02559,B0936,"Please quote for 2547 gearboxes, Steel, Helical, 10 HP. Location: Hyderabad. Required by 45 days.",Gearboxes,Steel,Helical,10 HP,2547,units,Hyderabad,45,General manufacturing,Flexible,0.98,545048.84,Medium
R02560,B0897,"Looking for 9879 units of Steel gearboxes (Helical), size 10 HP, for our oem project plant in Chennai. Need delivery in 7 days.",Gearboxes,Steel,Helical,10 HP,9879,units,Chennai,7,OEM project,Urgent,0.91,3289601.79,High
R02561,B0114,"Please quote for 3551 conveyor belts, Rubber, Grade A, 800 mm. Location: Chennai. Required by 20 days.",Conveyor Belts,Rubber,Grade A,800 mm,3551,units,Chennai,20,Automotive,Normal,0.24,732211.23,Medium
R02562,B0838,"Looking for 3097 units of Mild Steel steel brackets (MS), size 5 mm, for our automotive plant in Hyderabad. Need delivery in 25 days.",Steel Brackets,Mild Steel,MS,5 mm,3097,units,Hyderabad,25,Automotive,Normal,0.08,974853.32,Medium
R02563,B0975,"Need 3922 steel brackets for industrial plant, Mild Steel SS304, 5 mm. Delivery required in Bengaluru within 33 days. Please share quotation.",Steel Brackets,Mild Steel,SS304,5 mm,3922,units,Bengaluru,33,Industrial plant,Flexible,0.81,1115226.93,Medium
R02564,B0017,"Need 2311 hydraulic cylinders for industrial plant, Steel MS, 100 mm. Delivery required in Kolkata within 22 days. Please share quotation.",Hydraulic Cylinders,Steel,MS,100 mm,2311,units,Kolkata,22,Industrial plant,Normal,0.58,905667.14,Medium
R02565,B0957,"Please quote for 4406 gearboxes, Steel, Helical, 10 HP. Location: Bengaluru. Required by 4 days.",Gearboxes,Steel,Helical,10 HP,4406,units,Bengaluru,4,Construction,Urgent,0.22,1152371.09,High
R02566,B0999,"Looking for 4723 units of Stainless Steel sheet metal parts (SS304), size 2 mm, for our general manufacturing plant in Bengaluru. Need delivery in 18 days.",Sheet Metal Parts,Stainless Steel,SS304,2 mm,4723,units,Bengaluru,18,General manufacturing,Normal,0.72,1717242.05,Medium
R02567,B0664,"Need 2652 sheet metal parts for construction, Stainless Steel MS, 2 mm. Delivery required in Nashik within 30 days. Please share quotation.",Sheet Metal Parts,Stainless Steel,MS,2 mm,2652,units,Nashik,30,Construction,Flexible,0.24,1015655.77,Medium
R02568,B1253,"Looking for 202 units of Stainless Steel industrial pumps (SS304), size 10 HP, for our construction plant in Nashik. Need delivery in 32 days.",Industrial Pumps,Stainless Steel,SS304,10 HP,202,units,Nashik,32,Construction,Flexible,0.76,44712.23,Low
R02569,B0891,"Please quote for 1793 gearboxes, Cast Iron, Helical, 5 HP. Location: Ahmedabad. Required by 25 days.",Gearboxes,Cast Iron,Helical,5 HP,1793,units,Ahmedabad,25,Industrial plant,Normal,0.89,44268.09,Low
R02570,B0713,"Looking for 5623 units of Stainless Steel ball valves (SS304), size 2 inch, for our automotive plant in Pune. Need delivery in 6 days.",Ball Valves,Stainless Steel,SS304,2 inch,5623,units,Pune,6,Automotive,Urgent,0.53,1958817.37,High
R02571,B0622,"Please quote for 4253 hydraulic cylinders, Steel, MS, 50 mm. Location: Ahmedabad. Required by 23 days.",Hydraulic Cylinders,Steel,MS,50 mm,4253,units,Ahmedabad,23,Construction,Normal,0.97,344668.09,Medium
R02572,B0428,"Need 10209 electric motors for construction, Cast Iron IE2, 5 HP. Delivery required in Nagpur within 39 days. Please share quotation.",Electric Motors,Cast Iron,IE2,5 HP,10209,units,Nagpur,39,Construction,Flexible,0.24,3142885.87,Medium
R02573,B0757,"Please quote for 5379 ball valves, Carbon Steel, SS316, 3 inch. Location: Nagpur. Required by 5 days.",Ball Valves,Carbon Steel,SS316,3 inch,5379,units,Nagpur,5,General manufacturing,Urgent,0.07,1231631.29,High
R02574,B0232,"Need 10682 gearboxes for oem project, Cast Iron Worm, 2 HP. Delivery required in Mumbai within 11 days. Please share quotation.",Gearboxes,Cast Iron,Worm,2 HP,10682,units,Mumbai,11,OEM project,Normal,0.45,2790088.86,High
R02575,B1064,"Please quote for 9868 conveyor belts, Rubber, Food Grade, 1000 mm. Location: Delhi. Required by 36 days.",Conveyor Belts,Rubber,Food Grade,1000 mm,9868,units,Delhi,36,Industrial plant,Flexible,0.6,4409016.34,Medium
R02576,B0786,"Need 10534 gearboxes for construction, Cast Iron Helical, 2 HP. Delivery required in Nashik within 38 days. Please share quotation.",Gearboxes,Cast Iron,Helical,2 HP,10534,units,Nashik,38,Construction,Flexible,0.56,450019.97,Low
R02577,B0863,"Looking for 10712 units of Rubber conveyor belts (Grade A), size 500 mm, for our construction plant in Hyderabad. Need delivery in 6 days.",Conveyor Belts,Rubber,Grade A,500 mm,10712,units,Hyderabad,6,Construction,Urgent,0.26,2930591.31,High
R02578,B1024,"Please quote for 9755 ball valves, Carbon Steel, SS316, 1 inch. Location: Delhi. Required by 37 days.",Ball Valves,Carbon Steel,SS316,1 inch,9755,units,Delhi,37,General manufacturing,Flexible,0.84,3804150.52,Medium
R02579,B1489,"Need 7513 industrial pumps for general manufacturing, Cast Iron SS316, 20 HP. Delivery required in Ahmedabad within 36 days. Please share quotation.",Industrial Pumps,Cast Iron,SS316,20 HP,7513,units,Ahmedabad,36,General manufacturing,Flexible,0.83,249246.97,Medium
R02580,B1378,"Please quote for 10278 gearboxes, Cast Iron, Worm, 5 HP. Location: Hyderabad. Required by 9 days.",Gearboxes,Cast Iron,Worm,5 HP,10278,units,Hyderabad,9,Construction,Urgent,0.22,4684390.47,High
R02581,B0715,"Please quote for 10315 hydraulic cylinders, Steel, SS304, 100 mm. Location: Bengaluru. Required by 27 days.",Hydraulic Cylinders,Steel,SS304,100 mm,10315,units,Bengaluru,27,General manufacturing,Flexible,0.02,350349.01,Medium
R02582,B1196,"Need 5423 hydraulic cylinders for oem project, Stainless Steel SS304, 100 mm. Delivery required in Chennai within 37 days. Please share quotation.",Hydraulic Cylinders,Stainless Steel,SS304,100 mm,5423,units,Chennai,37,OEM project,Flexible,0.93,2626553.92,Medium
R02583,B1161,"Please quote for 7583 electric motors, Cast Iron, IE3, 5 HP. Location: Nashik. Required by 39 days.",Electric Motors,Cast Iron,IE3,5 HP,7583,units,Nashik,39,OEM project,Flexible,0.93,452489.4,Medium
R02584,B0515,"Please quote for 2282 gearboxes, Cast Iron, Helical, 2 HP. Location: Chennai. Required by 30 days.",Gearboxes,Cast Iron,Helical,2 HP,2282,units,Chennai,30,Construction,Flexible,0.65,383538.32,Medium
R02585,B0922,"Need 10380 steel brackets for industrial plant, Stainless Steel SS304, 3 mm. Delivery required in Nagpur within 6 days. Please share quotation.",Steel Brackets,Stainless Steel,SS304,3 mm,10380,units,Nagpur,6,Industrial plant,Urgent,0.99,1376241.53,High
R02586,B0027,"Need 10048 ball valves for automotive, Stainless Steel SS304, 1 inch. Delivery required in Kolkata within 18 days. Please share quotation.",Ball Valves,Stainless Steel,SS304,1 inch,10048,units,Kolkata,18,Automotive,Normal,0.31,2567956.81,Medium
R02587,B1132,"Looking for 7277 units of Rubber conveyor belts (Grade A), size 1000 mm, for our industrial plant plant in Ahmedabad. Need delivery in 43 days.",Conveyor Belts,Rubber,Grade A,1000 mm,7277,units,Ahmedabad,43,Industrial plant,Flexible,0.41,3285296.25,Medium
R02588,B1116,"Need 534 industrial pumps for oem project, Cast Iron CI, 5 HP. Delivery required in Pune within 26 days. Please share quotation.",Industrial Pumps,Cast Iron,CI,5 HP,534,units,Pune,26,OEM project,Flexible,0.33,203858.82,Low
R02589,B0930,"Please quote for 4436 hydraulic cylinders, Steel, MS, 100 mm. Location: Delhi. Required by 37 days.",Hydraulic Cylinders,Steel,MS,100 mm,4436,units,Delhi,37,Construction,Flexible,0.97,2135764.42,Medium
R02590,B1348,"Please quote for 8533 electric motors, Aluminium, IE3, 25 HP. Location: Mumbai. Required by 25 days.",Electric Motors,Aluminium,IE3,25 HP,8533,units,Mumbai,25,Automotive,Normal,0.34,3810243.89,Medium
R02591,B0742,"Looking for 81 units of Carbon Steel ball valves (SS304), size 1 inch, for our general manufacturing plant in Hyderabad. Need delivery in 26 days.",Ball Valves,Carbon Steel,SS304,1 inch,81,units,Hyderabad,26,General manufacturing,Flexible,0.86,22472.47,Low
R02592,B0722,"Please quote for 11242 hydraulic cylinders, Stainless Steel, MS, 150 mm. Location: Hyderabad. Required by 17 days.",Hydraulic Cylinders,Stainless Steel,MS,150 mm,11242,units,Hyderabad,17,General manufacturing,Normal,0.6,3486767.42,Medium
R02593,B1046,"Looking for 2195 units of Stainless Steel steel brackets (MS), size 5 mm, for our automotive plant in Delhi. Need delivery in 38 days.",Steel Brackets,Stainless Steel,MS,5 mm,2195,units,Delhi,38,Automotive,Flexible,0.61,1068514.87,Medium
R02594,B1351,"Looking for 6326 units of Carbon Steel ball valves (SS304), size 2 inch, for our oem project plant in Nashik. Need delivery in 38 days.",Ball Valves,Carbon Steel,SS304,2 inch,6326,units,Nashik,38,OEM project,Flexible,0.75,2982256.09,Medium
R02595,B0010,"Need 10341 conveyor belts for industrial plant, Rubber Food Grade, 500 mm. Delivery required in Delhi within 7 days. Please share quotation.",Conveyor Belts,Rubber,Food Grade,500 mm,10341,units,Delhi,7,Industrial plant,Urgent,0.49,2412062.81,High
R02596,B0226,"Looking for 5045 units of Cast Iron electric motors (IE2), size 10 HP, for our industrial plant plant in Chennai. Need delivery in 39 days.",Electric Motors,Cast Iron,IE2,10 HP,5045,units,Chennai,39,Industrial plant,Flexible,0.76,1603729.37,Medium
R02597,B0560,"Please quote for 2807 ball valves, Carbon Steel, CS, 1 inch. Location: Bengaluru. Required by 36 days.",Ball Valves,Carbon Steel,CS,1 inch,2807,units,Bengaluru,36,OEM project,Flexible,0.2,1313224.42,Medium
R02598,B0311,"Please quote for 267 conveyor belts, PU, Food Grade, 800 mm. Location: Kolkata. Required by 31 days.",Conveyor Belts,PU,Food Grade,800 mm,267,units,Kolkata,31,Construction,Flexible,0.63,83527.87,Low
R02599,B0498,"Please quote for 5615 ball valves, Carbon Steel, SS316, 2 inch. Location: Chennai. Required by 34 days.",Ball Valves,Carbon Steel,SS316,2 inch,5615,units,Chennai,34,OEM project,Flexible,0.29,1478189.01,Medium
R02600,B0259,"Looking for 8310 units of Mild Steel steel brackets (SS304), size 3 mm, for our construction plant in Pune. Need delivery in 41 days.",Steel Brackets,Mild Steel,SS304,3 mm,8310,units,Pune,41,Construction,Flexible,0.1,3951990.53,Medium
R02601,B1332,"Please quote for 8984 steel brackets, Mild Steel, SS304, 5 mm. Location: Ahmedabad. Required by 3 days.",Steel Brackets,Mild Steel,SS304,5 mm,8984,units,Ahmedabad,3,Automotive,Urgent,0.38,2126338.31,High
R02602,B0196,"Looking for 3499 units of Carbon Steel ball valves (SS316), size 2 inch, for our construction plant in Delhi. Need delivery in 34 days.",Ball Valves,Carbon Steel,SS316,2 inch,3499,units,Delhi,34,Construction,Flexible,0.44,710162.47,Medium
R02603,B1483,"Please quote for 1274 ball valves, Carbon Steel, CS, 2 inch. Location: Bengaluru. Required by 33 days.",Ball Valves,Carbon Steel,CS,2 inch,1274,units,Bengaluru,33,Industrial plant,Flexible,0.09,190669.17,Low
R02604,B0613,"Looking for 1147 units of Aluminium electric motors (IE3), size 25 HP, for our automotive plant in Pune. Need delivery in 42 days.",Electric Motors,Aluminium,IE3,25 HP,1147,units,Pune,42,Automotive,Flexible,0.1,79170.11,Low
R02605,B0075,"Looking for 11334 units of Steel hydraulic cylinders (SS304), size 150 mm, for our oem project plant in Bengaluru. Need delivery in 23 days.",Hydraulic Cylinders,Steel,SS304,150 mm,11334,units,Bengaluru,23,OEM project,Normal,0.17,2313915.12,Medium
R02606,B0637,"Please quote for 832 gearboxes, Steel, Helical, 10 HP. Location: Kolkata. Required by 19 days.",Gearboxes,Steel,Helical,10 HP,832,units,Kolkata,19,Industrial plant,Normal,0.14,347220.88,Low
R02607,B0565,"Looking for 400 units of Mild Steel sheet metal parts (MS), size 10 mm, for our automotive plant in Nagpur. Need delivery in 41 days.",Sheet Metal Parts,Mild Steel,MS,10 mm,400,units,Nagpur,41,Automotive,Flexible,0.34,187911.1,Low
R02608,B0172,"Please quote for 11022 conveyor belts, Rubber, Grade A, 800 mm. Location: Pune. Required by 19 days.",Conveyor Belts,Rubber,Grade A,800 mm,11022,units,Pune,19,Construction,Normal,0.48,472154.71,Medium
R02609,B0455,"Looking for 8096 units of Rubber conveyor belts (Grade A), size 500 mm, for our industrial plant plant in Hyderabad. Need delivery in 18 days.",Conveyor Belts,Rubber,Grade A,500 mm,8096,units,Hyderabad,18,Industrial plant,Normal,0.61,3201487.5,Medium
R02610,B0289,"Need 2414 hydraulic cylinders for construction, Steel SS304, 50 mm. Delivery required in Hyderabad within 5 days. Please share quotation.",Hydraulic Cylinders,Steel,SS304,50 mm,2414,units,Hyderabad,5,Construction,Urgent,0.42,292589.49,Medium
R02611,B1387,"Please quote for 5655 hydraulic cylinders, Stainless Steel, MS, 50 mm. Location: Delhi. Required by 39 days.",Hydraulic Cylinders,Stainless Steel,MS,50 mm,5655,units,Delhi,39,General manufacturing,Flexible,0.35,375174.68,Low
R02612,B0023,"Please quote for 990 gearboxes, Steel, Helical, 5 HP. Location: Hyderabad. Required by 6 days.",Gearboxes,Steel,Helical,5 HP,990,units,Hyderabad,6,Automotive,Urgent,0.31,241743.17,Medium
R02613,B0636,"Please quote for 4787 electric motors, Aluminium, IE2, 10 HP. Location: Mumbai. Required by 7 days.",Electric Motors,Aluminium,IE2,10 HP,4787,units,Mumbai,7,OEM project,Urgent,0.05,939447.71,High
R02614,B0388,"Please quote for 7032 steel brackets, Mild Steel, MS, 3 mm. Location: Pune. Required by 5 days.",Steel Brackets,Mild Steel,MS,3 mm,7032,units,Pune,5,General manufacturing,Urgent,0.26,758843.15,High
R02615,B0668,"Need 10608 hydraulic cylinders for oem project, Stainless Steel MS, 150 mm. Delivery required in Nagpur within 23 days. Please share quotation.",Hydraulic Cylinders,Stainless Steel,MS,150 mm,10608,units,Nagpur,23,OEM project,Normal,0.64,1063638.03,Medium
R02616,B1051,"Please quote for 9792 electric motors, Cast Iron, IE3, 5 HP. Location: Ahmedabad. Required by 42 days.",Electric Motors,Cast Iron,IE3,5 HP,9792,units,Ahmedabad,42,General manufacturing,Flexible,0.89,959115.57,Medium
R02617,B0007,"Need 3102 hydraulic cylinders for general manufacturing, Stainless Steel MS, 150 mm. Delivery required in Hyderabad within 34 days. Please share quotation.",Hydraulic Cylinders,Stainless Steel,MS,150 mm,3102,units,Hyderabad,34,General manufacturing,Flexible,0.17,181580.19,Low
R02618,B0151,"Looking for 11485 units of Stainless Steel ball valves (SS304), size 3 inch, for our construction plant in Kolkata. Need delivery in 34 days.",Ball Valves,Stainless Steel,SS304,3 inch,11485,units,Kolkata,34,Construction,Flexible,0.29,1672514.3,Medium
R02619,B1066,"Need 5452 conveyor belts for oem project, PU Food Grade, 1000 mm. Delivery required in Chennai within 21 days. Please share quotation.",Conveyor Belts,PU,Food Grade,1000 mm,5452,units,Chennai,21,OEM project,Normal,0.56,1221114.86,Medium
R02620,B0696,"Need 4711 steel brackets for oem project, Mild Steel SS304, 5 mm. Delivery required in Delhi within 5 days. Please share quotation.",Steel Brackets,Mild Steel,SS304,5 mm,4711,units,Delhi,5,OEM project,Urgent,0.96,2201660.91,High
R02621,B1483,"Please quote for 11165 hydraulic cylinders, Steel, SS304, 50 mm. Location: Ahmedabad. Required by 27 days.",Hydraulic Cylinders,Steel,SS304,50 mm,11165,units,Ahmedabad,27,General manufacturing,Flexible,0.64,5329838.45,Medium
R02622,B0080,"Need 5884 steel brackets for general manufacturing, Mild Steel MS, 3 mm. Delivery required in Chennai within 23 days. Please share quotation.",Steel Brackets,Mild Steel,MS,3 mm,5884,units,Chennai,23,General manufacturing,Normal,0.82,2687823.88,High
R02623,B1222,"Please quote for 2311 steel brackets, Stainless Steel, SS304, 8 mm. Location: Delhi. Required by 40 days.",Steel Brackets,Stainless Steel,SS304,8 mm,2311,units,Delhi,40,Construction,Flexible,0.22,948213.62,Medium
R02624,B0262,"Need 1637 conveyor belts for industrial plant, Rubber Food Grade, 800 mm. Delivery required in Ahmedabad within 11 days. Please share quotation.",Conveyor Belts,Rubber,Food Grade,800 mm,1637,units,Ahmedabad,11,Industrial plant,Normal,0.29,617204.17,Medium
R02625,B1012,"Please quote for 5526 hydraulic cylinders, Steel, SS304, 50 mm. Location: Pune. Required by 20 days.",Hydraulic Cylinders,Steel,SS304,50 mm,5526,units,Pune,20,Construction,Normal,0.5,2396619.05,Medium
R02626,B0359,"Please quote for 10487 industrial pumps, Stainless Steel, CI, 5 HP. Location: Bengaluru. Required by 41 days.",Industrial Pumps,Stainless Steel,CI,5 HP,10487,units,Bengaluru,41,Automotive,Flexible,0.69,1194805.82,Medium
R02627,B0178,"Need 6811 conveyor belts for industrial plant, PU Food Grade, 800 mm. Delivery required in Nagpur within 5 days. Please share quotation.",Conveyor Belts,PU,Food Grade,800 mm,6811,units,Nagpur,5,Industrial plant,Urgent,0.88,2443348.52,High
R02628,B0930,"Please quote for 7474 hydraulic cylinders, Stainless Steel, MS, 150 mm. Location: Delhi. Required by 14 days.",Hydraulic Cylinders,Stainless Steel,MS,150 mm,7474,units,Delhi,14,Industrial plant,Normal,0.73,1364022.05,High
R02629,B1254,"Please quote for 3004 gearboxes, Cast Iron, Worm, 2 HP. Location: Delhi. Required by 24 days.",Gearboxes,Cast Iron,Worm,2 HP,3004,units,Delhi,24,General manufacturing,Normal,0.53,81049.88,Low
R02630,B0446,"Please quote for 11421 ball valves, Carbon Steel, SS304, 2 inch. Location: Kolkata. Required by 30 days.",Ball Valves,Carbon Steel,SS304,2 inch,11421,units,Kolkata,30,General manufacturing,Flexible,0.52,3554415.01,Medium
R02631,B1426,"Please quote for 4777 ball valves, Stainless Steel, CS, 3 inch. Location: Kolkata. Required by 32 days.",Ball Valves,Stainless Steel,CS,3 inch,4777,units,Kolkata,32,Construction,Flexible,0.01,286936.67,Low
R02632,B0928,"Need 5538 steel brackets for construction, Mild Steel SS304, 5 mm. Delivery required in Mumbai within 34 days. Please share quotation.",Steel Brackets,Mild Steel,SS304,5 mm,5538,units,Mumbai,34,Construction,Flexible,0.33,2561700.03,Medium
R02633,B1092,"Looking for 2159 units of Rubber conveyor belts (Food Grade), size 500 mm, for our oem project plant in Kolkata. Need delivery in 40 days.",Conveyor Belts,Rubber,Food Grade,500 mm,2159,units,Kolkata,40,OEM project,Flexible,0.81,881860.56,Medium
R02634,B0173,"Looking for 6331 units of Aluminium electric motors (IE2), size 5 HP, for our automotive plant in Nashik. Need delivery in 7 days.",Electric Motors,Aluminium,IE2,5 HP,6331,units,Nashik,7,Automotive,Urgent,0.7,2704526.74,High
R02635,B0093,"Need 6615 electric motors for industrial plant, Cast Iron IE2, 25 HP. Delivery required in Bengaluru within 21 days. Please share quotation.",Electric Motors,Cast Iron,IE2,25 HP,6615,units,Bengaluru,21,Industrial plant,Normal,0.68,343115.93,Medium
R02636,B1245,"Need 6808 steel brackets for oem project, Mild Steel MS, 8 mm. Delivery required in Pune within 38 days. Please share quotation.",Steel Brackets,Mild Steel,MS,8 mm,6808,units,Pune,38,OEM project,Flexible,0.99,2128969.59,Medium
R02637,B1449,"Please quote for 3105 electric motors, Aluminium, IE3, 5 HP. Location: Mumbai. Required by 19 days.",Electric Motors,Aluminium,IE3,5 HP,3105,units,Mumbai,19,OEM project,Normal,0.43,313713.63,Low
R02638,B1493,"Please quote for 8411 gearboxes, Cast Iron, Helical, 10 HP. Location: Mumbai. Required by 38 days.",Gearboxes,Cast Iron,Helical,10 HP,8411,units,Mumbai,38,Automotive,Flexible,0.83,3675678.64,Medium
R02639,B0496,"Please quote for 1721 ball valves, Carbon Steel, SS304, 2 inch. Location: Ahmedabad. Required by 3 days.",Ball Valves,Carbon Steel,SS304,2 inch,1721,units,Ahmedabad,3,Construction,Urgent,0.27,99839.97,Medium
R02640,B0547,"Please quote for 6813 electric motors, Aluminium, IE3, 5 HP. Location: Ahmedabad. Required by 7 days.",Electric Motors,Aluminium,IE3,5 HP,6813,units,Ahmedabad,7,Industrial plant,Urgent,0.22,1183615.33,High
R02641,B1450,"Please quote for 9845 steel brackets, Mild Steel, MS, 3 mm. Location: Hyderabad. Required by 3 days.",Steel Brackets,Mild Steel,MS,3 mm,9845,units,Hyderabad,3,Construction,Urgent,0.28,2340194.53,High
R02642,B0363,"Need 10691 hydraulic cylinders for industrial plant, Steel SS304, 150 mm. Delivery required in Bengaluru within 43 days. Please share quotation.",Hydraulic Cylinders,Steel,SS304,150 mm,10691,units,Bengaluru,43,Industrial plant,Flexible,0.57,2795640.5,Medium
R02643,B1000,"Need 6314 ball valves for construction, Stainless Steel SS304, 2 inch. Delivery required in Hyderabad within 10 days. Please share quotation.",Ball Valves,Stainless Steel,SS304,2 inch,6314,units,Hyderabad,10,Construction,Urgent,0.16,1961208.84,High
R02644,B0241,"Looking for 4064 units of Mild Steel sheet metal parts (SS304), size 10 mm, for our construction plant in Bengaluru. Need delivery in 9 days.",Sheet Metal Parts,Mild Steel,SS304,10 mm,4064,units,Bengaluru,9,Construction,Urgent,0.05,497221.81,Medium
R02645,B0981,"Looking for 9826 units of Steel hydraulic cylinders (MS), size 100 mm, for our oem project plant in Chennai. Need delivery in 3 days.",Hydraulic Cylinders,Steel,MS,100 mm,9826,units,Chennai,3,OEM project,Urgent,0.55,2402472.49,High
R02646,B0409,"Need 1435 steel brackets for automotive, Mild Steel SS304, 5 mm. Delivery required in Chennai within 11 days. Please share quotation.",Steel Brackets,Mild Steel,SS304,5 mm,1435,units,Chennai,11,Automotive,Normal,0.34,45790.63,Low
R02647,B0465,"Please quote for 4139 gearboxes, Steel, Worm, 5 HP. Location: Mumbai. Required by 15 days.",Gearboxes,Steel,Worm,5 HP,4139,units,Mumbai,15,Industrial plant,Normal,0.29,906401.9,Medium
R02648,B1260,"Need 10768 electric motors for automotive, Aluminium IE2, 10 HP. Delivery required in Hyderabad within 15 days. Please share quotation.",Electric Motors,Aluminium,IE2,10 HP,10768,units,Hyderabad,15,Automotive,Normal,1.0,4766412.46,High
R02649,B0425,"Looking for 5849 units of Aluminium electric motors (IE2), size 5 HP, for our construction plant in Hyderabad. Need delivery in 43 days.",Electric Motors,Aluminium,IE2,5 HP,5849,units,Hyderabad,43,Construction,Flexible,0.31,1509901.18,Medium
R02650,B1407,"Need 4959 conveyor belts for industrial plant, PU Grade A, 1000 mm. Delivery required in Bengaluru within 13 days. Please share quotation.",Conveyor Belts,PU,Grade A,1000 mm,4959,units,Bengaluru,13,Industrial plant,Normal,0.83,2197081.18,High
R02651,B0492,"Please quote for 9328 hydraulic cylinders, Steel, SS304, 150 mm. Location: Delhi. Required by 19 days.",Hydraulic Cylinders,Steel,SS304,150 mm,9328,units,Delhi,19,OEM project,Normal,0.22,1598225.91,Medium
R02652,B1313,"Need 11216 steel brackets for automotive, Stainless Steel MS, 3 mm. Delivery required in Hyderabad within 21 days. Please share quotation.",Steel Brackets,Stainless Steel,MS,3 mm,11216,units,Hyderabad,21,Automotive,Normal,0.32,5229159.23,Medium
R02653,B0404,"Need 7560 industrial pumps for automotive, Stainless Steel SS316, 10 HP. Delivery required in Kolkata within 16 days. Please share quotation.",Industrial Pumps,Stainless Steel,SS316,10 HP,7560,units,Kolkata,16,Automotive,Normal,0.5,539667.9,Medium
R02654,B1288,"Looking for 9377 units of Stainless Steel industrial pumps (CI), size 10 HP, for our automotive plant in Mumbai. Need delivery in 19 days.",Industrial Pumps,Stainless Steel,CI,10 HP,9377,units,Mumbai,19,Automotive,Normal,0.2,4456900.45,Medium
R02655,B0794,"Looking for 2523 units of Steel gearboxes (Helical), size 5 HP, for our general manufacturing plant in Mumbai. Need delivery in 14 days.",Gearboxes,Steel,Helical,5 HP,2523,units,Mumbai,14,General manufacturing,Normal,0.42,395486.67,Medium
R02656,B0183,"Please quote for 5029 sheet metal parts, Stainless Steel, SS304, 10 mm. Location: Hyderabad. Required by 33 days.",Sheet Metal Parts,Stainless Steel,SS304,10 mm,5029,units,Hyderabad,33,Industrial plant,Flexible,0.23,112085.83,Low
R02657,B0992,"Need 9210 conveyor belts for automotive, Rubber Food Grade, 1000 mm. Delivery required in Kolkata within 11 days. Please share quotation.",Conveyor Belts,Rubber,Food Grade,1000 mm,9210,units,Kolkata,11,Automotive,Normal,0.6,2027823.04,High
R02658,B0253,"Looking for 4658 units of Cast Iron gearboxes (Worm), size 10 HP, for our oem project plant in Nagpur. Need delivery in 9 days.",Gearboxes,Cast Iron,Worm,10 HP,4658,units,Nagpur,9,OEM project,Urgent,0.74,1037734.62,High
R02659,B1160,"Looking for 2481 units of PU conveyor belts (Food Grade), size 1000 mm, for our general manufacturing plant in Hyderabad. Need delivery in 4 days.",Conveyor Belts,PU,Food Grade,1000 mm,2481,units,Hyderabad,4,General manufacturing,Urgent,0.71,647118.32,High
R02660,B0324,"Please quote for 9286 ball valves, Carbon Steel, SS304, 1 inch. Location: Hyderabad. Required by 27 days.",Ball Valves,Carbon Steel,SS304,1 inch,9286,units,Hyderabad,27,Automotive,Flexible,0.34,4109616.19,Medium
R02661,B0989,"Please quote for 6959 sheet metal parts, Mild Steel, SS304, 2 mm. Location: Nagpur. Required by 3 days.",Sheet Metal Parts,Mild Steel,SS304,2 mm,6959,units,Nagpur,3,Industrial plant,Urgent,0.84,1093185.81,High
R02662,B1281,"Looking for 2269 units of Stainless Steel ball valves (SS304), size 1 inch, for our automotive plant in Chennai. Need delivery in 16 days.",Ball Valves,Stainless Steel,SS304,1 inch,2269,units,Chennai,16,Automotive,Normal,0.64,996473.13,Medium
R02663,B1134,"Need 10278 hydraulic cylinders for general manufacturing, Steel MS, 150 mm. Delivery required in Nashik within 5 days. Please share quotation.",Hydraulic Cylinders,Steel,MS,150 mm,10278,units,Nashik,5,General manufacturing,Urgent,0.22,1402033.01,High
R02664,B1109,"Please quote for 1985 hydraulic cylinders, Steel, MS, 150 mm. Location: Delhi. Required by 43 days.",Hydraulic Cylinders,Steel,MS,150 mm,1985,units,Delhi,43,OEM project,Flexible,0.46,797492.19,Low
R02665,B1215,"Looking for 7189 units of Mild Steel steel brackets (MS), size 5 mm, for our industrial plant plant in Kolkata. Need delivery in 13 days.",Steel Brackets,Mild Steel,MS,5 mm,7189,units,Kolkata,13,Industrial plant,Normal,0.81,772996.05,High
R02666,B0048,"Looking for 4209 units of Steel gearboxes (Helical), size 5 HP, for our general manufacturing plant in Ahmedabad. Need delivery in 35 days.",Gearboxes,Steel,Helical,5 HP,4209,units,Ahmedabad,35,General manufacturing,Flexible,0.53,898234.1,Medium
R02667,B0010,"Please quote for 8306 electric motors, Cast Iron, IE2, 25 HP. Location: Chennai. Required by 12 days.",Electric Motors,Cast Iron,IE2,25 HP,8306,units,Chennai,12,Automotive,Normal,0.27,997329.46,High
R02668,B0400,"Need 9509 conveyor belts for automotive, Rubber Food Grade, 500 mm. Delivery required in Kolkata within 10 days. Please share quotation.",Conveyor Belts,Rubber,Food Grade,500 mm,9509,units,Kolkata,10,Automotive,Urgent,0.63,1327533.8,High
R02669,B1210,"Need 5586 industrial pumps for construction, Cast Iron SS316, 20 HP. Delivery required in Pune within 21 days. Please share quotation.",Industrial Pumps,Cast Iron,SS316,20 HP,5586,units,Pune,21,Construction,Normal,0.57,2325871.98,Medium
R02670,B0837,"Need 4623 industrial pumps for general manufacturing, Stainless Steel CI, 20 HP. Delivery required in Ahmedabad within 10 days. Please share quotation.",Industrial Pumps,Stainless Steel,CI,20 HP,4623,units,Ahmedabad,10,General manufacturing,Urgent,0.27,1609970.95,High
R02671,B0656,"Looking for 10697 units of Cast Iron industrial pumps (SS304), size 20 HP, for our industrial plant plant in Hyderabad. Need delivery in 17 days.",Industrial Pumps,Cast Iron,SS304,20 HP,10697,units,Hyderabad,17,Industrial plant,Normal,0.71,5240319.12,High
R02672,B0669,"Need 7816 electric motors for industrial plant, Aluminium IE2, 5 HP. Delivery required in Hyderabad within 13 days. Please share quotation.",Electric Motors,Aluminium,IE2,5 HP,7816,units,Hyderabad,13,Industrial plant,Normal,0.36,614678.87,High
R02673,B0570,"Please quote for 3858 conveyor belts, PU, Grade A, 800 mm. Location: Bengaluru. Required by 34 days.",Conveyor Belts,PU,Grade A,800 mm,3858,units,Bengaluru,34,OEM project,Flexible,0.43,1535248.33,Medium
R02674,B0694,"Please quote for 2815 electric motors, Cast Iron, IE2, 5 HP. Location: Nagpur. Required by 6 days.",Electric Motors,Cast Iron,IE2,5 HP,2815,units,Nagpur,6,Automotive,Urgent,0.77,933070.88,High
R02675,B0392,"Please quote for 6043 hydraulic cylinders, Steel, MS, 150 mm. Location: Kolkata. Required by 8 days.",Hydraulic Cylinders,Steel,MS,150 mm,6043,units,Kolkata,8,Automotive,Urgent,0.37,253250.98,Medium
R02676,B0690,"Looking for 9722 units of Stainless Steel hydraulic cylinders (MS), size 150 mm, for our construction plant in Pune. Need delivery in 9 days.",Hydraulic Cylinders,Stainless Steel,MS,150 mm,9722,units,Pune,9,Construction,Urgent,0.23,3429532.04,High
R02677,B1297,"Please quote for 6495 ball valves, Carbon Steel, SS316, 2 inch. Location: Pune. Required by 12 days.",Ball Valves,Carbon Steel,SS316,2 inch,6495,units,Pune,12,General manufacturing,Normal,0.56,1778101.86,High
R02678,B0713,"Need 1276 sheet metal parts for oem project, Stainless Steel MS, 10 mm. Delivery required in Nagpur within 15 days. Please share quotation.",Sheet Metal Parts,Stainless Steel,MS,10 mm,1276,units,Nagpur,15,OEM project,Normal,0.01,483147.69,Low
R02679,B0162,"Please quote for 10294 electric motors, Cast Iron, IE2, 5 HP. Location: Kolkata. Required by 4 days.",Electric Motors,Cast Iron,IE2,5 HP,10294,units,Kolkata,4,Industrial plant,Urgent,0.3,767865.96,High
R02680,B1206,"Looking for 4949 units of Mild Steel steel brackets (SS304), size 8 mm, for our construction plant in Delhi. Need delivery in 4 days.",Steel Brackets,Mild Steel,SS304,8 mm,4949,units,Delhi,4,Construction,Urgent,0.15,1364003.08,High
R02681,B0506,"Looking for 9516 units of Stainless Steel hydraulic cylinders (MS), size 100 mm, for our automotive plant in Pune. Need delivery in 4 days.",Hydraulic Cylinders,Stainless Steel,MS,100 mm,9516,units,Pune,4,Automotive,Urgent,0.36,2972322.37,High
R02682,B0800,"Need 5984 industrial pumps for automotive, Cast Iron SS304, 20 HP. Delivery required in Mumbai within 45 days. Please share quotation.",Industrial Pumps,Cast Iron,SS304,20 HP,5984,units,Mumbai,45,Automotive,Flexible,0.48,2348767.21,Medium
R02683,B0278,"Please quote for 11871 gearboxes, Cast Iron, Worm, 10 HP. Location: Hyderabad. Required by 38 days.",Gearboxes,Cast Iron,Worm,10 HP,11871,units,Hyderabad,38,Construction,Flexible,0.97,4080212.21,Medium
R02684,B0522,"Looking for 1180 units of Mild Steel sheet metal parts (SS304), size 10 mm, for our oem project plant in Kolkata. Need delivery in 9 days.",Sheet Metal Parts,Mild Steel,SS304,10 mm,1180,units,Kolkata,9,OEM project,Urgent,0.06,465811.79,Medium
R02685,B0827,"Need 8186 hydraulic cylinders for automotive, Stainless Steel MS, 100 mm. Delivery required in Chennai within 13 days. Please share quotation.",Hydraulic Cylinders,Stainless Steel,MS,100 mm,8186,units,Chennai,13,Automotive,Normal,0.03,933976.6,High
R02686,B1279,"Need 4484 ball valves for automotive, Carbon Steel SS304, 3 inch. Delivery required in Nagpur within 21 days. Please share quotation.",Ball Valves,Carbon Steel,SS304,3 inch,4484,units,Nagpur,21,Automotive,Normal,0.06,236623.55,Low
R02687,B0442,"Looking for 6178 units of Cast Iron industrial pumps (SS316), size 20 HP, for our industrial plant plant in Delhi. Need delivery in 31 days.",Industrial Pumps,Cast Iron,SS316,20 HP,6178,units,Delhi,31,Industrial plant,Flexible,0.51,1768699.11,Medium
R02688,B0710,"Looking for 665 units of Aluminium electric motors (IE3), size 10 HP, for our automotive plant in Bengaluru. Need delivery in 32 days.",Electric Motors,Aluminium,IE3,10 HP,665,units,Bengaluru,32,Automotive,Flexible,0.86,114687.44,Low
R02689,B0171,"Need 6492 electric motors for general manufacturing, Aluminium IE3, 10 HP. Delivery required in Hyderabad within 29 days. Please share quotation.",Electric Motors,Aluminium,IE3,10 HP,6492,units,Hyderabad,29,General manufacturing,Flexible,0.14,479242.21,Medium
R02690,B1293,"Please quote for 11304 sheet metal parts, Mild Steel, MS, 10 mm. Location: Pune. Required by 24 days.",Sheet Metal Parts,Mild Steel,MS,10 mm,11304,units,Pune,24,OEM project,Normal,0.81,2519953.98,High
R02691,B0487,"Need 5575 gearboxes for general manufacturing, Cast Iron Worm, 10 HP. Delivery required in Nashik within 25 days. Please share quotation.",Gearboxes,Cast Iron,Worm,10 HP,5575,units,Nashik,25,General manufacturing,Normal,0.35,2561812.52,Medium
R02692,B0574,"Need 8277 electric motors for oem project, Aluminium IE3, 5 HP. Delivery required in Hyderabad within 45 days. Please share quotation.",Electric Motors,Aluminium,IE3,5 HP,8277,units,Hyderabad,45,OEM project,Flexible,0.16,1170179.5,Medium
R02693,B1158,"Need 2049 sheet metal parts for industrial plant, Stainless Steel MS, 2 mm. Delivery required in Pune within 7 days. Please share quotation.",Sheet Metal Parts,Stainless Steel,MS,2 mm,2049,units,Pune,7,Industrial plant,Urgent,0.28,254612.99,Medium
R02694,B0695,"Looking for 5667 units of Stainless Steel industrial pumps (SS316), size 10 HP, for our oem project plant in Kolkata. Need delivery in 22 days.",Industrial Pumps,Stainless Steel,SS316,10 HP,5667,units,Kolkata,22,OEM project,Normal,0.33,228623.23,Medium
R02695,B0945,"Please quote for 9002 industrial pumps, Stainless Steel, SS316, 10 HP. Location: Chennai. Required by 5 days.",Industrial Pumps,Stainless Steel,SS316,10 HP,9002,units,Chennai,5,OEM project,Urgent,0.6,3127781.75,High
R02696,B1069,"Looking for 6490 units of Cast Iron industrial pumps (SS316), size 5 HP, for our oem project plant in Nagpur. Need delivery in 7 days.",Industrial Pumps,Cast Iron,SS316,5 HP,6490,units,Nagpur,7,OEM project,Urgent,0.88,730729.9,High
R02697,B0137,"Looking for 9633 units of PU conveyor belts (Grade A), size 800 mm, for our general manufacturing plant in Hyderabad. Need delivery in 8 days.",Conveyor Belts,PU,Grade A,800 mm,9633,units,Hyderabad,8,General manufacturing,Urgent,0.92,4662686.25,High
R02698,B1107,"Please quote for 6754 sheet metal parts, Stainless Steel, MS, 10 mm. Location: Nagpur. Required by 22 days.",Sheet Metal Parts,Stainless Steel,MS,10 mm,6754,units,Nagpur,22,Industrial plant,Normal,0.61,1017087.71,Medium
R02699,B1093,"Looking for 2285 units of Carbon Steel ball valves (SS304), size 3 inch, for our industrial plant plant in Ahmedabad. Need delivery in 23 days.",Ball Valves,Carbon Steel,SS304,3 inch,2285,units,Ahmedabad,23,Industrial plant,Normal,0.34,442320.15,Low
R02700,B1478,"Please quote for 2691 hydraulic cylinders, Steel, SS304, 100 mm. Location: Ahmedabad. Required by 21 days.",Hydraulic Cylinders,Steel,SS304,100 mm,2691,units,Ahmedabad,21,OEM project,Normal,0.53,1017239.81,Medium
R02701,B0571,"Please quote for 1681 gearboxes, Steel, Worm, 2 HP. Location: Delhi. Required by 39 days.",Gearboxes,Steel,Worm,2 HP,1681,units,Delhi,39,Automotive,Flexible,0.08,387225.41,Low
R02702,B1118,"Please quote for 4549 steel brackets, Stainless Steel, SS304, 3 mm. Location: Nagpur. Required by 45 days.",Steel Brackets,Stainless Steel,SS304,3 mm,4549,units,Nagpur,45,OEM project,Flexible,0.76,1722388.88,Medium
R02703,B0902,"Need 6416 ball valves for general manufacturing, Carbon Steel SS304, 2 inch. Delivery required in Nashik within 22 days. Please share quotation.",Ball Valves,Carbon Steel,SS304,2 inch,6416,units,Nashik,22,General manufacturing,Normal,0.22,1229965.08,Medium
R02704,B1343,"Please quote for 796 steel brackets, Mild Steel, SS304, 3 mm. Location: Kolkata. Required by 45 days.",Steel Brackets,Mild Steel,SS304,3 mm,796,units,Kolkata,45,OEM project,Flexible,0.28,134321.34,Low
R02705,B1471,"Please quote for 708 conveyor belts, Rubber, Grade A, 1000 mm. Location: Nagpur. Required by 23 days.",Conveyor Belts,Rubber,Grade A,1000 mm,708,units,Nagpur,23,Construction,Normal,0.19,179722.07,Low
R02706,B0859,"Need 11835 sheet metal parts for oem project, Mild Steel MS, 10 mm. Delivery required in Nagpur within 42 days. Please share quotation.",Sheet Metal Parts,Mild Steel,MS,10 mm,11835,units,Nagpur,42,OEM project,Flexible,0.47,2490814.1,Medium
R02707,B1488,"Please quote for 3548 hydraulic cylinders, Steel, MS, 50 mm. Location: Bengaluru. Required by 28 days.",Hydraulic Cylinders,Steel,MS,50 mm,3548,units,Bengaluru,28,Industrial plant,Flexible,0.6,167611.99,Low
R02708,B0706,"Looking for 9692 units of Stainless Steel steel brackets (MS), size 5 mm, for our automotive plant in Bengaluru. Need delivery in 26 days.",Steel Brackets,Stainless Steel,MS,5 mm,9692,units,Bengaluru,26,Automotive,Flexible,0.85,1469379.26,High
R02709,B0045,"Need 11932 gearboxes for general manufacturing, Cast Iron Helical, 5 HP. Delivery required in Chennai within 13 days. Please share quotation.",Gearboxes,Cast Iron,Helical,5 HP,11932,units,Chennai,13,General manufacturing,Normal,0.11,5223521.58,High
R02710,B0804,"Please quote for 11497 hydraulic cylinders, Steel, MS, 150 mm. Location: Pune. Required by 23 days.",Hydraulic Cylinders,Steel,MS,150 mm,11497,units,Pune,23,Industrial plant,Normal,0.74,2868411.76,High
R02711,B0954,"Looking for 3567 units of Mild Steel sheet metal parts (MS), size 10 mm, for our oem project plant in Nashik. Need delivery in 20 days.",Sheet Metal Parts,Mild Steel,MS,10 mm,3567,units,Nashik,20,OEM project,Normal,0.92,460729.98,Medium
R02712,B0602,"Please quote for 4459 gearboxes, Steel, Worm, 10 HP. Location: Hyderabad. Required by 27 days.",Gearboxes,Steel,Worm,10 HP,4459,units,Hyderabad,27,OEM project,Flexible,0.28,2160174.57,Medium
R02713,B1125,"Looking for 5901 units of Cast Iron gearboxes (Worm), size 5 HP, for our construction plant in Chennai. Need delivery in 43 days.",Gearboxes,Cast Iron,Worm,5 HP,5901,units,Chennai,43,Construction,Flexible,0.39,2241862.51,Medium
R02714,B1337,"Please quote for 9551 electric motors, Cast Iron, IE2, 25 HP. Location: Nashik. Required by 20 days.",Electric Motors,Cast Iron,IE2,25 HP,9551,units,Nashik,20,Industrial plant,Normal,0.67,3314993.27,High
R02715,B0957,"Looking for 2385 units of Steel hydraulic cylinders (SS304), size 100 mm, for our oem project plant in Nashik. Need delivery in 45 days.",Hydraulic Cylinders,Steel,SS304,100 mm,2385,units,Nashik,45,OEM project,Flexible,0.53,146705.94,Low
R02716,B0913,"Please quote for 4683 conveyor belts, PU, Grade A, 800 mm. Location: Kolkata. Required by 33 days.",Conveyor Belts,PU,Grade A,800 mm,4683,units,Kolkata,33,General manufacturing,Flexible,0.72,536120.04,Medium
R02717,B0840,"Please quote for 8816 industrial pumps, Stainless Steel, SS304, 20 HP. Location: Chennai. Required by 14 days.",Industrial Pumps,Stainless Steel,SS304,20 HP,8816,units,Chennai,14,General manufacturing,Normal,0.54,408082.58,Medium
R02718,B0827,"Need 2882 gearboxes for automotive, Steel Worm, 10 HP. Delivery required in Pune within 24 days. Please share quotation.",Gearboxes,Steel,Worm,10 HP,2882,units,Pune,24,Automotive,Normal,0.14,1396600.95,Medium
R02719,B0176,"Need 6687 ball valves for oem project, Carbon Steel SS304, 2 inch. Delivery required in Bengaluru within 8 days. Please share quotation.",Ball Valves,Carbon Steel,SS304,2 inch,6687,units,Bengaluru,8,OEM project,Urgent,0.06,1244761.73,High
R02720,B1043,"Looking for 2073 units of Stainless Steel ball valves (CS), size 3 inch, for our general manufacturing plant in Nagpur. Need delivery in 35 days.",Ball Valves,Stainless Steel,CS,3 inch,2073,units,Nagpur,35,General manufacturing,Flexible,0.31,469495.46,Low
R02721,B0949,"Need 889 ball valves for automotive, Carbon Steel SS316, 2 inch. Delivery required in Mumbai within 34 days. Please share quotation.",Ball Valves,Carbon Steel,SS316,2 inch,889,units,Mumbai,34,Automotive,Flexible,0.11,279821.32,Low
R02722,B1410,"Please quote for 6371 hydraulic cylinders, Stainless Steel, MS, 50 mm. Location: Ahmedabad. Required by 7 days.",Hydraulic Cylinders,Stainless Steel,MS,50 mm,6371,units,Ahmedabad,7,Industrial plant,Urgent,0.94,1151412.87,High
R02723,B0949,"Please quote for 5216 hydraulic cylinders, Stainless Steel, SS304, 50 mm. Location: Mumbai. Required by 27 days.",Hydraulic Cylinders,Stainless Steel,SS304,50 mm,5216,units,Mumbai,27,OEM project,Flexible,0.12,502678.87,Medium
R02724,B0907,"Please quote for 2364 conveyor belts, Rubber, Grade A, 500 mm. Location: Mumbai. Required by 20 days.",Conveyor Belts,Rubber,Grade A,500 mm,2364,units,Mumbai,20,OEM project,Normal,0.32,652737.41,Medium
R02725,B0261,"Please quote for 7980 hydraulic cylinders, Stainless Steel, SS304, 150 mm. Location: Delhi. Required by 21 days.",Hydraulic Cylinders,Stainless Steel,SS304,150 mm,7980,units,Delhi,21,Industrial plant,Normal,0.71,421184.62,Medium
R02726,B0799,"Please quote for 9525 ball valves, Stainless Steel, SS316, 2 inch. Location: Ahmedabad. Required by 42 days.",Ball Valves,Stainless Steel,SS316,2 inch,9525,units,Ahmedabad,42,OEM project,Flexible,0.52,2587929.12,Medium
R02727,B0389,"Looking for 7444 units of Mild Steel sheet metal parts (MS), size 10 mm, for our construction plant in Bengaluru. Need delivery in 35 days.",Sheet Metal Parts,Mild Steel,MS,10 mm,7444,units,Bengaluru,35,Construction,Flexible,0.05,3367225.2,Medium
R02728,B0778,"Looking for 10016 units of Mild Steel steel brackets (MS), size 5 mm, for our construction plant in Kolkata. Need delivery in 20 days.",Steel Brackets,Mild Steel,MS,5 mm,10016,units,Kolkata,20,Construction,Normal,0.93,3094051.29,High
R02729,B1029,"Please quote for 3271 industrial pumps, Cast Iron, SS316, 20 HP. Location: Pune. Required by 29 days.",Industrial Pumps,Cast Iron,SS316,20 HP,3271,units,Pune,29,Industrial plant,Flexible,0.92,1611591.53,Medium
R02730,B0088,"Please quote for 4943 sheet metal parts, Mild Steel, SS304, 5 mm. Location: Hyderabad. Required by 18 days.",Sheet Metal Parts,Mild Steel,SS304,5 mm,4943,units,Hyderabad,18,Automotive,Normal,0.95,430533.86,Medium
R02731,B0152,"Looking for 9311 units of Stainless Steel sheet metal parts (MS), size 10 mm, for our oem project plant in Pune. Need delivery in 40 days.",Sheet Metal Parts,Stainless Steel,MS,10 mm,9311,units,Pune,40,OEM project,Flexible,0.66,998149.85,Medium
R02732,B0339,"Need 6299 steel brackets for automotive, Mild Steel SS304, 3 mm. Delivery required in Kolkata within 20 days. Please share quotation.",Steel Brackets,Mild Steel,SS304,3 mm,6299,units,Kolkata,20,Automotive,Normal,0.49,2149365.94,Medium
R02733,B0055,"Looking for 6111 units of Cast Iron industrial pumps (SS316), size 10 HP, for our automotive plant in Mumbai. Need delivery in 42 days.",Industrial Pumps,Cast Iron,SS316,10 HP,6111,units,Mumbai,42,Automotive,Flexible,0.24,2249941.31,Medium
R02734,B0127,"Need 7002 sheet metal parts for oem project, Stainless Steel MS, 2 mm. Delivery required in Chennai within 19 days. Please share quotation.",Sheet Metal Parts,Stainless Steel,MS,2 mm,7002,units,Chennai,19,OEM project,Normal,0.14,400942.4,Medium
R02735,B1272,"Looking for 7336 units of PU conveyor belts (Food Grade), size 500 mm, for our industrial plant plant in Hyderabad. Need delivery in 33 days.",Conveyor Belts,PU,Food Grade,500 mm,7336,units,Hyderabad,33,Industrial plant,Flexible,0.89,759500.97,Medium
R02736,B0729,"Looking for 2453 units of Cast Iron electric motors (IE3), size 25 HP, for our industrial plant plant in Nashik. Need delivery in 20 days.",Electric Motors,Cast Iron,IE3,25 HP,2453,units,Nashik,20,Industrial plant,Normal,0.94,143172.02,Medium
R02737,B1358,"Looking for 7838 units of Rubber conveyor belts (Grade A), size 500 mm, for our construction plant in Kolkata. Need delivery in 10 days.",Conveyor Belts,Rubber,Grade A,500 mm,7838,units,Kolkata,10,Construction,Urgent,0.45,1915111.09,High
R02738,B0961,"Looking for 11545 units of Cast Iron industrial pumps (SS316), size 20 HP, for our construction plant in Nashik. Need delivery in 22 days.",Industrial Pumps,Cast Iron,SS316,20 HP,11545,units,Nashik,22,Construction,Normal,0.65,4806722.82,High
R02739,B0323,"Looking for 1825 units of Mild Steel sheet metal parts (MS), size 2 mm, for our oem project plant in Bengaluru. Need delivery in 29 days.",Sheet Metal Parts,Mild Steel,MS,2 mm,1825,units,Bengaluru,29,OEM project,Flexible,0.8,150833.28,Low
R02740,B1173,"Need 4603 hydraulic cylinders for construction, Stainless Steel MS, 150 mm. Delivery required in Hyderabad within 36 days. Please share quotation.",Hydraulic Cylinders,Stainless Steel,MS,150 mm,4603,units,Hyderabad,36,Construction,Flexible,0.19,119811.84,Low
R02741,B0317,"Looking for 6213 units of Stainless Steel hydraulic cylinders (SS304), size 50 mm, for our general manufacturing plant in Delhi. Need delivery in 14 days.",Hydraulic Cylinders,Stainless Steel,SS304,50 mm,6213,units,Delhi,14,General manufacturing,Normal,0.31,335835.79,Medium
R02742,B0849,"Please quote for 9027 ball valves, Stainless Steel, SS304, 1 inch. Location: Chennai. Required by 13 days.",Ball Valves,Stainless Steel,SS304,1 inch,9027,units,Chennai,13,OEM project,Normal,0.89,2064073.57,High
R02743,B1154,"Looking for 10647 units of Cast Iron electric motors (IE2), size 10 HP, for our oem project plant in Nagpur. Need delivery in 23 days.",Electric Motors,Cast Iron,IE2,10 HP,10647,units,Nagpur,23,OEM project,Normal,0.66,3436204.16,High
R02744,B0248,"Please quote for 6803 electric motors, Aluminium, IE2, 10 HP. Location: Nashik. Required by 15 days.",Electric Motors,Aluminium,IE2,10 HP,6803,units,Nashik,15,OEM project,Normal,0.47,388501.93,Medium
R02745,B0482,"Please quote for 2313 industrial pumps, Stainless Steel, SS304, 20 HP. Location: Nashik. Required by 11 days.",Industrial Pumps,Stainless Steel,SS304,20 HP,2313,units,Nashik,11,Automotive,Normal,0.72,647779.38,High
R02746,B1099,"Need 6977 gearboxes for general manufacturing, Cast Iron Helical, 5 HP. Delivery required in Hyderabad within 7 days. Please share quotation.",Gearboxes,Cast Iron,Helical,5 HP,6977,units,Hyderabad,7,General manufacturing,Urgent,0.26,1097370.96,High
R02747,B1088,"Please quote for 8000 sheet metal parts, Stainless Steel, MS, 2 mm. Location: Delhi. Required by 39 days.",Sheet Metal Parts,Stainless Steel,MS,2 mm,8000,units,Delhi,39,Automotive,Flexible,0.73,1707100.61,Medium
R02748,B1411,"Looking for 3015 units of Stainless Steel hydraulic cylinders (SS304), size 50 mm, for our automotive plant in Chennai. Need delivery in 15 days.",Hydraulic Cylinders,Stainless Steel,SS304,50 mm,3015,units,Chennai,15,Automotive,Normal,0.9,137294.56,Medium
R02749,B0876,"Please quote for 2094 hydraulic cylinders, Steel, SS304, 50 mm. Location: Chennai. Required by 6 days.",Hydraulic Cylinders,Steel,SS304,50 mm,2094,units,Chennai,6,Construction,Urgent,0.81,706301.16,High
R02750,B0844,"Please quote for 8815 hydraulic cylinders, Stainless Steel, SS304, 100 mm. Location: Hyderabad. Required by 27 days.",Hydraulic Cylinders,Stainless Steel,SS304,100 mm,8815,units,Hyderabad,27,General manufacturing,Flexible,0.86,3187447.61,High
R02751,B0434,"Looking for 8294 units of Carbon Steel ball valves (SS304), size 3 inch, for our automotive plant in Ahmedabad. Need delivery in 3 days.",Ball Valves,Carbon Steel,SS304,3 inch,8294,units,Ahmedabad,3,Automotive,Urgent,0.26,2943058.0,High
R02752,B1482,"Please quote for 1619 sheet metal parts, Stainless Steel, SS304, 10 mm. Location: Pune. Required by 33 days.",Sheet Metal Parts,Stainless Steel,SS304,10 mm,1619,units,Pune,33,Industrial plant,Flexible,0.69,146826.44,Low
R02753,B1012,"Looking for 2714 units of Rubber conveyor belts (Food Grade), size 800 mm, for our industrial plant plant in Nashik. Need delivery in 16 days.",Conveyor Belts,Rubber,Food Grade,800 mm,2714,units,Nashik,16,Industrial plant,Normal,0.37,208793.57,Low
R02754,B0781,"Need 11461 gearboxes for automotive, Steel Helical, 2 HP. Delivery required in Pune within 5 days. Please share quotation.",Gearboxes,Steel,Helical,2 HP,11461,units,Pune,5,Automotive,Urgent,0.64,903573.11,High
R02755,B1206,"Please quote for 3546 electric motors, Cast Iron, IE2, 25 HP. Location: Delhi. Required by 22 days.",Electric Motors,Cast Iron,IE2,25 HP,3546,units,Delhi,22,OEM project,Normal,0.68,742833.68,Medium
R02756,B0944,"Looking for 5715 units of Rubber conveyor belts (Food Grade), size 1000 mm, for our automotive plant in Bengaluru. Need delivery in 36 days.",Conveyor Belts,Rubber,Food Grade,1000 mm,5715,units,Bengaluru,36,Automotive,Flexible,0.1,2232938.7,Medium
R02757,B0795,"Please quote for 11891 conveyor belts, Rubber, Grade A, 1000 mm. Location: Kolkata. Required by 11 days.",Conveyor Belts,Rubber,Grade A,1000 mm,11891,units,Kolkata,11,Industrial plant,Normal,0.93,1805239.09,High
R02758,B0224,"Please quote for 3264 hydraulic cylinders, Steel, MS, 150 mm. Location: Kolkata. Required by 8 days.",Hydraulic Cylinders,Steel,MS,150 mm,3264,units,Kolkata,8,Industrial plant,Urgent,0.94,532688.52,High
R02759,B0512,"Need 4604 steel brackets for automotive, Stainless Steel SS304, 5 mm. Delivery required in Bengaluru within 32 days. Please share quotation.",Steel Brackets,Stainless Steel,SS304,5 mm,4604,units,Bengaluru,32,Automotive,Flexible,0.84,2216653.85,Medium
R02760,B0170,"Need 6937 sheet metal parts for general manufacturing, Mild Steel MS, 2 mm. Delivery required in Bengaluru within 15 days. Please share quotation.",Sheet Metal Parts,Mild Steel,MS,2 mm,6937,units,Bengaluru,15,General manufacturing,Normal,0.47,2019960.3,High
R02761,B1241,"Please quote for 2572 conveyor belts, Rubber, Grade A, 1000 mm. Location: Hyderabad. Required by 13 days.",Conveyor Belts,Rubber,Grade A,1000 mm,2572,units,Hyderabad,13,General manufacturing,Normal,0.61,949336.67,Medium
R02762,B0826,"Need 4946 industrial pumps for general manufacturing, Cast Iron CI, 5 HP. Delivery required in Mumbai within 35 days. Please share quotation.",Industrial Pumps,Cast Iron,CI,5 HP,4946,units,Mumbai,35,General manufacturing,Flexible,0.08,952210.96,Medium
R02763,B1199,"Looking for 305 units of Stainless Steel steel brackets (SS304), size 8 mm, for our oem project plant in Chennai. Need delivery in 23 days.",Steel Brackets,Stainless Steel,SS304,8 mm,305,units,Chennai,23,OEM project,Normal,0.32,40863.01,Low
R02764,B0828,"Need 4310 conveyor belts for oem project, PU Grade A, 500 mm. Delivery required in Nagpur within 11 days. Please share quotation.",Conveyor Belts,PU,Grade A,500 mm,4310,units,Nagpur,11,OEM project,Normal,0.66,1153718.56,High
R02765,B0348,"Need 4121 hydraulic cylinders for construction, Stainless Steel SS304, 50 mm. Delivery required in Bengaluru within 45 days. Please share quotation.",Hydraulic Cylinders,Stainless Steel,SS304,50 mm,4121,units,Bengaluru,45,Construction,Flexible,0.03,1402795.43,Medium
R02766,B1131,"Looking for 3962 units of Mild Steel steel brackets (MS), size 8 mm, for our industrial plant plant in Pune. Need delivery in 3 days.",Steel Brackets,Mild Steel,MS,8 mm,3962,units,Pune,3,Industrial plant,Urgent,0.37,1415875.97,High
R02767,B0492,"Need 1607 conveyor belts for oem project, PU Food Grade, 1000 mm. Delivery required in Pune within 35 days. Please share quotation.",Conveyor Belts,PU,Food Grade,1000 mm,1607,units,Pune,35,OEM project,Flexible,0.89,737794.51,Medium
R02768,B0282,"Please quote for 7269 steel brackets, Mild Steel, SS304, 5 mm. Location: Kolkata. Required by 16 days.",Steel Brackets,Mild Steel,SS304,5 mm,7269,units,Kolkata,16,Construction,Normal,0.08,2971539.42,Medium
R02769,B1007,"Need 1429 ball valves for automotive, Carbon Steel CS, 2 inch. Delivery required in Chennai within 31 days. Please share quotation.",Ball Valves,Carbon Steel,CS,2 inch,1429,units,Chennai,31,Automotive,Flexible,0.44,65118.83,Low
R02770,B0128,"Need 4307 sheet metal parts for oem project, Stainless Steel SS304, 5 mm. Delivery required in Mumbai within 33 days. Please share quotation.",Sheet Metal Parts,Stainless Steel,SS304,5 mm,4307,units,Mumbai,33,OEM project,Flexible,0.75,123292.13,Low
R02771,B0192,"Please quote for 11279 ball valves, Stainless Steel, SS304, 1 inch. Location: Nashik. Required by 10 days.",Ball Valves,Stainless Steel,SS304,1 inch,11279,units,Nashik,10,Construction,Urgent,0.82,269037.63,High
R02772,B0512,"Please quote for 10841 conveyor belts, Rubber, Grade A, 800 mm. Location: Kolkata. Required by 7 days.",Conveyor Belts,Rubber,Grade A,800 mm,10841,units,Kolkata,7,OEM project,Urgent,0.45,1603948.68,High
R02773,B1117,"Please quote for 1256 gearboxes, Steel, Worm, 5 HP. Location: Kolkata. Required by 22 days.",Gearboxes,Steel,Worm,5 HP,1256,units,Kolkata,22,General manufacturing,Normal,0.83,440070.72,Low
R02774,B0945,"Please quote for 7280 conveyor belts, PU, Food Grade, 1000 mm. Location: Ahmedabad. Required by 34 days.",Conveyor Belts,PU,Food Grade,1000 mm,7280,units,Ahmedabad,34,Automotive,Flexible,1.0,1164221.47,Medium
R02775,B0712,"Looking for 9997 units of Stainless Steel ball valves (CS), size 3 inch, for our industrial plant plant in Pune. Need delivery in 35 days.",Ball Valves,Stainless Steel,CS,3 inch,9997,units,Pune,35,Industrial plant,Flexible,0.12,3779077.36,Medium
R02776,B0324,"Please quote for 6196 sheet metal parts, Stainless Steel, MS, 2 mm. Location: Hyderabad. Required by 29 days.",Sheet Metal Parts,Stainless Steel,MS,2 mm,6196,units,Hyderabad,29,OEM project,Flexible,0.72,2633788.34,High
R02777,B0869,"Looking for 8250 units of Stainless Steel sheet metal parts (MS), size 10 mm, for our construction plant in Hyderabad. Need delivery in 27 days.",Sheet Metal Parts,Stainless Steel,MS,10 mm,8250,units,Hyderabad,27,Construction,Flexible,0.84,2299547.79,High
R02778,B0081,"Looking for 7621 units of Stainless Steel sheet metal parts (SS304), size 10 mm, for our general manufacturing plant in Chennai. Need delivery in 30 days.",Sheet Metal Parts,Stainless Steel,SS304,10 mm,7621,units,Chennai,30,General manufacturing,Flexible,0.32,2006925.68,Medium
R02779,B0579,"Please quote for 11996 gearboxes, Cast Iron, Helical, 10 HP. Location: Delhi. Required by 33 days.",Gearboxes,Cast Iron,Helical,10 HP,11996,units,Delhi,33,Industrial plant,Flexible,0.09,2932548.93,Medium
R02780,B0754,"Looking for 8213 units of Mild Steel steel brackets (MS), size 8 mm, for our general manufacturing plant in Hyderabad. Need delivery in 24 days.",Steel Brackets,Mild Steel,MS,8 mm,8213,units,Hyderabad,24,General manufacturing,Normal,0.84,3730828.45,High
R02781,B1394,"Please quote for 7555 industrial pumps, Cast Iron, SS304, 5 HP. Location: Delhi. Required by 11 days.",Industrial Pumps,Cast Iron,SS304,5 HP,7555,units,Delhi,11,Automotive,Normal,0.58,3045550.12,High
R02782,B0447,"Need 2582 industrial pumps for construction, Stainless Steel CI, 20 HP. Delivery required in Nagpur within 45 days. Please share quotation.",Industrial Pumps,Stainless Steel,CI,20 HP,2582,units,Nagpur,45,Construction,Flexible,0.51,545340.18,Medium
R02783,B1330,"Need 9825 conveyor belts for oem project, PU Grade A, 800 mm. Delivery required in Nagpur within 7 days. Please share quotation.",Conveyor Belts,PU,Grade A,800 mm,9825,units,Nagpur,7,OEM project,Urgent,0.35,3426905.78,High
R02784,B0585,"Please quote for 10254 electric motors, Aluminium, IE3, 10 HP. Location: Mumbai. Required by 39 days.",Electric Motors,Aluminium,IE3,10 HP,10254,units,Mumbai,39,General manufacturing,Flexible,0.74,2892217.42,Medium
R02785,B0414,"Looking for 7226 units of Mild Steel sheet metal parts (MS), size 10 mm, for our oem project plant in Nashik. Need delivery in 21 days.",Sheet Metal Parts,Mild Steel,MS,10 mm,7226,units,Nashik,21,OEM project,Normal,0.37,975596.28,Medium
R02786,B1009,"Need 2334 industrial pumps for industrial plant, Cast Iron SS304, 10 HP. Delivery required in Hyderabad within 32 days. Please share quotation.",Industrial Pumps,Cast Iron,SS304,10 HP,2334,units,Hyderabad,32,Industrial plant,Flexible,0.08,673659.45,Medium
R02787,B0952,"Need 6543 conveyor belts for automotive, Rubber Grade A, 800 mm. Delivery required in Hyderabad within 31 days. Please share quotation.",Conveyor Belts,Rubber,Grade A,800 mm,6543,units,Hyderabad,31,Automotive,Flexible,0.01,1591547.39,Medium
R02788,B0215,"Please quote for 1306 hydraulic cylinders, Steel, MS, 100 mm. Location: Kolkata. Required by 41 days.",Hydraulic Cylinders,Steel,MS,100 mm,1306,units,Kolkata,41,OEM project,Flexible,0.58,75499.24,Low
R02789,B0989,"Please quote for 3146 gearboxes, Cast Iron, Worm, 2 HP. Location: Ahmedabad. Required by 27 days.",Gearboxes,Cast Iron,Worm,2 HP,3146,units,Ahmedabad,27,Automotive,Flexible,0.26,508943.22,Medium
R02790,B0697,"Looking for 5987 units of Carbon Steel ball valves (SS316), size 2 inch, for our automotive plant in Ahmedabad. Need delivery in 23 days.",Ball Valves,Carbon Steel,SS316,2 inch,5987,units,Ahmedabad,23,Automotive,Normal,0.59,713001.97,Medium
R02791,B1465,"Looking for 10765 units of Steel gearboxes (Helical), size 5 HP, for our industrial plant plant in Hyderabad. Need delivery in 28 days.",Gearboxes,Steel,Helical,5 HP,10765,units,Hyderabad,28,Industrial plant,Flexible,0.51,2863650.46,Medium
R02792,B1161,"Need 4846 hydraulic cylinders for construction, Steel MS, 100 mm. Delivery required in Ahmedabad within 16 days. Please share quotation.",Hydraulic Cylinders,Steel,MS,100 mm,4846,units,Ahmedabad,16,Construction,Normal,0.41,100269.24,Low
R02793,B0995,"Please quote for 342 conveyor belts, PU, Food Grade, 800 mm. Location: Hyderabad. Required by 44 days.",Conveyor Belts,PU,Food Grade,800 mm,342,units,Hyderabad,44,General manufacturing,Flexible,0.63,118249.37,Low
R02794,B0648,"Need 5626 conveyor belts for construction, PU Grade A, 800 mm. Delivery required in Nashik within 20 days. Please share quotation.",Conveyor Belts,PU,Grade A,800 mm,5626,units,Nashik,20,Construction,Normal,0.35,287586.65,Medium
R02795,B0315,"Please quote for 3236 industrial pumps, Stainless Steel, CI, 10 HP. Location: Bengaluru. Required by 7 days.",Industrial Pumps,Stainless Steel,CI,10 HP,3236,units,Bengaluru,7,OEM project,Urgent,0.71,388832.9,High
R02796,B0880,"Looking for 2392 units of Steel gearboxes (Helical), size 2 HP, for our automotive plant in Chennai. Need delivery in 8 days.",Gearboxes,Steel,Helical,2 HP,2392,units,Chennai,8,Automotive,Urgent,0.98,1041715.15,High
R02797,B1241,"Need 443 conveyor belts for automotive, PU Food Grade, 1000 mm. Delivery required in Nagpur within 38 days. Please share quotation.",Conveyor Belts,PU,Food Grade,1000 mm,443,units,Nagpur,38,Automotive,Flexible,0.99,19215.46,Low
R02798,B1003,"Please quote for 4015 conveyor belts, Rubber, Grade A, 1000 mm. Location: Hyderabad. Required by 11 days.",Conveyor Belts,Rubber,Grade A,1000 mm,4015,units,Hyderabad,11,Construction,Normal,0.79,906097.39,High
R02799,B0876,"Need 9422 ball valves for oem project, Stainless Steel CS, 2 inch. Delivery required in Mumbai within 11 days. Please share quotation.",Ball Valves,Stainless Steel,CS,2 inch,9422,units,Mumbai,11,OEM project,Normal,0.87,4185482.84,High
R02800,B1397,"Please quote for 2804 ball valves, Stainless Steel, CS, 3 inch. Location: Ahmedabad. Required by 26 days.",Ball Valves,Stainless Steel,CS,3 inch,2804,units,Ahmedabad,26,Automotive,Flexible,0.57,594422.42,Medium
R02801,B1441,"Looking for 1574 units of Cast Iron industrial pumps (CI), size 5 HP, for our oem project plant in Chennai. Need delivery in 12 days.",Industrial Pumps,Cast Iron,CI,5 HP,1574,units,Chennai,12,OEM project,Normal,0.57,746150.06,Medium
R02802,B0282,"Please quote for 1368 conveyor belts, Rubber, Food Grade, 500 mm. Location: Bengaluru. Required by 18 days.",Conveyor Belts,Rubber,Food Grade,500 mm,1368,units,Bengaluru,18,Construction,Normal,0.31,329681.03,Low
R02803,B0879,"Please quote for 11358 hydraulic cylinders, Steel, SS304, 150 mm. Location: Pune. Required by 39 days.",Hydraulic Cylinders,Steel,SS304,150 mm,11358,units,Pune,39,Construction,Flexible,0.17,718139.31,Medium
R02804,B1000,"Need 4696 steel brackets for industrial plant, Stainless Steel SS304, 5 mm. Delivery required in Hyderabad within 38 days. Please share quotation.",Steel Brackets,Stainless Steel,SS304,5 mm,4696,units,Hyderabad,38,Industrial plant,Flexible,0.21,387337.72,Low
R02805,B1140,"Please quote for 2338 gearboxes, Steel, Worm, 2 HP. Location: Nashik. Required by 16 days.",Gearboxes,Steel,Worm,2 HP,2338,units,Nashik,16,Industrial plant,Normal,0.21,271153.66,Low
R02806,B0977,"Looking for 1724 units of Stainless Steel ball valves (SS316), size 2 inch, for our industrial plant plant in Ahmedabad. Need delivery in 24 days.",Ball Valves,Stainless Steel,SS316,2 inch,1724,units,Ahmedabad,24,Industrial plant,Normal,0.61,482581.33,Low
R02807,B1201,"Looking for 11433 units of Cast Iron electric motors (IE3), size 10 HP, for our general manufacturing plant in Mumbai. Need delivery in 31 days.",Electric Motors,Cast Iron,IE3,10 HP,11433,units,Mumbai,31,General manufacturing,Flexible,0.67,2117490.2,Medium
R02808,B1358,"Please quote for 3010 industrial pumps, Cast Iron, CI, 10 HP. Location: Bengaluru. Required by 16 days.",Industrial Pumps,Cast Iron,CI,10 HP,3010,units,Bengaluru,16,Industrial plant,Normal,0.75,1267805.73,Medium
R02809,B0541,"Looking for 9641 units of Cast Iron electric motors (IE2), size 25 HP, for our automotive plant in Bengaluru. Need delivery in 23 days.",Electric Motors,Cast Iron,IE2,25 HP,9641,units,Bengaluru,23,Automotive,Normal,0.14,2427167.49,Medium
R02810,B0355,"Need 472 ball valves for industrial plant, Carbon Steel CS, 2 inch. Delivery required in Hyderabad within 30 days. Please share quotation.",Ball Valves,Carbon Steel,CS,2 inch,472,units,Hyderabad,30,Industrial plant,Flexible,0.03,106588.97,Low
R02811,B0265,"Looking for 4264 units of PU conveyor belts (Food Grade), size 500 mm, for our oem project plant in Nagpur. Need delivery in 21 days.",Conveyor Belts,PU,Food Grade,500 mm,4264,units,Nagpur,21,OEM project,Normal,0.12,1281517.46,Medium
R02812,B1484,"Looking for 6982 units of Stainless Steel steel brackets (SS304), size 5 mm, for our automotive plant in Kolkata. Need delivery in 11 days.",Steel Brackets,Stainless Steel,SS304,5 mm,6982,units,Kolkata,11,Automotive,Normal,0.64,728124.73,High
R02813,B0296,"Need 9527 industrial pumps for industrial plant, Stainless Steel SS304, 5 HP. Delivery required in Nashik within 25 days. Please share quotation.",Industrial Pumps,Stainless Steel,SS304,5 HP,9527,units,Nashik,25,Industrial plant,Normal,0.64,2904050.22,Medium
R02814,B0178,"Need 833 electric motors for oem project, Cast Iron IE2, 5 HP. Delivery required in Nashik within 34 days. Please share quotation.",Electric Motors,Cast Iron,IE2,5 HP,833,units,Nashik,34,OEM project,Flexible,0.02,83643.61,Low
R02815,B0508,"Looking for 9218 units of Stainless Steel steel brackets (MS), size 8 mm, for our general manufacturing plant in Nashik. Need delivery in 26 days.",Steel Brackets,Stainless Steel,MS,8 mm,9218,units,Nashik,26,General manufacturing,Flexible,0.79,4167666.85,High
R02816,B1315,"Need 576 electric motors for industrial plant, Aluminium IE2, 10 HP. Delivery required in Delhi within 14 days. Please share quotation.",Electric Motors,Aluminium,IE2,10 HP,576,units,Delhi,14,Industrial plant,Normal,0.01,140853.02,Low
R02817,B1152,"Please quote for 5707 sheet metal parts, Mild Steel, SS304, 2 mm. Location: Pune. Required by 27 days.",Sheet Metal Parts,Mild Steel,SS304,2 mm,5707,units,Pune,27,OEM project,Flexible,0.37,1511469.04,Medium
R02818,B0045,"Please quote for 5887 steel brackets, Stainless Steel, MS, 3 mm. Location: Mumbai. Required by 14 days.",Steel Brackets,Stainless Steel,MS,3 mm,5887,units,Mumbai,14,Industrial plant,Normal,0.58,2837107.43,High
R02819,B1026,"Please quote for 1704 sheet metal parts, Stainless Steel, SS304, 2 mm. Location: Chennai. Required by 10 days.",Sheet Metal Parts,Stainless Steel,SS304,2 mm,1704,units,Chennai,10,Construction,Urgent,0.49,275936.14,Medium
R02820,B0418,"Looking for 11049 units of Mild Steel sheet metal parts (SS304), size 10 mm, for our industrial plant plant in Pune. Need delivery in 9 days.",Sheet Metal Parts,Mild Steel,SS304,10 mm,11049,units,Pune,9,Industrial plant,Urgent,0.76,2984846.85,High
R02821,B1500,"Please quote for 8052 steel brackets, Mild Steel, MS, 8 mm. Location: Mumbai. Required by 24 days.",Steel Brackets,Mild Steel,MS,8 mm,8052,units,Mumbai,24,Construction,Normal,0.69,3289543.3,High
R02822,B1320,"Please quote for 9547 hydraulic cylinders, Stainless Steel, SS304, 50 mm. Location: Ahmedabad. Required by 31 days.",Hydraulic Cylinders,Stainless Steel,SS304,50 mm,9547,units,Ahmedabad,31,General manufacturing,Flexible,0.74,3913173.1,Medium
R02823,B0545,"Need 3607 industrial pumps for construction, Stainless Steel SS316, 5 HP. Delivery required in Hyderabad within 17 days. Please share quotation.",Industrial Pumps,Stainless Steel,SS316,5 HP,3607,units,Hyderabad,17,Construction,Normal,0.96,382988.75,Medium
R02824,B0558,"Please quote for 11842 ball valves, Carbon Steel, SS316, 3 inch. Location: Kolkata. Required by 44 days.",Ball Valves,Carbon Steel,SS316,3 inch,11842,units,Kolkata,44,General manufacturing,Flexible,0.22,3980273.24,Medium
R02825,B1069,"Please quote for 1073 sheet metal parts, Mild Steel, SS304, 2 mm. Location: Bengaluru. Required by 22 days.",Sheet Metal Parts,Mild Steel,SS304,2 mm,1073,units,Bengaluru,22,Industrial plant,Normal,0.62,484963.4,Low
R02826,B0867,"Looking for 2443 units of Stainless Steel hydraulic cylinders (MS), size 150 mm, for our oem project plant in Hyderabad. Need delivery in 23 days.",Hydraulic Cylinders,Stainless Steel,MS,150 mm,2443,units,Hyderabad,23,OEM project,Normal,0.55,815989.39,Medium
R02827,B0221,"Need 7401 electric motors for automotive, Aluminium IE2, 5 HP. Delivery required in Ahmedabad within 4 days. Please share quotation.",Electric Motors,Aluminium,IE2,5 HP,7401,units,Ahmedabad,4,Automotive,Urgent,0.9,563930.18,High
R02828,B0644,"Need 4466 conveyor belts for general manufacturing, Rubber Grade A, 800 mm. Delivery required in Delhi within 13 days. Please share quotation.",Conveyor Belts,Rubber,Grade A,800 mm,4466,units,Delhi,13,General manufacturing,Normal,0.67,1853641.61,High
R02829,B0821,"Please quote for 10897 ball valves, Carbon Steel, CS, 3 inch. Location: Bengaluru. Required by 23 days.",Ball Valves,Carbon Steel,CS,3 inch,10897,units,Bengaluru,23,Automotive,Normal,0.56,4781677.55,Medium
R02830,B1075,"Need 9890 industrial pumps for oem project, Stainless Steel SS316, 10 HP. Delivery required in Ahmedabad within 37 days. Please share quotation.",Industrial Pumps,Stainless Steel,SS316,10 HP,9890,units,Ahmedabad,37,OEM project,Flexible,0.61,1492812.42,Medium
R02831,B0391,"Need 9630 ball valves for oem project, Stainless Steel SS304, 2 inch. Delivery required in Bengaluru within 28 days. Please share quotation.",Ball Valves,Stainless Steel,SS304,2 inch,9630,units,Bengaluru,28,OEM project,Flexible,0.4,1062567.35,Medium
R02832,B1343,"Looking for 301 units of Mild Steel steel brackets (MS), size 5 mm, for our general manufacturing plant in Delhi. Need delivery in 6 days.",Steel Brackets,Mild Steel,MS,5 mm,301,units,Delhi,6,General manufacturing,Urgent,0.28,87923.16,Medium
R02833,B0668,"Please quote for 1826 ball valves, Stainless Steel, SS316, 2 inch. Location: Pune. Required by 39 days.",Ball Valves,Stainless Steel,SS316,2 inch,1826,units,Pune,39,Automotive,Flexible,0.16,741651.91,Low
R02834,B0386,"Need 11887 industrial pumps for oem project, Cast Iron SS316, 5 HP. Delivery required in Chennai within 21 days. Please share quotation.",Industrial Pumps,Cast Iron,SS316,5 HP,11887,units,Chennai,21,OEM project,Normal,0.53,1354354.14,Medium
R02835,B1060,"Please quote for 9272 gearboxes, Steel, Worm, 5 HP. Location: Delhi. Required by 19 days.",Gearboxes,Steel,Worm,5 HP,9272,units,Delhi,19,General manufacturing,Normal,0.51,4594022.19,Medium
R02836,B0447,"Need 10345 ball valves for industrial plant, Stainless Steel SS316, 3 inch. Delivery required in Kolkata within 27 days. Please share quotation.",Ball Valves,Stainless Steel,SS316,3 inch,10345,units,Kolkata,27,Industrial plant,Flexible,0.49,3326182.93,Medium
R02837,B1468,"Please quote for 2126 ball valves, Carbon Steel, CS, 2 inch. Location: Delhi. Required by 14 days.",Ball Valves,Carbon Steel,CS,2 inch,2126,units,Delhi,14,Construction,Normal,0.65,702590.29,High
R02838,B0540,"Looking for 1633 units of Mild Steel steel brackets (MS), size 5 mm, for our oem project plant in Bengaluru. Need delivery in 9 days.",Steel Brackets,Mild Steel,MS,5 mm,1633,units,Bengaluru,9,OEM project,Urgent,0.47,276479.83,Medium
R02839,B0611,"Looking for 2296 units of Stainless Steel industrial pumps (SS316), size 20 HP, for our general manufacturing plant in Bengaluru. Need delivery in 41 days.",Industrial Pumps,Stainless Steel,SS316,20 HP,2296,units,Bengaluru,41,General manufacturing,Flexible,0.55,419094.2,Low
R02840,B1351,"Please quote for 6425 sheet metal parts, Stainless Steel, MS, 10 mm. Location: Mumbai. Required by 19 days.",Sheet Metal Parts,Stainless Steel,MS,10 mm,6425,units,Mumbai,19,OEM project,Normal,0.26,334257.13,Medium
R02841,B0863,"Looking for 4946 units of Cast Iron industrial pumps (SS316), size 20 HP, for our general manufacturing plant in Ahmedabad. Need delivery in 39 days.",Industrial Pumps,Cast Iron,SS316,20 HP,4946,units,Ahmedabad,39,General manufacturing,Flexible,0.25,2065264.28,Medium
R02842,B0029,"Need 6634 sheet metal parts for general manufacturing, Mild Steel MS, 5 mm. Delivery required in Hyderabad within 28 days. Please share quotation.",Sheet Metal Parts,Mild Steel,MS,5 mm,6634,units,Hyderabad,28,General manufacturing,Flexible,0.1,1080036.01,Medium
R02843,B0969,"Looking for 6645 units of Stainless Steel hydraulic cylinders (SS304), size 50 mm, for our automotive plant in Bengaluru. Need delivery in 38 days.",Hydraulic Cylinders,Stainless Steel,SS304,50 mm,6645,units,Bengaluru,38,Automotive,Flexible,0.55,319139.21,Low
R02844,B0246,"Looking for 11089 units of Cast Iron gearboxes (Worm), size 2 HP, for our oem project plant in Nagpur. Need delivery in 29 days.",Gearboxes,Cast Iron,Worm,2 HP,11089,units,Nagpur,29,OEM project,Flexible,0.42,1000320.55,Medium
R02845,B0688,"Please quote for 6893 conveyor belts, Rubber, Food Grade, 500 mm. Location: Pune. Required by 8 days.",Conveyor Belts,Rubber,Food Grade,500 mm,6893,units,Pune,8,General manufacturing,Urgent,0.07,1516429.19,High
R02846,B0169,"Please quote for 3131 conveyor belts, Rubber, Food Grade, 500 mm. Location: Bengaluru. Required by 44 days.",Conveyor Belts,Rubber,Food Grade,500 mm,3131,units,Bengaluru,44,Construction,Flexible,0.99,1388490.36,Medium
R02847,B1481,"Looking for 2192 units of Stainless Steel steel brackets (SS304), size 8 mm, for our industrial plant plant in Pune. Need delivery in 6 days.",Steel Brackets,Stainless Steel,SS304,8 mm,2192,units,Pune,6,Industrial plant,Urgent,0.47,333616.96,Medium
R02848,B0451,"Looking for 8941 units of Aluminium electric motors (IE3), size 5 HP, for our industrial plant plant in Bengaluru. Need delivery in 17 days.",Electric Motors,Aluminium,IE3,5 HP,8941,units,Bengaluru,17,Industrial plant,Normal,0.85,3170429.94,High
R02849,B1153,"Need 11266 steel brackets for construction, Mild Steel MS, 3 mm. Delivery required in Mumbai within 35 days. Please share quotation.",Steel Brackets,Mild Steel,MS,3 mm,11266,units,Mumbai,35,Construction,Flexible,0.11,2273194.3,Medium
R02850,B0272,"Need 8554 steel brackets for general manufacturing, Mild Steel MS, 5 mm. Delivery required in Chennai within 7 days. Please share quotation.",Steel Brackets,Mild Steel,MS,5 mm,8554,units,Chennai,7,General manufacturing,Urgent,0.1,364655.97,High
R02851,B0275,"Looking for 8406 units of Cast Iron industrial pumps (SS304), size 5 HP, for our construction plant in Nashik. Need delivery in 8 days.",Industrial Pumps,Cast Iron,SS304,5 HP,8406,units,Nashik,8,Construction,Urgent,0.1,2884350.58,High
R02852,B1429,"Please quote for 4777 ball valves, Stainless Steel, CS, 1 inch. Location: Pune. Required by 44 days.",Ball Valves,Stainless Steel,CS,1 inch,4777,units,Pune,44,Automotive,Flexible,0.34,792858.88,Medium
R02853,B0252,"Please quote for 6380 hydraulic cylinders, Stainless Steel, SS304, 150 mm. Location: Nagpur. Required by 27 days.",Hydraulic Cylinders,Stainless Steel,SS304,150 mm,6380,units,Nagpur,27,Industrial plant,Flexible,0.14,441244.96,Medium
R02854,B0354,"Need 7877 conveyor belts for general manufacturing, PU Food Grade, 1000 mm. Delivery required in Ahmedabad within 10 days. Please share quotation.",Conveyor Belts,PU,Food Grade,1000 mm,7877,units,Ahmedabad,10,General manufacturing,Urgent,0.99,2496723.62,High
R02855,B1356,"Please quote for 2940 industrial pumps, Stainless Steel, SS304, 10 HP. Location: Nashik. Required by 17 days.",Industrial Pumps,Stainless Steel,SS304,10 HP,2940,units,Nashik,17,General manufacturing,Normal,0.19,1453132.19,Medium
R02856,B0018,"Please quote for 2638 hydraulic cylinders, Steel, SS304, 150 mm. Location: Mumbai. Required by 7 days.",Hydraulic Cylinders,Steel,SS304,150 mm,2638,units,Mumbai,7,Automotive,Urgent,0.93,612350.45,High
R02857,B0192,"Looking for 7048 units of Rubber conveyor belts (Food Grade), size 800 mm, for our automotive plant in Ahmedabad. Need delivery in 11 days.",Conveyor Belts,Rubber,Food Grade,800 mm,7048,units,Ahmedabad,11,Automotive,Normal,0.92,2602782.76,High
R02858,B0680,"Need 677 conveyor belts for automotive, Rubber Grade A, 500 mm. Delivery required in Nagpur within 10 days. Please share quotation.",Conveyor Belts,Rubber,Grade A,500 mm,677,units,Nagpur,10,Automotive,Urgent,0.65,29154.54,Medium
R02859,B0734,"Need 6361 industrial pumps for general manufacturing, Cast Iron CI, 10 HP. Delivery required in Hyderabad within 37 days. Please share quotation.",Industrial Pumps,Cast Iron,CI,10 HP,6361,units,Hyderabad,37,General manufacturing,Flexible,0.47,2697663.47,Medium
R02860,B0630,"Looking for 8692 units of Stainless Steel steel brackets (MS), size 8 mm, for our industrial plant plant in Delhi. Need delivery in 39 days.",Steel Brackets,Stainless Steel,MS,8 mm,8692,units,Delhi,39,Industrial plant,Flexible,0.53,1068630.63,Medium
R02861,B1221,"Need 11900 industrial pumps for general manufacturing, Cast Iron SS316, 20 HP. Delivery required in Hyderabad within 25 days. Please share quotation.",Industrial Pumps,Cast Iron,SS316,20 HP,11900,units,Hyderabad,25,General manufacturing,Normal,0.55,3503996.88,Medium
R02862,B1394,"Need 1214 ball valves for construction, Carbon Steel SS316, 1 inch. Delivery required in Nashik within 44 days. Please share quotation.",Ball Valves,Carbon Steel,SS316,1 inch,1214,units,Nashik,44,Construction,Flexible,0.95,363403.06,Low
R02863,B0556,"Please quote for 7646 gearboxes, Cast Iron, Worm, 10 HP. Location: Kolkata. Required by 10 days.",Gearboxes,Cast Iron,Worm,10 HP,7646,units,Kolkata,10,OEM project,Urgent,0.57,1131246.5,High
R02864,B0636,"Looking for 4969 units of Cast Iron electric motors (IE3), size 25 HP, for our oem project plant in Kolkata. Need delivery in 22 days.",Electric Motors,Cast Iron,IE3,25 HP,4969,units,Kolkata,22,OEM project,Normal,0.97,1986157.02,Medium
R02865,B0114,"Looking for 10330 units of Carbon Steel ball valves (SS304), size 1 inch, for our industrial plant plant in Bengaluru. Need delivery in 32 days.",Ball Valves,Carbon Steel,SS304,1 inch,10330,units,Bengaluru,32,Industrial plant,Flexible,0.06,2087985.89,Medium
R02866,B0434,"Please quote for 8786 conveyor belts, Rubber, Food Grade, 500 mm. Location: Nashik. Required by 31 days.",Conveyor Belts,Rubber,Food Grade,500 mm,8786,units,Nashik,31,General manufacturing,Flexible,0.6,3406617.35,Medium
R02867,B0022,"Looking for 10464 units of Stainless Steel hydraulic cylinders (SS304), size 150 mm, for our oem project plant in Nashik. Need delivery in 24 days.",Hydraulic Cylinders,Stainless Steel,SS304,150 mm,10464,units,Nashik,24,OEM project,Normal,0.79,4422660.97,High
R02868,B1146,"Looking for 11101 units of Mild Steel sheet metal parts (MS), size 10 mm, for our automotive plant in Chennai. Need delivery in 38 days.",Sheet Metal Parts,Mild Steel,MS,10 mm,11101,units,Chennai,38,Automotive,Flexible,0.16,1582524.68,Medium
R02869,B1156,"Need 1916 sheet metal parts for oem project, Stainless Steel MS, 10 mm. Delivery required in Nagpur within 8 days. Please share quotation.",Sheet Metal Parts,Stainless Steel,MS,10 mm,1916,units,Nagpur,8,OEM project,Urgent,0.51,898081.36,Medium
R02870,B0802,"Please quote for 3890 conveyor belts, PU, Grade A, 800 mm. Location: Nagpur. Required by 35 days.",Conveyor Belts,PU,Grade A,800 mm,3890,units,Nagpur,35,Construction,Flexible,0.12,756054.02,Medium
R02871,B1447,"Looking for 2200 units of Stainless Steel ball valves (SS316), size 2 inch, for our construction plant in Chennai. Need delivery in 35 days.",Ball Valves,Stainless Steel,SS316,2 inch,2200,units,Chennai,35,Construction,Flexible,0.93,119396.96,Low
R02872,B1453,"Looking for 8300 units of Mild Steel sheet metal parts (SS304), size 2 mm, for our construction plant in Mumbai. Need delivery in 22 days.",Sheet Metal Parts,Mild Steel,SS304,2 mm,8300,units,Mumbai,22,Construction,Normal,0.59,1564013.99,Medium
R02873,B0582,"Looking for 593 units of Stainless Steel sheet metal parts (MS), size 10 mm, for our construction plant in Mumbai. Need delivery in 21 days.",Sheet Metal Parts,Stainless Steel,MS,10 mm,593,units,Mumbai,21,Construction,Normal,0.8,103356.29,Low
R02874,B0263,"Need 2310 ball valves for oem project, Stainless Steel CS, 1 inch. Delivery required in Mumbai within 42 days. Please share quotation.",Ball Valves,Stainless Steel,CS,1 inch,2310,units,Mumbai,42,OEM project,Flexible,0.96,272920.55,Low
R02875,B0142,"Looking for 9291 units of Rubber conveyor belts (Grade A), size 500 mm, for our industrial plant plant in Nashik. Need delivery in 44 days.",Conveyor Belts,Rubber,Grade A,500 mm,9291,units,Nashik,44,Industrial plant,Flexible,0.43,4300902.29,Medium
R02876,B0038,"Please quote for 3318 sheet metal parts, Mild Steel, SS304, 10 mm. Location: Kolkata. Required by 13 days.",Sheet Metal Parts,Mild Steel,SS304,10 mm,3318,units,Kolkata,13,OEM project,Normal,0.01,162499.9,Medium
R02877,B1497,"Need 11338 sheet metal parts for general manufacturing, Stainless Steel MS, 5 mm. Delivery required in Ahmedabad within 40 days. Please share quotation.",Sheet Metal Parts,Stainless Steel,MS,5 mm,11338,units,Ahmedabad,40,General manufacturing,Flexible,0.14,3444344.65,Medium
R02878,B0797,"Looking for 868 units of PU conveyor belts (Food Grade), size 500 mm, for our construction plant in Mumbai. Need delivery in 13 days.",Conveyor Belts,PU,Food Grade,500 mm,868,units,Mumbai,13,Construction,Normal,0.58,321032.28,Low
R02879,B0376,"Need 10418 sheet metal parts for construction, Mild Steel SS304, 5 mm. Delivery required in Bengaluru within 30 days. Please share quotation.",Sheet Metal Parts,Mild Steel,SS304,5 mm,10418,units,Bengaluru,30,Construction,Flexible,0.07,2783791.58,Medium
R02880,B1329,"Please quote for 328 electric motors, Cast Iron, IE3, 5 HP. Location: Bengaluru. Required by 26 days.",Electric Motors,Cast Iron,IE3,5 HP,328,units,Bengaluru,26,Construction,Flexible,0.84,159135.02,Low
R02881,B0111,"Looking for 6368 units of Stainless Steel hydraulic cylinders (MS), size 50 mm, for our construction plant in Nagpur. Need delivery in 21 days.",Hydraulic Cylinders,Stainless Steel,MS,50 mm,6368,units,Nagpur,21,Construction,Normal,0.16,2350356.3,Medium
R02882,B1390,"Looking for 8737 units of Aluminium electric motors (IE2), size 25 HP, for our general manufacturing plant in Kolkata. Need delivery in 29 days.",Electric Motors,Aluminium,IE2,25 HP,8737,units,Kolkata,29,General manufacturing,Flexible,0.94,1851893.53,High
R02883,B0196,"Looking for 3225 units of Mild Steel steel brackets (MS), size 5 mm, for our industrial plant plant in Pune. Need delivery in 23 days.",Steel Brackets,Mild Steel,MS,5 mm,3225,units,Pune,23,Industrial plant,Normal,0.83,1532871.55,Medium
R02884,B1306,"Looking for 10472 units of PU conveyor belts (Grade A), size 800 mm, for our construction plant in Nashik. Need delivery in 34 days.",Conveyor Belts,PU,Grade A,800 mm,10472,units,Nashik,34,Construction,Flexible,0.05,5131186.98,Medium
R02885,B0538,"Please quote for 10075 electric motors, Aluminium, IE3, 25 HP. Location: Delhi. Required by 41 days.",Electric Motors,Aluminium,IE3,25 HP,10075,units,Delhi,41,General manufacturing,Flexible,0.37,429516.07,Low
R02886,B0215,"Looking for 5898 units of Carbon Steel ball valves (CS), size 1 inch, for our construction plant in Ahmedabad. Need delivery in 13 days.",Ball Valves,Carbon Steel,CS,1 inch,5898,units,Ahmedabad,13,Construction,Normal,0.5,242654.16,Medium
R02887,B1430,"Looking for 8412 units of Carbon Steel ball valves (SS304), size 3 inch, for our general manufacturing plant in Kolkata. Need delivery in 32 days.",Ball Valves,Carbon Steel,SS304,3 inch,8412,units,Kolkata,32,General manufacturing,Flexible,0.61,481266.86,Low
R02888,B0029,"Looking for 3289 units of Stainless Steel steel brackets (SS304), size 8 mm, for our oem project plant in Chennai. Need delivery in 43 days.",Steel Brackets,Stainless Steel,SS304,8 mm,3289,units,Chennai,43,OEM project,Flexible,0.7,510903.32,Medium
R02889,B1341,"Please quote for 10228 gearboxes, Cast Iron, Helical, 2 HP. Location: Nagpur. Required by 22 days.",Gearboxes,Cast Iron,Helical,2 HP,10228,units,Nagpur,22,General manufacturing,Normal,0.19,4641608.46,Medium
R02890,B0769,"Looking for 8053 units of Aluminium electric motors (IE3), size 10 HP, for our automotive plant in Chennai. Need delivery in 20 days.",Electric Motors,Aluminium,IE3,10 HP,8053,units,Chennai,20,Automotive,Normal,0.56,3708124.66,Medium
R02891,B1061,"Looking for 6211 units of Cast Iron gearboxes (Worm), size 2 HP, for our general manufacturing plant in Ahmedabad. Need delivery in 18 days.",Gearboxes,Cast Iron,Worm,2 HP,6211,units,Ahmedabad,18,General manufacturing,Normal,0.59,2978419.72,Medium
R02892,B0508,"Looking for 8117 units of Steel hydraulic cylinders (SS304), size 50 mm, for our oem project plant in Mumbai. Need delivery in 30 days.",Hydraulic Cylinders,Steel,SS304,50 mm,8117,units,Mumbai,30,OEM project,Flexible,0.73,1747178.61,High
R02893,B1421,"Need 184 conveyor belts for automotive, Rubber Food Grade, 500 mm. Delivery required in Mumbai within 8 days. Please share quotation.",Conveyor Belts,Rubber,Food Grade,500 mm,184,units,Mumbai,8,Automotive,Urgent,0.78,49909.84,Medium
R02894,B1435,"Please quote for 1409 ball valves, Carbon Steel, SS304, 1 inch. Location: Mumbai. Required by 11 days.",Ball Valves,Carbon Steel,SS304,1 inch,1409,units,Mumbai,11,Automotive,Normal,0.09,344302.41,Low
R02895,B0660,"Please quote for 9654 hydraulic cylinders, Stainless Steel, SS304, 50 mm. Location: Ahmedabad. Required by 11 days.",Hydraulic Cylinders,Stainless Steel,SS304,50 mm,9654,units,Ahmedabad,11,Industrial plant,Normal,0.54,993881.62,High
R02896,B1500,"Need 430 electric motors for oem project, Cast Iron IE2, 25 HP. Delivery required in Chennai within 5 days. Please share quotation.",Electric Motors,Cast Iron,IE2,25 HP,430,units,Chennai,5,OEM project,Urgent,0.41,101194.04,Medium
R02897,B1355,"Looking for 2943 units of Aluminium electric motors (IE3), size 10 HP, for our automotive plant in Ahmedabad. Need delivery in 32 days.",Electric Motors,Aluminium,IE3,10 HP,2943,units,Ahmedabad,32,Automotive,Flexible,0.4,947820.6,Medium
R02898,B1475,"Please quote for 11472 gearboxes, Cast Iron, Helical, 5 HP. Location: Nashik. Required by 39 days.",Gearboxes,Cast Iron,Helical,5 HP,11472,units,Nashik,39,General manufacturing,Flexible,0.65,4088383.89,Medium
R02899,B1125,"Need 3429 industrial pumps for construction, Cast Iron CI, 5 HP. Delivery required in Ahmedabad within 20 days. Please share quotation.",Industrial Pumps,Cast Iron,CI,5 HP,3429,units,Ahmedabad,20,Construction,Normal,0.57,1532445.5,Medium
R02900,B0315,"Looking for 5298 units of Stainless Steel industrial pumps (CI), size 20 HP, for our oem project plant in Hyderabad. Need delivery in 41 days.",Industrial Pumps,Stainless Steel,CI,20 HP,5298,units,Hyderabad,41,OEM project,Flexible,0.52,110858.76,Low
R02901,B0938,"Please quote for 11777 gearboxes, Cast Iron, Worm, 10 HP. Location: Ahmedabad. Required by 42 days.",Gearboxes,Cast Iron,Worm,10 HP,11777,units,Ahmedabad,42,Construction,Flexible,0.06,4801029.61,Medium
R02902,B0044,"Please quote for 5692 electric motors, Cast Iron, IE3, 5 HP. Location: Delhi. Required by 34 days.",Electric Motors,Cast Iron,IE3,5 HP,5692,units,Delhi,34,OEM project,Flexible,0.77,2188716.8,Medium
R02903,B1132,"Need 11210 steel brackets for industrial plant, Stainless Steel SS304, 3 mm. Delivery required in Pune within 3 days. Please share quotation.",Steel Brackets,Stainless Steel,SS304,3 mm,11210,units,Pune,3,Industrial plant,Urgent,0.63,2816251.48,High
R02904,B0817,"Please quote for 98 gearboxes, Steel, Worm, 2 HP. Location: Nagpur. Required by 12 days.",Gearboxes,Steel,Worm,2 HP,98,units,Nagpur,12,Industrial plant,Normal,0.02,27719.06,Low
R02905,B0803,"Need 2469 hydraulic cylinders for general manufacturing, Steel MS, 150 mm. Delivery required in Delhi within 13 days. Please share quotation.",Hydraulic Cylinders,Steel,MS,150 mm,2469,units,Delhi,13,General manufacturing,Normal,0.52,134002.25,Medium
R02906,B0393,"Need 10639 ball valves for oem project, Carbon Steel CS, 3 inch. Delivery required in Nagpur within 20 days. Please share quotation.",Ball Valves,Carbon Steel,CS,3 inch,10639,units,Nagpur,20,OEM project,Normal,0.18,1308755.55,Medium
R02907,B0404,"Need 9878 electric motors for general manufacturing, Cast Iron IE3, 5 HP. Delivery required in Nagpur within 39 days. Please share quotation.",Electric Motors,Cast Iron,IE3,5 HP,9878,units,Nagpur,39,General manufacturing,Flexible,0.94,2611081.15,Medium
R02908,B0915,"Need 7328 ball valves for automotive, Stainless Steel CS, 1 inch. Delivery required in Bengaluru within 14 days. Please share quotation.",Ball Valves,Stainless Steel,CS,1 inch,7328,units,Bengaluru,14,Automotive,Normal,0.15,1208546.19,High
R02909,B1399,"Looking for 10021 units of Stainless Steel industrial pumps (SS316), size 20 HP, for our construction plant in Nagpur. Need delivery in 34 days.",Industrial Pumps,Stainless Steel,SS316,20 HP,10021,units,Nagpur,34,Construction,Flexible,0.2,1851413.32,Medium
R02910,B0104,"Need 5995 conveyor belts for industrial plant, PU Food Grade, 1000 mm. Delivery required in Pune within 36 days. Please share quotation.",Conveyor Belts,PU,Food Grade,1000 mm,5995,units,Pune,36,Industrial plant,Flexible,0.4,759641.19,Medium
R02911,B0729,"Please quote for 7468 industrial pumps, Stainless Steel, SS304, 20 HP. Location: Chennai. Required by 18 days.",Industrial Pumps,Stainless Steel,SS304,20 HP,7468,units,Chennai,18,General manufacturing,Normal,0.52,3570178.93,Medium
R02912,B0077,"Need 3859 sheet metal parts for construction, Mild Steel SS304, 5 mm. Delivery required in Delhi within 17 days. Please share quotation.",Sheet Metal Parts,Mild Steel,SS304,5 mm,3859,units,Delhi,17,Construction,Normal,0.25,1874393.3,Medium
R02913,B1075,"Need 9754 electric motors for general manufacturing, Aluminium IE3, 10 HP. Delivery required in Ahmedabad within 32 days. Please share quotation.",Electric Motors,Aluminium,IE3,10 HP,9754,units,Ahmedabad,32,General manufacturing,Flexible,0.15,4591927.39,Medium
R02914,B0537,"Please quote for 6586 industrial pumps, Cast Iron, CI, 20 HP. Location: Nashik. Required by 20 days.",Industrial Pumps,Cast Iron,CI,20 HP,6586,units,Nashik,20,OEM project,Normal,0.13,632064.18,Medium
R02915,B0047,"Need 7390 sheet metal parts for industrial plant, Stainless Steel SS304, 2 mm. Delivery required in Delhi within 31 days. Please share quotation.",Sheet Metal Parts,Stainless Steel,SS304,2 mm,7390,units,Delhi,31,Industrial plant,Flexible,0.11,3093108.01,Medium
R02916,B1466,"Looking for 6433 units of Stainless Steel hydraulic cylinders (SS304), size 150 mm, for our construction plant in Chennai. Need delivery in 32 days.",Hydraulic Cylinders,Stainless Steel,SS304,150 mm,6433,units,Chennai,32,Construction,Flexible,0.87,1421332.9,Medium
R02917,B0038,"Need 11505 electric motors for general manufacturing, Aluminium IE3, 5 HP. Delivery required in Hyderabad within 34 days. Please share quotation.",Electric Motors,Aluminium,IE3,5 HP,11505,units,Hyderabad,34,General manufacturing,Flexible,0.98,518996.32,Medium
R02918,B0656,"Please quote for 9196 steel brackets, Stainless Steel, SS304, 3 mm. Location: Delhi. Required by 17 days.",Steel Brackets,Stainless Steel,SS304,3 mm,9196,units,Delhi,17,Construction,Normal,0.31,715410.79,Medium
R02919,B0422,"Need 3200 industrial pumps for oem project, Stainless Steel CI, 20 HP. Delivery required in Pune within 17 days. Please share quotation.",Industrial Pumps,Stainless Steel,CI,20 HP,3200,units,Pune,17,OEM project,Normal,0.83,631056.16,Medium
R02920,B1118,"Need 2494 conveyor belts for automotive, PU Grade A, 500 mm. Delivery required in Nagpur within 26 days. Please share quotation.",Conveyor Belts,PU,Grade A,500 mm,2494,units,Nagpur,26,Automotive,Flexible,0.77,800412.05,Medium
R02921,B0294,"Please quote for 2283 sheet metal parts, Stainless Steel, SS304, 2 mm. Location: Nashik. Required by 44 days.",Sheet Metal Parts,Stainless Steel,SS304,2 mm,2283,units,Nashik,44,OEM project,Flexible,0.24,727202.29,Medium
R02922,B0403,"Need 658 gearboxes for automotive, Cast Iron Helical, 10 HP. Delivery required in Hyderabad within 14 days. Please share quotation.",Gearboxes,Cast Iron,Helical,10 HP,658,units,Hyderabad,14,Automotive,Normal,0.77,144152.16,Medium
R02923,B1102,"Please quote for 9382 ball valves, Carbon Steel, CS, 1 inch. Location: Ahmedabad. Required by 37 days.",Ball Valves,Carbon Steel,CS,1 inch,9382,units,Ahmedabad,37,General manufacturing,Flexible,0.41,2945171.38,Medium
R02924,B0359,"Looking for 1072 units of Cast Iron electric motors (IE3), size 25 HP, for our construction plant in Mumbai. Need delivery in 37 days.",Electric Motors,Cast Iron,IE3,25 HP,1072,units,Mumbai,37,Construction,Flexible,0.33,107102.78,Low
R02925,B0034,"Need 1698 sheet metal parts for oem project, Mild Steel MS, 10 mm. Delivery required in Kolkata within 5 days. Please share quotation.",Sheet Metal Parts,Mild Steel,MS,10 mm,1698,units,Kolkata,5,OEM project,Urgent,0.16,730228.93,High
R02926,B1366,"Need 6120 sheet metal parts for construction, Mild Steel SS304, 10 mm. Delivery required in Nashik within 10 days. Please share quotation.",Sheet Metal Parts,Mild Steel,SS304,10 mm,6120,units,Nashik,10,Construction,Urgent,0.24,2265945.36,High
R02927,B1194,"Looking for 1130 units of Carbon Steel ball valves (SS304), size 2 inch, for our industrial plant plant in Hyderabad. Need delivery in 27 days.",Ball Valves,Carbon Steel,SS304,2 inch,1130,units,Hyderabad,27,Industrial plant,Flexible,0.13,220789.06,Low
R02928,B1497,"Looking for 9388 units of Stainless Steel sheet metal parts (MS), size 10 mm, for our general manufacturing plant in Kolkata. Need delivery in 20 days.",Sheet Metal Parts,Stainless Steel,MS,10 mm,9388,units,Kolkata,20,General manufacturing,Normal,0.64,4480597.7,Medium
R02929,B1033,"Looking for 6262 units of Stainless Steel sheet metal parts (MS), size 10 mm, for our construction plant in Kolkata. Need delivery in 17 days.",Sheet Metal Parts,Stainless Steel,MS,10 mm,6262,units,Kolkata,17,Construction,Normal,0.09,2005971.49,Medium
R02930,B1223,"Need 2081 electric motors for general manufacturing, Cast Iron IE2, 25 HP. Delivery required in Nagpur within 8 days. Please share quotation.",Electric Motors,Cast Iron,IE2,25 HP,2081,units,Nagpur,8,General manufacturing,Urgent,0.91,366892.86,Medium
R02931,B0321,"Please quote for 543 ball valves, Stainless Steel, SS304, 1 inch. Location: Chennai. Required by 33 days.",Ball Valves,Stainless Steel,SS304,1 inch,543,units,Chennai,33,OEM project,Flexible,0.41,145979.61,Low
R02932,B1279,"Need 8867 sheet metal parts for industrial plant, Stainless Steel MS, 10 mm. Delivery required in Chennai within 6 days. Please share quotation.",Sheet Metal Parts,Stainless Steel,MS,10 mm,8867,units,Chennai,6,Industrial plant,Urgent,0.23,2370143.71,High
R02933,B0988,"Need 10644 steel brackets for construction, Stainless Steel MS, 5 mm. Delivery required in Ahmedabad within 26 days. Please share quotation.",Steel Brackets,Stainless Steel,MS,5 mm,10644,units,Ahmedabad,26,Construction,Flexible,0.44,4140382.27,Medium
R02934,B1165,"Please quote for 7195 sheet metal parts, Mild Steel, SS304, 5 mm. Location: Chennai. Required by 7 days.",Sheet Metal Parts,Mild Steel,SS304,5 mm,7195,units,Chennai,7,General manufacturing,Urgent,0.75,1482120.64,High
R02935,B1149,"Need 3603 steel brackets for oem project, Stainless Steel MS, 3 mm. Delivery required in Chennai within 30 days. Please share quotation.",Steel Brackets,Stainless Steel,MS,3 mm,3603,units,Chennai,30,OEM project,Flexible,0.32,722045.03,Medium
R02936,B0331,"Looking for 8109 units of Rubber conveyor belts (Food Grade), size 1000 mm, for our oem project plant in Nagpur. Need delivery in 4 days.",Conveyor Belts,Rubber,Food Grade,1000 mm,8109,units,Nagpur,4,OEM project,Urgent,0.22,3846107.95,High
R02937,B1245,"Need 1248 ball valves for general manufacturing, Carbon Steel SS316, 2 inch. Delivery required in Pune within 14 days. Please share quotation.",Ball Valves,Carbon Steel,SS316,2 inch,1248,units,Pune,14,General manufacturing,Normal,0.19,465920.86,Low
R02938,B0204,"Need 3785 gearboxes for oem project, Cast Iron Worm, 5 HP. Delivery required in Chennai within 14 days. Please share quotation.",Gearboxes,Cast Iron,Worm,5 HP,3785,units,Chennai,14,OEM project,Normal,0.35,1390931.95,Medium
R02939,B0315,"Looking for 4043 units of Stainless Steel steel brackets (SS304), size 5 mm, for our oem project plant in Nashik. Need delivery in 5 days.",Steel Brackets,Stainless Steel,SS304,5 mm,4043,units,Nashik,5,OEM project,Urgent,0.48,1341758.49,High
R02940,B0103,"Please quote for 7662 gearboxes, Steel, Worm, 10 HP. Location: Kolkata. Required by 16 days.",Gearboxes,Steel,Worm,10 HP,7662,units,Kolkata,16,Automotive,Normal,0.61,2895887.28,Medium
R02941,B0780,"Looking for 7996 units of Stainless Steel sheet metal parts (MS), size 2 mm, for our construction plant in Hyderabad. Need delivery in 37 days.",Sheet Metal Parts,Stainless Steel,MS,2 mm,7996,units,Hyderabad,37,Construction,Flexible,0.56,2896422.81,Medium
R02942,B0512,"Please quote for 10237 ball valves, Carbon Steel, SS316, 1 inch. Location: Nashik. Required by 3 days.",Ball Valves,Carbon Steel,SS316,1 inch,10237,units,Nashik,3,OEM project,Urgent,0.34,2300682.75,High
R02943,B0097,"Looking for 8860 units of Aluminium electric motors (IE3), size 10 HP, for our oem project plant in Ahmedabad. Need delivery in 25 days.",Electric Motors,Aluminium,IE3,10 HP,8860,units,Ahmedabad,25,OEM project,Normal,0.36,3915724.71,Medium
R02944,B1471,"Need 2300 steel brackets for construction, Mild Steel MS, 3 mm. Delivery required in Bengaluru within 33 days. Please share quotation.",Steel Brackets,Mild Steel,MS,3 mm,2300,units,Bengaluru,33,Construction,Flexible,0.66,320339.32,Low
R02945,B1181,"Looking for 4428 units of Mild Steel steel brackets (SS304), size 5 mm, for our construction plant in Ahmedabad. Need delivery in 39 days.",Steel Brackets,Mild Steel,SS304,5 mm,4428,units,Ahmedabad,39,Construction,Flexible,0.55,116954.65,Low
R02946,B0909,"Looking for 7234 units of Stainless Steel hydraulic cylinders (SS304), size 100 mm, for our oem project plant in Nashik. Need delivery in 18 days.",Hydraulic Cylinders,Stainless Steel,SS304,100 mm,7234,units,Nashik,18,OEM project,Normal,0.89,2101458.37,High
R02947,B0079,"Looking for 7003 units of Cast Iron gearboxes (Helical), size 5 HP, for our general manufacturing plant in Nashik. Need delivery in 28 days.",Gearboxes,Cast Iron,Helical,5 HP,7003,units,Nashik,28,General manufacturing,Flexible,0.21,2084141.91,Medium
R02948,B0622,"Looking for 6412 units of Stainless Steel steel brackets (SS304), size 5 mm, for our automotive plant in Ahmedabad. Need delivery in 37 days.",Steel Brackets,Stainless Steel,SS304,5 mm,6412,units,Ahmedabad,37,Automotive,Flexible,0.03,2496707.82,Medium
R02949,B0556,"Please quote for 5473 steel brackets, Stainless Steel, MS, 5 mm. Location: Pune. Required by 45 days.",Steel Brackets,Stainless Steel,MS,5 mm,5473,units,Pune,45,Construction,Flexible,0.18,2686310.86,Medium
R02950,B1359,"Looking for 6598 units of Stainless Steel steel brackets (MS), size 8 mm, for our industrial plant plant in Pune. Need delivery in 11 days.",Steel Brackets,Stainless Steel,MS,8 mm,6598,units,Pune,11,Industrial plant,Normal,0.77,334779.43,Medium
R02951,B0539,"Need 3995 gearboxes for construction, Cast Iron Worm, 10 HP. Delivery required in Kolkata within 5 days. Please share quotation.",Gearboxes,Cast Iron,Worm,10 HP,3995,units,Kolkata,5,Construction,Urgent,0.34,91352.24,Medium
R02952,B1380,"Looking for 3156 units of Carbon Steel ball valves (SS316), size 3 inch, for our industrial plant plant in Mumbai. Need delivery in 31 days.",Ball Valves,Carbon Steel,SS316,3 inch,3156,units,Mumbai,31,Industrial plant,Flexible,0.33,113666.15,Low
R02953,B1247,"Please quote for 11196 conveyor belts, Rubber, Food Grade, 800 mm. Location: Nagpur. Required by 28 days.",Conveyor Belts,Rubber,Food Grade,800 mm,11196,units,Nagpur,28,Automotive,Flexible,0.49,3101346.1,Medium
R02954,B0859,"Please quote for 9693 hydraulic cylinders, Stainless Steel, MS, 100 mm. Location: Nagpur. Required by 45 days.",Hydraulic Cylinders,Stainless Steel,MS,100 mm,9693,units,Nagpur,45,General manufacturing,Flexible,0.63,2175209.46,Medium
R02955,B0371,"Need 9430 gearboxes for oem project, Steel Helical, 2 HP. Delivery required in Kolkata within 35 days. Please share quotation.",Gearboxes,Steel,Helical,2 HP,9430,units,Kolkata,35,OEM project,Flexible,0.47,1067359.38,Medium
R02956,B0695,"Please quote for 7579 sheet metal parts, Stainless Steel, SS304, 5 mm. Location: Ahmedabad. Required by 33 days.",Sheet Metal Parts,Stainless Steel,SS304,5 mm,7579,units,Ahmedabad,33,General manufacturing,Flexible,0.72,3043165.49,Medium
R02957,B0659,"Looking for 4666 units of PU conveyor belts (Food Grade), size 800 mm, for our general manufacturing plant in Delhi. Need delivery in 13 days.",Conveyor Belts,PU,Food Grade,800 mm,4666,units,Delhi,13,General manufacturing,Normal,0.36,252183.01,Medium
R02958,B1106,"Need 10545 sheet metal parts for industrial plant, Stainless Steel MS, 2 mm. Delivery required in Bengaluru within 27 days. Please share quotation.",Sheet Metal Parts,Stainless Steel,MS,2 mm,10545,units,Bengaluru,27,Industrial plant,Flexible,0.82,2932856.4,High
R02959,B0569,"Please quote for 758 steel brackets, Mild Steel, SS304, 3 mm. Location: Kolkata. Required by 23 days.",Steel Brackets,Mild Steel,SS304,3 mm,758,units,Kolkata,23,Construction,Normal,0.93,292294.37,Low
R02960,B1104,"Need 10417 industrial pumps for industrial plant, Cast Iron CI, 10 HP. Delivery required in Ahmedabad within 39 days. Please share quotation.",Industrial Pumps,Cast Iron,CI,10 HP,10417,units,Ahmedabad,39,Industrial plant,Flexible,0.52,3681072.19,Medium
R02961,B1184,"Please quote for 1476 conveyor belts, Rubber, Grade A, 1000 mm. Location: Ahmedabad. Required by 40 days.",Conveyor Belts,Rubber,Grade A,1000 mm,1476,units,Ahmedabad,40,Industrial plant,Flexible,0.16,259560.2,Low
R02962,B1163,"Need 7143 steel brackets for construction, Stainless Steel MS, 5 mm. Delivery required in Bengaluru within 16 days. Please share quotation.",Steel Brackets,Stainless Steel,MS,5 mm,7143,units,Bengaluru,16,Construction,Normal,0.02,443438.11,Medium
R02963,B1048,"Looking for 3382 units of Stainless Steel ball valves (SS304), size 1 inch, for our general manufacturing plant in Nashik. Need delivery in 29 days.",Ball Valves,Stainless Steel,SS304,1 inch,3382,units,Nashik,29,General manufacturing,Flexible,0.8,892516.8,Medium
R02964,B0332,"Looking for 8116 units of Aluminium electric motors (IE3), size 5 HP, for our construction plant in Chennai. Need delivery in 29 days.",Electric Motors,Aluminium,IE3,5 HP,8116,units,Chennai,29,Construction,Flexible,0.06,1311543.17,Medium
R02965,B0986,"Need 1927 ball valves for construction, Stainless Steel SS304, 3 inch. Delivery required in Bengaluru within 15 days. Please share quotation.",Ball Valves,Stainless Steel,SS304,3 inch,1927,units,Bengaluru,15,Construction,Normal,0.96,863390.59,Medium
R02966,B1371,"Need 6179 sheet metal parts for industrial plant, Stainless Steel SS304, 2 mm. Delivery required in Nashik within 21 days. Please share quotation.",Sheet Metal Parts,Stainless Steel,SS304,2 mm,6179,units,Nashik,21,Industrial plant,Normal,0.76,197373.11,Medium
R02967,B0544,"Please quote for 7572 sheet metal parts, Mild Steel, MS, 5 mm. Location: Ahmedabad. Required by 22 days.",Sheet Metal Parts,Mild Steel,MS,5 mm,7572,units,Ahmedabad,22,General manufacturing,Normal,0.12,3459508.5,Medium
R02968,B1226,"Looking for 3332 units of Steel hydraulic cylinders (SS304), size 150 mm, for our industrial plant plant in Mumbai. Need delivery in 11 days.",Hydraulic Cylinders,Steel,SS304,150 mm,3332,units,Mumbai,11,Industrial plant,Normal,0.38,428512.11,Medium
R02969,B0837,"Please quote for 10479 ball valves, Carbon Steel, SS316, 1 inch. Location: Pune. Required by 43 days.",Ball Valves,Carbon Steel,SS316,1 inch,10479,units,Pune,43,Industrial plant,Flexible,0.38,1618948.41,Medium
R02970,B0847,"Need 3176 steel brackets for oem project, Stainless Steel MS, 8 mm. Delivery required in Nashik within 31 days. Please share quotation.",Steel Brackets,Stainless Steel,MS,8 mm,3176,units,Nashik,31,OEM project,Flexible,0.89,1124232.57,Medium
R02971,B1213,"Please quote for 2332 hydraulic cylinders, Stainless Steel, MS, 50 mm. Location: Mumbai. Required by 45 days.",Hydraulic Cylinders,Stainless Steel,MS,50 mm,2332,units,Mumbai,45,OEM project,Flexible,0.59,1081385.57,Medium
R02972,B1000,"Need 9468 steel brackets for automotive, Mild Steel SS304, 5 mm. Delivery required in Bengaluru within 18 days. Please share quotation.",Steel Brackets,Mild Steel,SS304,5 mm,9468,units,Bengaluru,18,Automotive,Normal,0.34,2776506.74,Medium
R02973,B0077,"Please quote for 10874 electric motors, Cast Iron, IE3, 25 HP. Location: Nagpur. Required by 39 days.",Electric Motors,Cast Iron,IE3,25 HP,10874,units,Nagpur,39,Automotive,Flexible,0.76,241091.17,Medium
R02974,B0013,"Need 4065 sheet metal parts for construction, Mild Steel SS304, 2 mm. Delivery required in Hyderabad within 4 days. Please share quotation.",Sheet Metal Parts,Mild Steel,SS304,2 mm,4065,units,Hyderabad,4,Construction,Urgent,0.29,275099.28,Medium
R02975,B0679,"Please quote for 1344 sheet metal parts, Stainless Steel, SS304, 2 mm. Location: Pune. Required by 6 days.",Sheet Metal Parts,Stainless Steel,SS304,2 mm,1344,units,Pune,6,OEM project,Urgent,0.43,250769.07,Medium
R02976,B0712,"Looking for 10134 units of Cast Iron gearboxes (Helical), size 2 HP, for our construction plant in Pune. Need delivery in 44 days.",Gearboxes,Cast Iron,Helical,2 HP,10134,units,Pune,44,Construction,Flexible,0.5,633213.68,Medium
R02977,B0685,"Please quote for 559 steel brackets, Stainless Steel, MS, 8 mm. Location: Chennai. Required by 3 days.",Steel Brackets,Stainless Steel,MS,8 mm,559,units,Chennai,3,General manufacturing,Urgent,0.96,203010.9,Medium
R02978,B0015,"Please quote for 5989 conveyor belts, PU, Grade A, 800 mm. Location: Nashik. Required by 6 days.",Conveyor Belts,PU,Grade A,800 mm,5989,units,Nashik,6,Construction,Urgent,0.95,681450.91,High
R02979,B0480,"Need 2806 gearboxes for industrial plant, Cast Iron Worm, 2 HP. Delivery required in Bengaluru within 24 days. Please share quotation.",Gearboxes,Cast Iron,Worm,2 HP,2806,units,Bengaluru,24,Industrial plant,Normal,0.7,347035.69,Medium
R02980,B0281,"Need 976 gearboxes for construction, Cast Iron Helical, 5 HP. Delivery required in Hyderabad within 16 days. Please share quotation.",Gearboxes,Cast Iron,Helical,5 HP,976,units,Hyderabad,16,Construction,Normal,0.86,338157.38,Low
R02981,B0605,"Need 6967 ball valves for automotive, Carbon Steel SS316, 2 inch. Delivery required in Chennai within 26 days. Please share quotation.",Ball Valves,Carbon Steel,SS316,2 inch,6967,units,Chennai,26,Automotive,Flexible,0.54,1231967.04,Medium
R02982,B0074,"Looking for 8129 units of Stainless Steel steel brackets (SS304), size 8 mm, for our automotive plant in Mumbai. Need delivery in 5 days.",Steel Brackets,Stainless Steel,SS304,8 mm,8129,units,Mumbai,5,Automotive,Urgent,0.76,1006875.36,High
R02983,B1032,"Looking for 10892 units of Stainless Steel industrial pumps (SS316), size 5 HP, for our automotive plant in Nagpur. Need delivery in 29 days.",Industrial Pumps,Stainless Steel,SS316,5 HP,10892,units,Nagpur,29,Automotive,Flexible,0.67,5220271.81,High
R02984,B0958,"Looking for 11008 units of Steel gearboxes (Worm), size 10 HP, for our industrial plant plant in Ahmedabad. Need delivery in 12 days.",Gearboxes,Steel,Worm,10 HP,11008,units,Ahmedabad,12,Industrial plant,Normal,0.37,2981338.88,High
R02985,B0268,"Please quote for 9544 gearboxes, Steel, Worm, 2 HP. Location: Nashik. Required by 34 days.",Gearboxes,Steel,Worm,2 HP,9544,units,Nashik,34,General manufacturing,Flexible,0.41,3872827.94,Medium
R02986,B1043,"Need 3084 sheet metal parts for general manufacturing, Stainless Steel SS304, 2 mm. Delivery required in Nashik within 8 days. Please share quotation.",Sheet Metal Parts,Stainless Steel,SS304,2 mm,3084,units,Nashik,8,General manufacturing,Urgent,0.98,320276.99,Medium
R02987,B0520,"Need 376 sheet metal parts for construction, Mild Steel SS304, 2 mm. Delivery required in Delhi within 45 days. Please share quotation.",Sheet Metal Parts,Mild Steel,SS304,2 mm,376,units,Delhi,45,Construction,Flexible,0.29,29214.9,Low
R02988,B1294,"Looking for 2421 units of PU conveyor belts (Grade A), size 800 mm, for our general manufacturing plant in Delhi. Need delivery in 7 days.",Conveyor Belts,PU,Grade A,800 mm,2421,units,Delhi,7,General manufacturing,Urgent,0.91,591064.11,High
R02989,B0730,"Looking for 11768 units of Stainless Steel sheet metal parts (MS), size 2 mm, for our oem project plant in Hyderabad. Need delivery in 23 days.",Sheet Metal Parts,Stainless Steel,MS,2 mm,11768,units,Hyderabad,23,OEM project,Normal,0.92,2670523.06,High
R02990,B1045,"Looking for 10452 units of Cast Iron gearboxes (Worm), size 10 HP, for our general manufacturing plant in Kolkata. Need delivery in 39 days.",Gearboxes,Cast Iron,Worm,10 HP,10452,units,Kolkata,39,General manufacturing,Flexible,1.0,2675477.18,Medium
R02991,B0958,"Looking for 11387 units of Carbon Steel ball valves (CS), size 3 inch, for our industrial plant plant in Ahmedabad. Need delivery in 43 days.",Ball Valves,Carbon Steel,CS,3 inch,11387,units,Ahmedabad,43,Industrial plant,Flexible,0.11,2459051.74,Medium
R02992,B0199,"Need 5211 industrial pumps for automotive, Cast Iron SS316, 5 HP. Delivery required in Hyderabad within 8 days. Please share quotation.",Industrial Pumps,Cast Iron,SS316,5 HP,5211,units,Hyderabad,8,Automotive,Urgent,0.49,1014218.41,High
R02993,B1030,"Looking for 6264 units of Aluminium electric motors (IE3), size 25 HP, for our construction plant in Mumbai. Need delivery in 8 days.",Electric Motors,Aluminium,IE3,25 HP,6264,units,Mumbai,8,Construction,Urgent,0.83,341490.32,High
R02994,B0535,"Need 3069 sheet metal parts for industrial plant, Mild Steel MS, 10 mm. Delivery required in Hyderabad within 35 days. Please share quotation.",Sheet Metal Parts,Mild Steel,MS,10 mm,3069,units,Hyderabad,35,Industrial plant,Flexible,0.06,1016168.75,Medium
R02995,B0312,"Looking for 1601 units of Cast Iron industrial pumps (CI), size 5 HP, for our general manufacturing plant in Hyderabad. Need delivery in 42 days.",Industrial Pumps,Cast Iron,CI,5 HP,1601,units,Hyderabad,42,General manufacturing,Flexible,0.88,288460.87,Low
R02996,B0066,"Please quote for 7351 steel brackets, Stainless Steel, MS, 8 mm. Location: Mumbai. Required by 40 days.",Steel Brackets,Stainless Steel,MS,8 mm,7351,units,Mumbai,40,Automotive,Flexible,0.47,2639095.54,Medium
R02997,B0613,"Please quote for 6007 conveyor belts, Rubber, Food Grade, 800 mm. Location: Nagpur. Required by 11 days.",Conveyor Belts,Rubber,Food Grade,800 mm,6007,units,Nagpur,11,Automotive,Normal,0.61,2950817.49,High
R02998,B0574,"Looking for 4136 units of Cast Iron industrial pumps (SS316), size 20 HP, for our general manufacturing plant in Delhi. Need delivery in 8 days.",Industrial Pumps,Cast Iron,SS316,20 HP,4136,units,Delhi,8,General manufacturing,Urgent,0.21,1365273.66,High
R02999,B0041,"Please quote for 6348 ball valves, Stainless Steel, CS, 3 inch. Location: Chennai. Required by 4 days.",Ball Valves,Stainless Steel,CS,3 inch,6348,units,Chennai,4,Automotive,Urgent,0.32,764516.88,High
R03000,B1183,"Please quote for 8985 electric motors, Cast Iron, IE2, 5 HP. Location: Mumbai. Required by 17 days.",Electric Motors,Cast Iron,IE2,5 HP,8985,units,Mumbai,17,Automotive,Normal,0.5,4315504.82,Medium
R03001,B0989,"Need 10690 electric motors for construction, Aluminium IE2, 10 HP. Delivery required in Pune within 24 days. Please share quotation.",Electric Motors,Aluminium,IE2,10 HP,10690,units,Pune,24,Construction,Normal,0.65,1517911.0,High
R03002,B1261,"Looking for 6721 units of Cast Iron gearboxes (Worm), size 2 HP, for our industrial plant plant in Kolkata. Need delivery in 10 days.",Gearboxes,Cast Iron,Worm,2 HP,6721,units,Kolkata,10,Industrial plant,Urgent,0.55,3175916.02,High
R03003,B0363,"Need 7239 industrial pumps for construction, Cast Iron SS304, 5 HP. Delivery required in Kolkata within 19 days. Please share quotation.",Industrial Pumps,Cast Iron,SS304,5 HP,7239,units,Kolkata,19,Construction,Normal,0.16,1191781.45,Medium
R03004,B1210,"Need 1589 sheet metal parts for general manufacturing, Stainless Steel MS, 2 mm. Delivery required in Kolkata within 6 days. Please share quotation.",Sheet Metal Parts,Stainless Steel,MS,2 mm,1589,units,Kolkata,6,General manufacturing,Urgent,0.75,166658.84,Medium
R03005,B0016,"Please quote for 2033 electric motors, Cast Iron, IE3, 10 HP. Location: Nagpur. Required by 5 days.",Electric Motors,Cast Iron,IE3,10 HP,2033,units,Nagpur,5,General manufacturing,Urgent,0.19,755528.25,High
R03006,B1489,"Looking for 3295 units of Cast Iron gearboxes (Worm), size 5 HP, for our automotive plant in Chennai. Need delivery in 9 days.",Gearboxes,Cast Iron,Worm,5 HP,3295,units,Chennai,9,Automotive,Urgent,1.0,768703.21,High
R03007,B1066,"Please quote for 5551 steel brackets, Stainless Steel, MS, 3 mm. Location: Delhi. Required by 19 days.",Steel Brackets,Stainless Steel,MS,3 mm,5551,units,Delhi,19,OEM project,Normal,0.97,1500744.75,High
R03008,B0811,"Please quote for 3643 conveyor belts, Rubber, Grade A, 800 mm. Location: Bengaluru. Required by 4 days.",Conveyor Belts,Rubber,Grade A,800 mm,3643,units,Bengaluru,4,Industrial plant,Urgent,0.58,530230.2,High
R03009,B1492,"Looking for 1833 units of Rubber conveyor belts (Food Grade), size 800 mm, for our automotive plant in Delhi. Need delivery in 33 days.",Conveyor Belts,Rubber,Food Grade,800 mm,1833,units,Delhi,33,Automotive,Flexible,0.14,663319.94,Low
R03010,B0097,"Need 759 steel brackets for automotive, Stainless Steel SS304, 8 mm. Delivery required in Pune within 22 days. Please share quotation.",Steel Brackets,Stainless Steel,SS304,8 mm,759,units,Pune,22,Automotive,Normal,0.23,63583.72,Low
R03011,B0407,"Looking for 3463 units of Mild Steel sheet metal parts (SS304), size 5 mm, for our automotive plant in Bengaluru. Need delivery in 5 days.",Sheet Metal Parts,Mild Steel,SS304,5 mm,3463,units,Bengaluru,5,Automotive,Urgent,0.38,468003.86,Medium
R03012,B0658,"Please quote for 8339 electric motors, Aluminium, IE3, 10 HP. Location: Hyderabad. Required by 42 days.",Electric Motors,Aluminium,IE3,10 HP,8339,units,Hyderabad,42,Construction,Flexible,0.11,2947592.4,Medium
R03013,B1191,"Looking for 11910 units of PU conveyor belts (Food Grade), size 800 mm, for our industrial plant plant in Bengaluru. Need delivery in 18 days.",Conveyor Belts,PU,Food Grade,800 mm,11910,units,Bengaluru,18,Industrial plant,Normal,0.87,5117259.07,High
R03014,B0614,"Need 10625 steel brackets for general manufacturing, Stainless Steel SS304, 8 mm. Delivery required in Kolkata within 36 days. Please share quotation.",Steel Brackets,Stainless Steel,SS304,8 mm,10625,units,Kolkata,36,General manufacturing,Flexible,0.79,1456185.3,Medium
R03015,B0730,"Please quote for 4273 industrial pumps, Stainless Steel, SS304, 10 HP. Location: Mumbai. Required by 27 days.",Industrial Pumps,Stainless Steel,SS304,10 HP,4273,units,Mumbai,27,OEM project,Flexible,0.99,97133.76,Medium
R03016,B0372,"Looking for 4290 units of Stainless Steel ball valves (CS), size 3 inch, for our construction plant in Pune. Need delivery in 30 days.",Ball Valves,Stainless Steel,CS,3 inch,4290,units,Pune,30,Construction,Flexible,0.48,282731.57,Low
R03017,B1158,"Need 3716 electric motors for industrial plant, Aluminium IE3, 10 HP. Delivery required in Bengaluru within 9 days. Please share quotation.",Electric Motors,Aluminium,IE3,10 HP,3716,units,Bengaluru,9,Industrial plant,Urgent,0.22,367317.48,Medium
R03018,B0614,"Looking for 5503 units of Stainless Steel hydraulic cylinders (SS304), size 50 mm, for our industrial plant plant in Kolkata. Need delivery in 12 days.",Hydraulic Cylinders,Stainless Steel,SS304,50 mm,5503,units,Kolkata,12,Industrial plant,Normal,0.4,1678874.1,High
R03019,B0612,"Looking for 5984 units of Stainless Steel hydraulic cylinders (SS304), size 100 mm, for our industrial plant plant in Hyderabad. Need delivery in 8 days.",Hydraulic Cylinders,Stainless Steel,SS304,100 mm,5984,units,Hyderabad,8,Industrial plant,Urgent,0.1,780726.02,High
R03020,B1317,"Please quote for 3373 gearboxes, Steel, Worm, 10 HP. Location: Kolkata. Required by 40 days.",Gearboxes,Steel,Worm,10 HP,3373,units,Kolkata,40,Industrial plant,Flexible,0.22,1374735.08,Medium
R03021,B0801,"Please quote for 10704 sheet metal parts, Mild Steel, SS304, 10 mm. Location: Nashik. Required by 42 days.",Sheet Metal Parts,Mild Steel,SS304,10 mm,10704,units,Nashik,42,Automotive,Flexible,0.66,626483.71,Medium
R03022,B0178,"Need 7360 gearboxes for oem project, Steel Worm, 5 HP. Delivery required in Kolkata within 30 days. Please share quotation.",Gearboxes,Steel,Worm,5 HP,7360,units,Kolkata,30,OEM project,Flexible,0.4,370863.52,Medium
R03023,B0957,"Please quote for 9007 electric motors, Cast Iron, IE2, 25 HP. Location: Nashik. Required by 28 days.",Electric Motors,Cast Iron,IE2,25 HP,9007,units,Nashik,28,OEM project,Flexible,0.06,3271109.55,Medium
R03024,B0133,"Please quote for 9383 ball valves, Carbon Steel, SS304, 3 inch. Location: Kolkata. Required by 32 days.",Ball Valves,Carbon Steel,SS304,3 inch,9383,units,Kolkata,32,Construction,Flexible,0.81,535559.06,Medium
R03025,B0608,"Looking for 7901 units of Cast Iron electric motors (IE2), size 5 HP, for our general manufacturing plant in Ahmedabad. Need delivery in 13 days.",Electric Motors,Cast Iron,IE2,5 HP,7901,units,Ahmedabad,13,General manufacturing,Normal,0.08,1334810.5,High
R03026,B1400,"Looking for 9288 units of Stainless Steel steel brackets (MS), size 8 mm, for our general manufacturing plant in Delhi. Need delivery in 44 days.",Steel Brackets,Stainless Steel,MS,8 mm,9288,units,Delhi,44,General manufacturing,Flexible,0.22,1726805.39,Medium
R03027,B0309,"Please quote for 5121 ball valves, Stainless Steel, SS304, 1 inch. Location: Nagpur. Required by 14 days.",Ball Valves,Stainless Steel,SS304,1 inch,5121,units,Nagpur,14,Construction,Normal,0.63,2222026.91,High
R03028,B0109,"Looking for 3755 units of Cast Iron electric motors (IE2), size 10 HP, for our construction plant in Mumbai. Need delivery in 44 days.",Electric Motors,Cast Iron,IE2,10 HP,3755,units,Mumbai,44,Construction,Flexible,0.93,863566.16,Medium
R03029,B1338,"Please quote for 322 steel brackets, Mild Steel, MS, 8 mm. Location: Delhi. Required by 23 days.",Steel Brackets,Mild Steel,MS,8 mm,322,units,Delhi,23,Construction,Normal,0.16,29579.35,Low
R03030,B0156,"Need 10227 hydraulic cylinders for general manufacturing, Stainless Steel SS304, 100 mm. Delivery required in Mumbai within 37 days. Please share quotation.",Hydraulic Cylinders,Stainless Steel,SS304,100 mm,10227,units,Mumbai,37,General manufacturing,Flexible,0.08,4780562.69,Medium
R03031,B0463,"Looking for 5757 units of PU conveyor belts (Food Grade), size 500 mm, for our industrial plant plant in Nagpur. Need delivery in 44 days.",Conveyor Belts,PU,Food Grade,500 mm,5757,units,Nagpur,44,Industrial plant,Flexible,0.14,1396925.98,Medium
R03032,B0886,"Need 1836 electric motors for oem project, Aluminium IE3, 5 HP. Delivery required in Delhi within 36 days. Please share quotation.",Electric Motors,Aluminium,IE3,5 HP,1836,units,Delhi,36,OEM project,Flexible,0.84,825786.58,Medium
R03033,B1250,"Looking for 8273 units of Cast Iron electric motors (IE3), size 10 HP, for our automotive plant in Chennai. Need delivery in 5 days.",Electric Motors,Cast Iron,IE3,10 HP,8273,units,Chennai,5,Automotive,Urgent,0.51,1655972.06,High
R03034,B1079,"Please quote for 7140 hydraulic cylinders, Stainless Steel, MS, 50 mm. Location: Hyderabad. Required by 35 days.",Hydraulic Cylinders,Stainless Steel,MS,50 mm,7140,units,Hyderabad,35,Construction,Flexible,0.33,2833458.93,Medium
R03035,B1154,"Need 3548 steel brackets for automotive, Mild Steel MS, 5 mm. Delivery required in Nagpur within 16 days. Please share quotation.",Steel Brackets,Mild Steel,MS,5 mm,3548,units,Nagpur,16,Automotive,Normal,0.13,1112976.48,Medium
R03036,B0272,"Please quote for 6525 industrial pumps, Stainless Steel, CI, 20 HP. Location: Mumbai. Required by 43 days.",Industrial Pumps,Stainless Steel,CI,20 HP,6525,units,Mumbai,43,Construction,Flexible,0.19,1024353.77,Medium
R03037,B1116,"Need 8613 gearboxes for general manufacturing, Cast Iron Worm, 10 HP. Delivery required in Pune within 16 days. Please share quotation.",Gearboxes,Cast Iron,Worm,10 HP,8613,units,Pune,16,General manufacturing,Normal,0.46,2397114.15,Medium
R03038,B0430,"Looking for 4137 units of Cast Iron gearboxes (Helical), size 2 HP, for our construction plant in Hyderabad. Need delivery in 24 days.",Gearboxes,Cast Iron,Helical,2 HP,4137,units,Hyderabad,24,Construction,Normal,0.2,1453636.12,Medium
R03039,B0117,"Need 10828 ball valves for industrial plant, Stainless Steel CS, 1 inch. Delivery required in Nashik within 14 days. Please share quotation.",Ball Valves,Stainless Steel,CS,1 inch,10828,units,Nashik,14,Industrial plant,Normal,0.49,1168102.18,High
R03040,B0412,"Looking for 8820 units of Stainless Steel steel brackets (MS), size 8 mm, for our industrial plant plant in Chennai. Need delivery in 39 days.",Steel Brackets,Stainless Steel,MS,8 mm,8820,units,Chennai,39,Industrial plant,Flexible,0.77,914878.64,Medium
R03041,B1268,"Need 5705 conveyor belts for automotive, PU Food Grade, 1000 mm. Delivery required in Nagpur within 3 days. Please share quotation.",Conveyor Belts,PU,Food Grade,1000 mm,5705,units,Nagpur,3,Automotive,Urgent,0.89,1814674.64,High
R03042,B0102,"Please quote for 257 ball valves, Stainless Steel, SS304, 2 inch. Location: Ahmedabad. Required by 23 days.",Ball Valves,Stainless Steel,SS304,2 inch,257,units,Ahmedabad,23,General manufacturing,Normal,0.94,114796.3,Low
R03043,B1277,"Need 9915 electric motors for industrial plant, Aluminium IE2, 5 HP. Delivery required in Nashik within 37 days. Please share quotation.",Electric Motors,Aluminium,IE2,5 HP,9915,units,Nashik,37,Industrial plant,Flexible,0.55,3761250.91,Medium
R03044,B0482,"Looking for 3928 units of Mild Steel steel brackets (SS304), size 3 mm, for our automotive plant in Kolkata. Need delivery in 3 days.",Steel Brackets,Mild Steel,SS304,3 mm,3928,units,Kolkata,3,Automotive,Urgent,0.75,451321.08,High
R03045,B0862,"Need 11806 conveyor belts for general manufacturing, PU Grade A, 800 mm. Delivery required in Pune within 21 days. Please share quotation.",Conveyor Belts,PU,Grade A,800 mm,11806,units,Pune,21,General manufacturing,Normal,0.91,2303413.6,High
R03046,B1185,"Need 1244 hydraulic cylinders for oem project, Steel MS, 150 mm. Delivery required in Pune within 28 days. Please share quotation.",Hydraulic Cylinders,Steel,MS,150 mm,1244,units,Pune,28,OEM project,Flexible,0.16,592182.2,Medium
R03047,B0080,"Please quote for 8287 conveyor belts, Rubber, Food Grade, 1000 mm. Location: Nagpur. Required by 24 days.",Conveyor Belts,Rubber,Food Grade,1000 mm,8287,units,Nagpur,24,OEM project,Normal,0.56,332427.56,Medium
R03048,B0186,"Please quote for 3782 ball valves, Stainless Steel, SS316, 1 inch. Location: Nashik. Required by 12 days.",Ball Valves,Stainless Steel,SS316,1 inch,3782,units,Nashik,12,General manufacturing,Normal,0.89,1529590.63,High
R03049,B0598,"Need 8358 electric motors for construction, Cast Iron IE2, 5 HP. Delivery required in Kolkata within 16 days. Please share quotation.",Electric Motors,Cast Iron,IE2,5 HP,8358,units,Kolkata,16,Construction,Normal,0.27,1162713.8,Medium
R03050,B1373,"Please quote for 5452 electric motors, Aluminium, IE3, 25 HP. Location: Kolkata. Required by 19 days.",Electric Motors,Aluminium,IE3,25 HP,5452,units,Kolkata,19,General manufacturing,Normal,0.19,450789.46,Medium
R03051,B1442,"Need 1142 industrial pumps for automotive, Stainless Steel SS316, 10 HP. Delivery required in Nagpur within 8 days. Please share quotation.",Industrial Pumps,Stainless Steel,SS316,10 HP,1142,units,Nagpur,8,Automotive,Urgent,0.93,444520.5,Medium
R03052,B0115,"Looking for 10989 units of PU conveyor belts (Grade A), size 500 mm, for our industrial plant plant in Nashik. Need delivery in 22 days.",Conveyor Belts,PU,Grade A,500 mm,10989,units,Nashik,22,Industrial plant,Normal,0.76,1292391.53,High
R03053,B0961,"Looking for 9001 units of Steel gearboxes (Worm), size 2 HP, for our general manufacturing plant in Chennai. Need delivery in 32 days.",Gearboxes,Steel,Worm,2 HP,9001,units,Chennai,32,General manufacturing,Flexible,0.63,557669.94,Medium
R03054,B0181,"Need 11880 sheet metal parts for industrial plant, Mild Steel SS304, 2 mm. Delivery required in Pune within 22 days. Please share quotation.",Sheet Metal Parts,Mild Steel,SS304,2 mm,11880,units,Pune,22,Industrial plant,Normal,0.95,3351493.04,High
R03055,B0199,"Need 496 electric motors for construction, Aluminium IE2, 25 HP. Delivery required in Kolkata within 12 days. Please share quotation.",Electric Motors,Aluminium,IE2,25 HP,496,units,Kolkata,12,Construction,Normal,0.48,102034.04,Low
R03056,B0747,"Looking for 2510 units of Mild Steel steel brackets (SS304), size 5 mm, for our automotive plant in Kolkata. Need delivery in 35 days.",Steel Brackets,Mild Steel,SS304,5 mm,2510,units,Kolkata,35,Automotive,Flexible,0.42,1184686.69,Medium
R03057,B0102,"Looking for 4944 units of Cast Iron industrial pumps (SS304), size 20 HP, for our automotive plant in Nagpur. Need delivery in 24 days.",Industrial Pumps,Cast Iron,SS304,20 HP,4944,units,Nagpur,24,Automotive,Normal,0.48,397330.77,Low
R03058,B0606,"Need 7249 industrial pumps for general manufacturing, Cast Iron CI, 20 HP. Delivery required in Bengaluru within 11 days. Please share quotation.",Industrial Pumps,Cast Iron,CI,20 HP,7249,units,Bengaluru,11,General manufacturing,Normal,0.23,3181412.78,High
R03059,B0440,"Looking for 11215 units of PU conveyor belts (Grade A), size 500 mm, for our industrial plant plant in Mumbai. Need delivery in 6 days.",Conveyor Belts,PU,Grade A,500 mm,11215,units,Mumbai,6,Industrial plant,Urgent,0.54,1509307.19,High
R03060,B1041,"Please quote for 2869 conveyor belts, PU, Grade A, 800 mm. Location: Chennai. Required by 22 days.",Conveyor Belts,PU,Grade A,800 mm,2869,units,Chennai,22,Automotive,Normal,0.2,1293173.65,Medium
R03061,B0230,"Please quote for 6254 gearboxes, Cast Iron, Worm, 2 HP. Location: Mumbai. Required by 22 days.",Gearboxes,Cast Iron,Worm,2 HP,6254,units,Mumbai,22,Industrial plant,Normal,0.75,1038912.27,High
R03062,B0558,"Need 5187 steel brackets for general manufacturing, Mild Steel MS, 8 mm. Delivery required in Chennai within 21 days. Please share quotation.",Steel Brackets,Mild Steel,MS,8 mm,5187,units,Chennai,21,General manufacturing,Normal,0.22,677819.17,Medium
R03063,B0257,"Please quote for 8226 industrial pumps, Cast Iron, CI, 5 HP. Location: Mumbai. Required by 26 days.",Industrial Pumps,Cast Iron,CI,5 HP,8226,units,Mumbai,26,OEM project,Flexible,0.15,3611768.15,Medium
R03064,B1260,"Need 9349 industrial pumps for general manufacturing, Cast Iron CI, 5 HP. Delivery required in Ahmedabad within 18 days. Please share quotation.",Industrial Pumps,Cast Iron,CI,5 HP,9349,units,Ahmedabad,18,General manufacturing,Normal,0.7,3841320.47,High
R03065,B0767,"Need 9054 gearboxes for automotive, Steel Worm, 5 HP. Delivery required in Bengaluru within 45 days. Please share quotation.",Gearboxes,Steel,Worm,5 HP,9054,units,Bengaluru,45,Automotive,Flexible,0.54,2490432.54,Medium
R03066,B0156,"Please quote for 9752 electric motors, Cast Iron, IE2, 10 HP. Location: Bengaluru. Required by 7 days.",Electric Motors,Cast Iron,IE2,10 HP,9752,units,Bengaluru,7,Industrial plant,Urgent,0.19,2049654.19,High
R03067,B0463,"Looking for 1876 units of Steel hydraulic cylinders (SS304), size 100 mm, for our automotive plant in Nashik. Need delivery in 5 days.",Hydraulic Cylinders,Steel,SS304,100 mm,1876,units,Nashik,5,Automotive,Urgent,0.02,852078.56,High
R03068,B0225,"Looking for 10702 units of Stainless Steel sheet metal parts (MS), size 10 mm, for our automotive plant in Hyderabad. Need delivery in 43 days.",Sheet Metal Parts,Stainless Steel,MS,10 mm,10702,units,Hyderabad,43,Automotive,Flexible,0.81,3977246.68,Medium
R03069,B0657,"Need 1581 electric motors for industrial plant, Cast Iron IE2, 5 HP. Delivery required in Bengaluru within 26 days. Please share quotation.",Electric Motors,Cast Iron,IE2,5 HP,1581,units,Bengaluru,26,Industrial plant,Flexible,0.1,383877.76,Low
R03070,B1176,"Need 3049 hydraulic cylinders for automotive, Steel SS304, 50 mm. Delivery required in Nashik within 19 days. Please share quotation.",Hydraulic Cylinders,Steel,SS304,50 mm,3049,units,Nashik,19,Automotive,Normal,0.49,258151.87,Low
R03071,B1087,"Please quote for 647 hydraulic cylinders, Steel, MS, 100 mm. Location: Pune. Required by 14 days.",Hydraulic Cylinders,Steel,MS,100 mm,647,units,Pune,14,Industrial plant,Normal,0.49,316102.78,Low
R03072,B0637,"Need 5695 sheet metal parts for oem project, Stainless Steel MS, 2 mm. Delivery required in Mumbai within 43 days. Please share quotation.",Sheet Metal Parts,Stainless Steel,MS,2 mm,5695,units,Mumbai,43,OEM project,Flexible,0.11,2313287.14,Medium
R03073,B1273,"Looking for 6371 units of Aluminium electric motors (IE3), size 5 HP, for our construction plant in Delhi. Need delivery in 20 days.",Electric Motors,Aluminium,IE3,5 HP,6371,units,Delhi,20,Construction,Normal,0.61,1610340.94,Medium
R03074,B0474,"Need 6060 conveyor belts for general manufacturing, Rubber Grade A, 800 mm. Delivery required in Mumbai within 26 days. Please share quotation.",Conveyor Belts,Rubber,Grade A,800 mm,6060,units,Mumbai,26,General manufacturing,Flexible,0.29,2204116.44,Medium
R03075,B1379,"Looking for 9311 units of Cast Iron electric motors (IE2), size 10 HP, for our industrial plant plant in Kolkata. Need delivery in 35 days.",Electric Motors,Cast Iron,IE2,10 HP,9311,units,Kolkata,35,Industrial plant,Flexible,0.91,1171652.16,Medium
R03076,B0016,"Need 205 conveyor belts for automotive, Rubber Food Grade, 1000 mm. Delivery required in Nashik within 41 days. Please share quotation.",Conveyor Belts,Rubber,Food Grade,1000 mm,205,units,Nashik,41,Automotive,Flexible,0.61,81930.22,Low
R03077,B0853,"Need 224 ball valves for construction, Stainless Steel CS, 2 inch. Delivery required in Chennai within 25 days. Please share quotation.",Ball Valves,Stainless Steel,CS,2 inch,224,units,Chennai,25,Construction,Normal,0.25,22566.73,Low
R03078,B0727,"Need 5485 electric motors for construction, Cast Iron IE2, 5 HP. Delivery required in Delhi within 22 days. Please share quotation.",Electric Motors,Cast Iron,IE2,5 HP,5485,units,Delhi,22,Construction,Normal,0.79,996043.77,High
R03079,B1191,"Looking for 10427 units of Stainless Steel steel brackets (SS304), size 8 mm, for our automotive plant in Kolkata. Need delivery in 38 days.",Steel Brackets,Stainless Steel,SS304,8 mm,10427,units,Kolkata,38,Automotive,Flexible,0.68,3476493.71,Medium
R03080,B1065,"Looking for 7958 units of Cast Iron industrial pumps (SS304), size 5 HP, for our general manufacturing plant in Mumbai. Need delivery in 22 days.",Industrial Pumps,Cast Iron,SS304,5 HP,7958,units,Mumbai,22,General manufacturing,Normal,0.21,1325969.93,Medium
R03081,B0536,"Need 2753 sheet metal parts for industrial plant, Mild Steel MS, 2 mm. Delivery required in Delhi within 36 days. Please share quotation.",Sheet Metal Parts,Mild Steel,MS,2 mm,2753,units,Delhi,36,Industrial plant,Flexible,0.88,467595.77,Low
R03082,B0104,"Need 2641 steel brackets for construction, Mild Steel MS, 3 mm. Delivery required in Hyderabad within 25 days. Please share quotation.",Steel Brackets,Mild Steel,MS,3 mm,2641,units,Hyderabad,25,Construction,Normal,0.24,762352.42,Medium
R03083,B0191,"Looking for 1648 units of Rubber conveyor belts (Grade A), size 1000 mm, for our construction plant in Kolkata. Need delivery in 25 days.",Conveyor Belts,Rubber,Grade A,1000 mm,1648,units,Kolkata,25,Construction,Normal,0.24,623299.06,Medium
R03084,B1094,"Please quote for 10436 steel brackets, Mild Steel, SS304, 5 mm. Location: Ahmedabad. Required by 40 days.",Steel Brackets,Mild Steel,SS304,5 mm,10436,units,Ahmedabad,40,Automotive,Flexible,0.78,5179938.87,Medium
R03085,B0534,"Looking for 645 units of Stainless Steel ball valves (SS304), size 2 inch, for our automotive plant in Hyderabad. Need delivery in 12 days.",Ball Valves,Stainless Steel,SS304,2 inch,645,units,Hyderabad,12,Automotive,Normal,0.19,79962.18,Low
R03086,B1325,"Looking for 5289 units of PU conveyor belts (Grade A), size 500 mm, for our general manufacturing plant in Bengaluru. Need delivery in 25 days.",Conveyor Belts,PU,Grade A,500 mm,5289,units,Bengaluru,25,General manufacturing,Normal,0.46,778903.86,Medium
R03087,B1268,"Looking for 7394 units of Mild Steel sheet metal parts (MS), size 10 mm, for our industrial plant plant in Ahmedabad. Need delivery in 39 days.",Sheet Metal Parts,Mild Steel,MS,10 mm,7394,units,Ahmedabad,39,Industrial plant,Flexible,0.41,3281191.8,Medium
R03088,B0570,"Looking for 4263 units of Mild Steel steel brackets (SS304), size 8 mm, for our automotive plant in Mumbai. Need delivery in 40 days.",Steel Brackets,Mild Steel,SS304,8 mm,4263,units,Mumbai,40,Automotive,Flexible,0.66,2089315.59,Medium
R03089,B1413,"Need 9547 electric motors for construction, Cast Iron IE3, 10 HP. Delivery required in Nagpur within 12 days. Please share quotation.",Electric Motors,Cast Iron,IE3,10 HP,9547,units,Nagpur,12,Construction,Normal,0.42,1230809.79,High
R03090,B1245,"Looking for 1858 units of PU conveyor belts (Grade A), size 800 mm, for our construction plant in Nashik. Need delivery in 9 days.",Conveyor Belts,PU,Grade A,800 mm,1858,units,Nashik,9,Construction,Urgent,0.53,807683.79,Medium
R03091,B1019,"Looking for 6451 units of Cast Iron industrial pumps (SS304), size 20 HP, for our industrial plant plant in Delhi. Need delivery in 12 days.",Industrial Pumps,Cast Iron,SS304,20 HP,6451,units,Delhi,12,Industrial plant,Normal,0.48,1119268.04,High
R03092,B1040,"Please quote for 8056 electric motors, Aluminium, IE3, 10 HP. Location: Delhi. Required by 23 days.",Electric Motors,Aluminium,IE3,10 HP,8056,units,Delhi,23,Industrial plant,Normal,0.46,339688.33,Medium
R03093,B1228,"Need 9606 electric motors for oem project, Aluminium IE2, 25 HP. Delivery required in Delhi within 20 days. Please share quotation.",Electric Motors,Aluminium,IE2,25 HP,9606,units,Delhi,20,OEM project,Normal,0.36,3904471.13,Medium
R03094,B1104,"Please quote for 5339 hydraulic cylinders, Stainless Steel, MS, 50 mm. Location: Ahmedabad. Required by 12 days.",Hydraulic Cylinders,Stainless Steel,MS,50 mm,5339,units,Ahmedabad,12,General manufacturing,Normal,0.83,2553676.87,High
R03095,B0292,"Need 1491 steel brackets for automotive, Mild Steel MS, 3 mm. Delivery required in Delhi within 30 days. Please share quotation.",Steel Brackets,Mild Steel,MS,3 mm,1491,units,Delhi,30,Automotive,Flexible,0.7,163206.38,Low
R03096,B0462,"Need 4557 sheet metal parts for construction, Stainless Steel SS304, 10 mm. Delivery required in Mumbai within 22 days. Please share quotation.",Sheet Metal Parts,Stainless Steel,SS304,10 mm,4557,units,Mumbai,22,Construction,Normal,0.97,703759.95,Medium
R03097,B1349,"Need 1678 sheet metal parts for general manufacturing, Stainless Steel SS304, 10 mm. Delivery required in Hyderabad within 11 days. Please share quotation.",Sheet Metal Parts,Stainless Steel,SS304,10 mm,1678,units,Hyderabad,11,General manufacturing,Normal,0.75,497181.48,Medium
R03098,B0157,"Looking for 9678 units of Rubber conveyor belts (Grade A), size 800 mm, for our industrial plant plant in Kolkata. Need delivery in 14 days.",Conveyor Belts,Rubber,Grade A,800 mm,9678,units,Kolkata,14,Industrial plant,Normal,0.5,2774377.59,High
R03099,B0787,"Need 10212 conveyor belts for automotive, PU Food Grade, 500 mm. Delivery required in Nashik within 7 days. Please share quotation.",Conveyor Belts,PU,Food Grade,500 mm,10212,units,Nashik,7,Automotive,Urgent,0.38,711547.83,High
R03100,B0613,"Looking for 11033 units of Stainless Steel sheet metal parts (MS), size 5 mm, for our construction plant in Mumbai. Need delivery in 6 days.",Sheet Metal Parts,Stainless Steel,MS,5 mm,11033,units,Mumbai,6,Construction,Urgent,0.78,2668723.85,High
R03101,B0336,"Please quote for 10181 gearboxes, Steel, Helical, 2 HP. Location: Ahmedabad. Required by 31 days.",Gearboxes,Steel,Helical,2 HP,10181,units,Ahmedabad,31,OEM project,Flexible,0.23,4457871.74,Medium
R03102,B0785,"Need 2546 gearboxes for oem project, Cast Iron Worm, 5 HP. Delivery required in Nagpur within 5 days. Please share quotation.",Gearboxes,Cast Iron,Worm,5 HP,2546,units,Nagpur,5,OEM project,Urgent,0.65,532032.01,High
R03103,B0038,"Looking for 3799 units of Steel gearboxes (Worm), size 5 HP, for our general manufacturing plant in Nagpur. Need delivery in 27 days.",Gearboxes,Steel,Worm,5 HP,3799,units,Nagpur,27,General manufacturing,Flexible,0.36,810907.91,Medium
R03104,B0136,"Looking for 9176 units of Cast Iron industrial pumps (SS304), size 20 HP, for our industrial plant plant in Ahmedabad. Need delivery in 10 days.",Industrial Pumps,Cast Iron,SS304,20 HP,9176,units,Ahmedabad,10,Industrial plant,Urgent,0.32,407644.85,Medium
R03105,B1487,"Please quote for 7706 steel brackets, Stainless Steel, SS304, 8 mm. Location: Nagpur. Required by 3 days.",Steel Brackets,Stainless Steel,SS304,8 mm,7706,units,Nagpur,3,General manufacturing,Urgent,0.68,2012922.93,High
R03106,B1149,"Need 11590 ball valves for general manufacturing, Stainless Steel SS316, 2 inch. Delivery required in Mumbai within 29 days. Please share quotation.",Ball Valves,Stainless Steel,SS316,2 inch,11590,units,Mumbai,29,General manufacturing,Flexible,0.14,252191.17,Medium
R03107,B0839,"Need 7116 steel brackets for construction, Mild Steel MS, 5 mm. Delivery required in Mumbai within 29 days. Please share quotation.",Steel Brackets,Mild Steel,MS,5 mm,7116,units,Mumbai,29,Construction,Flexible,0.85,1620962.35,High
R03108,B1496,"Please quote for 3598 hydraulic cylinders, Stainless Steel, MS, 100 mm. Location: Kolkata. Required by 36 days.",Hydraulic Cylinders,Stainless Steel,MS,100 mm,3598,units,Kolkata,36,Industrial plant,Flexible,0.27,1745472.01,Medium
R03109,B0344,"Looking for 1292 units of Stainless Steel ball valves (SS316), size 3 inch, for our construction plant in Chennai. Need delivery in 28 days.",Ball Valves,Stainless Steel,SS316,3 inch,1292,units,Chennai,28,Construction,Flexible,0.21,572661.27,Medium
R03110,B0549,"Looking for 11195 units of Stainless Steel hydraulic cylinders (MS), size 150 mm, for our construction plant in Chennai. Need delivery in 4 days.",Hydraulic Cylinders,Stainless Steel,MS,150 mm,11195,units,Chennai,4,Construction,Urgent,0.69,940795.55,High
R03111,B1108,"Need 9753 steel brackets for automotive, Mild Steel MS, 8 mm. Delivery required in Ahmedabad within 33 days. Please share quotation.",Steel Brackets,Mild Steel,MS,8 mm,9753,units,Ahmedabad,33,Automotive,Flexible,0.49,2205339.96,Medium
R03112,B0029,"Need 7358 ball valves for general manufacturing, Stainless Steel SS304, 1 inch. Delivery required in Nagpur within 33 days. Please share quotation.",Ball Valves,Stainless Steel,SS304,1 inch,7358,units,Nagpur,33,General manufacturing,Flexible,0.65,779059.85,Medium
R03113,B0208,"Need 3578 conveyor belts for industrial plant, PU Food Grade, 500 mm. Delivery required in Kolkata within 13 days. Please share quotation.",Conveyor Belts,PU,Food Grade,500 mm,3578,units,Kolkata,13,Industrial plant,Normal,0.99,1106182.99,High
R03114,B1182,"Looking for 10271 units of Stainless Steel hydraulic cylinders (MS), size 150 mm, for our automotive plant in Mumbai. Need delivery in 12 days.",Hydraulic Cylinders,Stainless Steel,MS,150 mm,10271,units,Mumbai,12,Automotive,Normal,0.11,4250026.85,High
R03115,B1148,"Need 5723 conveyor belts for construction, PU Food Grade, 800 mm. Delivery required in Nashik within 24 days. Please share quotation.",Conveyor Belts,PU,Food Grade,800 mm,5723,units,Nashik,24,Construction,Normal,0.42,2082524.17,Medium
R03116,B1360,"Please quote for 2436 hydraulic cylinders, Steel, MS, 100 mm. Location: Kolkata. Required by 42 days.",Hydraulic Cylinders,Steel,MS,100 mm,2436,units,Kolkata,42,General manufacturing,Flexible,0.19,1181146.44,Medium
R03117,B1083,"Please quote for 184 ball valves, Carbon Steel, CS, 1 inch. Location: Hyderabad. Required by 9 days.",Ball Valves,Carbon Steel,CS,1 inch,184,units,Hyderabad,9,Construction,Urgent,0.62,36022.41,Low
R03118,B0123,"Looking for 9812 units of Mild Steel sheet metal parts (MS), size 5 mm, for our automotive plant in Nagpur. Need delivery in 38 days.",Sheet Metal Parts,Mild Steel,MS,5 mm,9812,units,Nagpur,38,Automotive,Flexible,0.3,2421179.62,Medium
R03119,B0789,"Please quote for 1732 industrial pumps, Cast Iron, SS304, 20 HP. Location: Delhi. Required by 45 days.",Industrial Pumps,Cast Iron,SS304,20 HP,1732,units,Delhi,45,General manufacturing,Flexible,0.53,763400.67,Low
R03120,B1375,"Please quote for 9830 sheet metal parts, Stainless Steel, MS, 2 mm. Location: Mumbai. Required by 12 days.",Sheet Metal Parts,Stainless Steel,MS,2 mm,9830,units,Mumbai,12,General manufacturing,Normal,0.74,1783612.2,High
R03121,B0948,"Please quote for 11983 hydraulic cylinders, Steel, SS304, 50 mm. Location: Ahmedabad. Required by 14 days.",Hydraulic Cylinders,Steel,SS304,50 mm,11983,units,Ahmedabad,14,OEM project,Normal,0.76,4518731.26,High
R03122,B1421,"Looking for 72 units of Mild Steel sheet metal parts (MS), size 10 mm, for our automotive plant in Pune. Need delivery in 19 days.",Sheet Metal Parts,Mild Steel,MS,10 mm,72,units,Pune,19,Automotive,Normal,0.73,24005.87,Low
R03123,B1130,"Looking for 4345 units of Cast Iron electric motors (IE2), size 5 HP, for our industrial plant plant in Nashik. Need delivery in 16 days.",Electric Motors,Cast Iron,IE2,5 HP,4345,units,Nashik,16,Industrial plant,Normal,0.36,1903164.53,Medium
R03124,B0131,"Looking for 4272 units of Cast Iron gearboxes (Helical), size 2 HP, for our oem project plant in Kolkata. Need delivery in 34 days.",Gearboxes,Cast Iron,Helical,2 HP,4272,units,Kolkata,34,OEM project,Flexible,0.44,1925293.91,Medium
R03125,B0144,"Looking for 7988 units of Cast Iron electric motors (IE3), size 10 HP, for our construction plant in Delhi. Need delivery in 13 days.",Electric Motors,Cast Iron,IE3,10 HP,7988,units,Delhi,13,Construction,Normal,0.93,3543832.88,High
R03126,B1435,"Looking for 2471 units of Stainless Steel ball valves (SS316), size 1 inch, for our general manufacturing plant in Mumbai. Need delivery in 40 days.",Ball Valves,Stainless Steel,SS316,1 inch,2471,units,Mumbai,40,General manufacturing,Flexible,0.99,1010507.12,Medium
R03127,B0920,"Need 5385 sheet metal parts for automotive, Stainless Steel MS, 2 mm. Delivery required in Delhi within 5 days. Please share quotation.",Sheet Metal Parts,Stainless Steel,MS,2 mm,5385,units,Delhi,5,Automotive,Urgent,0.49,807912.43,High
R03128,B0012,"Please quote for 8054 electric motors, Aluminium, IE3, 25 HP. Location: Bengaluru. Required by 19 days.",Electric Motors,Aluminium,IE3,25 HP,8054,units,Bengaluru,19,Automotive,Normal,0.93,2938371.18,High
R03129,B0952,"Need 10068 hydraulic cylinders for automotive, Steel MS, 50 mm. Delivery required in Kolkata within 15 days. Please share quotation.",Hydraulic Cylinders,Steel,MS,50 mm,10068,units,Kolkata,15,Automotive,Normal,0.25,1201126.82,High
R03130,B0937,"Need 8445 hydraulic cylinders for general manufacturing, Steel MS, 150 mm. Delivery required in Hyderabad within 4 days. Please share quotation.",Hydraulic Cylinders,Steel,MS,150 mm,8445,units,Hyderabad,4,General manufacturing,Urgent,0.77,734448.88,High
R03131,B1112,"Looking for 6068 units of Steel hydraulic cylinders (MS), size 150 mm, for our general manufacturing plant in Mumbai. Need delivery in 42 days.",Hydraulic Cylinders,Steel,MS,150 mm,6068,units,Mumbai,42,General manufacturing,Flexible,0.5,1099722.23,Medium
R03132,B0904,"Looking for 10593 units of Rubber conveyor belts (Food Grade), size 500 mm, for our oem project plant in Nashik. Need delivery in 33 days.",Conveyor Belts,Rubber,Food Grade,500 mm,10593,units,Nashik,33,OEM project,Flexible,0.78,2931093.91,Medium
R03133,B0256,"Need 8701 hydraulic cylinders for oem project, Stainless Steel MS, 50 mm. Delivery required in Pune within 29 days. Please share quotation.",Hydraulic Cylinders,Stainless Steel,MS,50 mm,8701,units,Pune,29,OEM project,Flexible,0.04,3406092.31,Medium
R03134,B0215,"Need 1820 hydraulic cylinders for general manufacturing, Steel MS, 100 mm. Delivery required in Bengaluru within 27 days. Please share quotation.",Hydraulic Cylinders,Steel,MS,100 mm,1820,units,Bengaluru,27,General manufacturing,Flexible,0.27,423958.24,Low
R03135,B0665,"Please quote for 10372 ball valves, Stainless Steel, CS, 1 inch. Location: Kolkata. Required by 36 days.",Ball Valves,Stainless Steel,CS,1 inch,10372,units,Kolkata,36,Automotive,Flexible,0.18,3343104.99,Medium
R03136,B0688,"Please quote for 5880 sheet metal parts, Stainless Steel, SS304, 10 mm. Location: Ahmedabad. Required by 25 days.",Sheet Metal Parts,Stainless Steel,SS304,10 mm,5880,units,Ahmedabad,25,Automotive,Normal,0.51,1578648.65,Medium
R03137,B0592,"Please quote for 5032 industrial pumps, Cast Iron, CI, 5 HP. Location: Delhi. Required by 40 days.",Industrial Pumps,Cast Iron,CI,5 HP,5032,units,Delhi,40,OEM project,Flexible,0.64,1497964.65,Medium
R03138,B0100,"Looking for 655 units of Cast Iron electric motors (IE2), size 10 HP, for our oem project plant in Nashik. Need delivery in 27 days.",Electric Motors,Cast Iron,IE2,10 HP,655,units,Nashik,27,OEM project,Flexible,0.68,200522.73,Low
R03139,B0676,"Need 34 steel brackets for general manufacturing, Stainless Steel SS304, 3 mm. Delivery required in Chennai within 32 days. Please share quotation.",Steel Brackets,Stainless Steel,SS304,3 mm,34,units,Chennai,32,General manufacturing,Flexible,0.02,15024.51,Low
R03140,B0630,"Need 7637 conveyor belts for construction, Rubber Grade A, 800 mm. Delivery required in Chennai within 6 days. Please share quotation.",Conveyor Belts,Rubber,Grade A,800 mm,7637,units,Chennai,6,Construction,Urgent,0.71,1010788.65,High
R03141,B0533,"Please quote for 2370 steel brackets, Mild Steel, SS304, 3 mm. Location: Bengaluru. Required by 17 days.",Steel Brackets,Mild Steel,SS304,3 mm,2370,units,Bengaluru,17,Industrial plant,Normal,0.78,626742.84,Medium
R03142,B0668,"Looking for 2851 units of Cast Iron industrial pumps (SS304), size 10 HP, for our industrial plant plant in Chennai. Need delivery in 20 days.",Industrial Pumps,Cast Iron,SS304,10 HP,2851,units,Chennai,20,Industrial plant,Normal,0.65,177873.58,Medium
R03143,B0008,"Looking for 11116 units of Cast Iron electric motors (IE2), size 5 HP, for our automotive plant in Ahmedabad. Need delivery in 29 days.",Electric Motors,Cast Iron,IE2,5 HP,11116,units,Ahmedabad,29,Automotive,Flexible,0.1,3071842.55,Medium
R03144,B0022,"Looking for 262 units of Stainless Steel sheet metal parts (SS304), size 2 mm, for our construction plant in Nagpur. Need delivery in 43 days.",Sheet Metal Parts,Stainless Steel,SS304,2 mm,262,units,Nagpur,43,Construction,Flexible,0.19,104417.59,Low
R03145,B0042,"Need 670 sheet metal parts for industrial plant, Mild Steel MS, 5 mm. Delivery required in Delhi within 43 days. Please share quotation.",Sheet Metal Parts,Mild Steel,MS,5 mm,670,units,Delhi,43,Industrial plant,Flexible,0.16,110972.23,Low
R03146,B0174,"Need 10505 sheet metal parts for construction, Stainless Steel SS304, 10 mm. Delivery required in Delhi within 44 days. Please share quotation.",Sheet Metal Parts,Stainless Steel,SS304,10 mm,10505,units,Delhi,44,Construction,Flexible,0.6,4365907.44,Medium
R03147,B1250,"Please quote for 8685 electric motors, Aluminium, IE2, 5 HP. Location: Hyderabad. Required by 37 days.",Electric Motors,Aluminium,IE2,5 HP,8685,units,Hyderabad,37,General manufacturing,Flexible,0.77,1838639.06,Medium
R03148,B0175,"Please quote for 2489 conveyor belts, PU, Grade A, 500 mm. Location: Pune. Required by 39 days.",Conveyor Belts,PU,Grade A,500 mm,2489,units,Pune,39,Construction,Flexible,0.9,473508.66,Low
R03149,B0976,"Please quote for 5005 industrial pumps, Cast Iron, SS304, 5 HP. Location: Hyderabad. Required by 10 days.",Industrial Pumps,Cast Iron,SS304,5 HP,5005,units,Hyderabad,10,OEM project,Urgent,0.82,1794931.82,High
R03150,B0060,"Please quote for 8837 steel brackets, Mild Steel, MS, 5 mm. Location: Delhi. Required by 8 days.",Steel Brackets,Mild Steel,MS,5 mm,8837,units,Delhi,8,Construction,Urgent,0.81,1592851.62,High
R03151,B1472,"Please quote for 10381 steel brackets, Stainless Steel, SS304, 5 mm. Location: Delhi. Required by 42 days.",Steel Brackets,Stainless Steel,SS304,5 mm,10381,units,Delhi,42,General manufacturing,Flexible,0.45,1728182.19,Medium
R03152,B0473,"Need 8082 sheet metal parts for oem project, Mild Steel MS, 2 mm. Delivery required in Nashik within 19 days. Please share quotation.",Sheet Metal Parts,Mild Steel,MS,2 mm,8082,units,Nashik,19,OEM project,Normal,0.31,498148.65,Medium
R03153,B0918,"Looking for 6621 units of Cast Iron industrial pumps (SS304), size 20 HP, for our construction plant in Nagpur. Need delivery in 44 days.",Industrial Pumps,Cast Iron,SS304,20 HP,6621,units,Nagpur,44,Construction,Flexible,0.92,3028250.75,Medium
R03154,B1194,"Need 6682 industrial pumps for oem project, Cast Iron CI, 20 HP. Delivery required in Nagpur within 25 days. Please share quotation.",Industrial Pumps,Cast Iron,CI,20 HP,6682,units,Nagpur,25,OEM project,Normal,0.2,1511154.85,Medium
R03155,B0893,"Need 9201 conveyor belts for construction, Rubber Grade A, 800 mm. Delivery required in Pune within 14 days. Please share quotation.",Conveyor Belts,Rubber,Grade A,800 mm,9201,units,Pune,14,Construction,Normal,0.3,1377186.18,High
R03156,B0810,"Need 4383 electric motors for industrial plant, Aluminium IE3, 5 HP. Delivery required in Mumbai within 21 days. Please share quotation.",Electric Motors,Aluminium,IE3,5 HP,4383,units,Mumbai,21,Industrial plant,Normal,0.26,976326.35,Medium
R03157,B0732,"Please quote for 463 electric motors, Aluminium, IE2, 25 HP. Location: Chennai. Required by 13 days.",Electric Motors,Aluminium,IE2,25 HP,463,units,Chennai,13,Construction,Normal,0.22,162498.52,Low
R03158,B0987,"Need 4671 conveyor belts for general manufacturing, PU Grade A, 800 mm. Delivery required in Chennai within 27 days. Please share quotation.",Conveyor Belts,PU,Grade A,800 mm,4671,units,Chennai,27,General manufacturing,Flexible,0.31,1152589.65,Medium
R03159,B0218,"Need 8375 steel brackets for industrial plant, Mild Steel SS304, 5 mm. Delivery required in Ahmedabad within 7 days. Please share quotation.",Steel Brackets,Mild Steel,SS304,5 mm,8375,units,Ahmedabad,7,Industrial plant,Urgent,0.75,3264441.01,High
R03160,B1035,"Need 4600 steel brackets for oem project, Mild Steel SS304, 3 mm. Delivery required in Nagpur within 42 days. Please share quotation.",Steel Brackets,Mild Steel,SS304,3 mm,4600,units,Nagpur,42,OEM project,Flexible,0.58,724744.16,Medium
R03161,B1145,"Looking for 2015 units of Cast Iron industrial pumps (CI), size 20 HP, for our construction plant in Nashik. Need delivery in 32 days.",Industrial Pumps,Cast Iron,CI,20 HP,2015,units,Nashik,32,Construction,Flexible,0.47,923308.74,Medium
R03162,B0793,"Looking for 6454 units of Rubber conveyor belts (Food Grade), size 1000 mm, for our oem project plant in Kolkata. Need delivery in 20 days.",Conveyor Belts,Rubber,Food Grade,1000 mm,6454,units,Kolkata,20,OEM project,Normal,0.92,1554573.5,High
R03163,B1027,"Looking for 3007 units of PU conveyor belts (Food Grade), size 500 mm, for our construction plant in Pune. Need delivery in 24 days.",Conveyor Belts,PU,Food Grade,500 mm,3007,units,Pune,24,Construction,Normal,0.88,1112704.36,Medium
R03164,B0491,"Need 1880 electric motors for general manufacturing, Cast Iron IE3, 5 HP. Delivery required in Hyderabad within 40 days. Please share quotation.",Electric Motors,Cast Iron,IE3,5 HP,1880,units,Hyderabad,40,General manufacturing,Flexible,0.38,173823.31,Low
R03165,B0282,"Need 4019 sheet metal parts for industrial plant, Mild Steel SS304, 5 mm. Delivery required in Kolkata within 7 days. Please share quotation.",Sheet Metal Parts,Mild Steel,SS304,5 mm,4019,units,Kolkata,7,Industrial plant,Urgent,0.33,827179.94,High
R03166,B0726,"Please quote for 9660 conveyor belts, PU, Grade A, 500 mm. Location: Pune. Required by 22 days.",Conveyor Belts,PU,Grade A,500 mm,9660,units,Pune,22,Construction,Normal,0.93,3475585.43,High
R03167,B1317,"Looking for 660 units of Mild Steel steel brackets (SS304), size 5 mm, for our construction plant in Pune. Need delivery in 20 days.",Steel Brackets,Mild Steel,SS304,5 mm,660,units,Pune,20,Construction,Normal,0.76,245311.36,Low
R03168,B1032,"Need 745 industrial pumps for oem project, Cast Iron CI, 20 HP. Delivery required in Nagpur within 23 days. Please share quotation.",Industrial Pumps,Cast Iron,CI,20 HP,745,units,Nagpur,23,OEM project,Normal,0.34,357679.9,Low
R03169,B0089,"Need 8033 conveyor belts for automotive, Rubber Grade A, 800 mm. Delivery required in Pune within 13 days. Please share quotation.",Conveyor Belts,Rubber,Grade A,800 mm,8033,units,Pune,13,Automotive,Normal,0.82,3904237.36,High
R03170,B1462,"Looking for 8308 units of Stainless Steel steel brackets (MS), size 8 mm, for our construction plant in Nagpur. Need delivery in 28 days.",Steel Brackets,Stainless Steel,MS,8 mm,8308,units,Nagpur,28,Construction,Flexible,0.55,3566310.88,Medium
R03171,B0626,"Looking for 1440 units of Stainless Steel hydraulic cylinders (MS), size 100 mm, for our industrial plant plant in Mumbai. Need delivery in 23 days.",Hydraulic Cylinders,Stainless Steel,MS,100 mm,1440,units,Mumbai,23,Industrial plant,Normal,0.59,555381.07,Medium
R03172,B0699,"Looking for 879 units of Cast Iron electric motors (IE3), size 5 HP, for our industrial plant plant in Delhi. Need delivery in 21 days.",Electric Motors,Cast Iron,IE3,5 HP,879,units,Delhi,21,Industrial plant,Normal,0.43,345146.31,Low
R03173,B1376,"Need 6556 ball valves for automotive, Stainless Steel SS316, 2 inch. Delivery required in Kolkata within 44 days. Please share quotation.",Ball Valves,Stainless Steel,SS316,2 inch,6556,units,Kolkata,44,Automotive,Flexible,0.37,1336026.92,Medium
R03174,B0583,"Please quote for 1267 sheet metal parts, Stainless Steel, SS304, 2 mm. Location: Chennai. Required by 37 days.",Sheet Metal Parts,Stainless Steel,SS304,2 mm,1267,units,Chennai,37,Industrial plant,Flexible,0.63,551948.33,Low
R03175,B1017,"Need 8887 conveyor belts for general manufacturing, Rubber Food Grade, 800 mm. Delivery required in Pune within 12 days. Please share quotation.",Conveyor Belts,Rubber,Food Grade,800 mm,8887,units,Pune,12,General manufacturing,Normal,0.01,4208175.28,High
R03176,B1419,"Please quote for 2518 gearboxes, Steel, Worm, 5 HP. Location: Mumbai. Required by 33 days.",Gearboxes,Steel,Worm,5 HP,2518,units,Mumbai,33,Construction,Flexible,0.54,753822.09,Medium
R03177,B1179,"Looking for 3728 units of PU conveyor belts (Food Grade), size 800 mm, for our general manufacturing plant in Kolkata. Need delivery in 4 days.",Conveyor Belts,PU,Food Grade,800 mm,3728,units,Kolkata,4,General manufacturing,Urgent,1.0,743562.74,High
R03178,B0705,"Looking for 10395 units of Mild Steel sheet metal parts (MS), size 5 mm, for our oem project plant in Hyderabad. Need delivery in 31 days.",Sheet Metal Parts,Mild Steel,MS,5 mm,10395,units,Hyderabad,31,OEM project,Flexible,0.08,2849470.15,Medium
R03179,B0582,"Please quote for 2660 industrial pumps, Stainless Steel, CI, 5 HP. Location: Chennai. Required by 28 days.",Industrial Pumps,Stainless Steel,CI,5 HP,2660,units,Chennai,28,Industrial plant,Flexible,0.5,1044993.89,Medium
R03180,B0165,"Please quote for 11396 sheet metal parts, Stainless Steel, SS304, 10 mm. Location: Hyderabad. Required by 26 days.",Sheet Metal Parts,Stainless Steel,SS304,10 mm,11396,units,Hyderabad,26,OEM project,Flexible,0.93,826170.41,High
R03181,B0233,"Need 9538 hydraulic cylinders for oem project, Steel SS304, 50 mm. Delivery required in Hyderabad within 9 days. Please share quotation.",Hydraulic Cylinders,Steel,SS304,50 mm,9538,units,Hyderabad,9,OEM project,Urgent,0.8,4028094.8,High
R03182,B0374,"Looking for 4596 units of Stainless Steel hydraulic cylinders (MS), size 100 mm, for our automotive plant in Pune. Need delivery in 29 days.",Hydraulic Cylinders,Stainless Steel,MS,100 mm,4596,units,Pune,29,Automotive,Flexible,0.61,936529.98,Medium
R03183,B0409,"Need 8282 gearboxes for industrial plant, Steel Helical, 5 HP. Delivery required in Delhi within 16 days. Please share quotation.",Gearboxes,Steel,Helical,5 HP,8282,units,Delhi,16,Industrial plant,Normal,0.56,4042097.15,Medium
R03184,B0920,"Need 9548 steel brackets for industrial plant, Mild Steel SS304, 5 mm. Delivery required in Kolkata within 7 days. Please share quotation.",Steel Brackets,Mild Steel,SS304,5 mm,9548,units,Kolkata,7,Industrial plant,Urgent,0.42,3345827.99,High
R03185,B1384,"Please quote for 1433 ball valves, Carbon Steel, SS316, 3 inch. Location: Ahmedabad. Required by 32 days.",Ball Valves,Carbon Steel,SS316,3 inch,1433,units,Ahmedabad,32,Automotive,Flexible,0.75,174064.59,Low
R03186,B1424,"Please quote for 6276 electric motors, Cast Iron, IE3, 5 HP. Location: Ahmedabad. Required by 27 days.",Electric Motors,Cast Iron,IE3,5 HP,6276,units,Ahmedabad,27,Automotive,Flexible,0.39,1425482.96,Medium
R03187,B0688,"Please quote for 537 steel brackets, Mild Steel, SS304, 3 mm. Location: Ahmedabad. Required by 23 days.",Steel Brackets,Mild Steel,SS304,3 mm,537,units,Ahmedabad,23,Construction,Normal,0.18,148375.35,Low
R03188,B1308,"Need 6325 steel brackets for general manufacturing, Stainless Steel SS304, 3 mm. Delivery required in Bengaluru within 42 days. Please share quotation.",Steel Brackets,Stainless Steel,SS304,3 mm,6325,units,Bengaluru,42,General manufacturing,Flexible,0.08,952714.27,Medium
R03189,B1484,"Looking for 40 units of Stainless Steel industrial pumps (SS316), size 5 HP, for our general manufacturing plant in Hyderabad. Need delivery in 38 days.",Industrial Pumps,Stainless Steel,SS316,5 HP,40,units,Hyderabad,38,General manufacturing,Flexible,0.42,1326.95,Low
R03190,B0544,"Looking for 10024 units of Mild Steel sheet metal parts (MS), size 5 mm, for our automotive plant in Hyderabad. Need delivery in 12 days.",Sheet Metal Parts,Mild Steel,MS,5 mm,10024,units,Hyderabad,12,Automotive,Normal,0.7,1332206.77,High
R03191,B0461,"Looking for 10001 units of PU conveyor belts (Food Grade), size 1000 mm, for our automotive plant in Kolkata. Need delivery in 3 days.",Conveyor Belts,PU,Food Grade,1000 mm,10001,units,Kolkata,3,Automotive,Urgent,0.8,3482697.73,High
R03192,B0051,"Please quote for 8919 steel brackets, Stainless Steel, SS304, 3 mm. Location: Hyderabad. Required by 7 days.",Steel Brackets,Stainless Steel,SS304,3 mm,8919,units,Hyderabad,7,Automotive,Urgent,0.93,3167242.38,High
R03193,B1144,"Need 3201 conveyor belts for oem project, PU Food Grade, 1000 mm. Delivery required in Ahmedabad within 36 days. Please share quotation.",Conveyor Belts,PU,Food Grade,1000 mm,3201,units,Ahmedabad,36,OEM project,Flexible,0.26,1096759.88,Medium
R03194,B0756,"Looking for 7694 units of Stainless Steel sheet metal parts (MS), size 10 mm, for our industrial plant plant in Nagpur. Need delivery in 22 days.",Sheet Metal Parts,Stainless Steel,MS,10 mm,7694,units,Nagpur,22,Industrial plant,Normal,0.43,3740048.07,Medium
R03195,B1384,"Please quote for 1454 gearboxes, Cast Iron, Worm, 2 HP. Location: Delhi. Required by 13 days.",Gearboxes,Cast Iron,Worm,2 HP,1454,units,Delhi,13,Industrial plant,Normal,0.48,109015.14,Low
R03196,B0308,"Looking for 2225 units of Cast Iron gearboxes (Helical), size 2 HP, for our construction plant in Mumbai. Need delivery in 28 days.",Gearboxes,Cast Iron,Helical,2 HP,2225,units,Mumbai,28,Construction,Flexible,0.67,638537.23,Medium
R03197,B0038,"Looking for 11970 units of Cast Iron industrial pumps (CI), size 5 HP, for our industrial plant plant in Mumbai. Need delivery in 42 days.",Industrial Pumps,Cast Iron,CI,5 HP,11970,units,Mumbai,42,Industrial plant,Flexible,0.34,594565.19,Medium
R03198,B0180,"Please quote for 3077 ball valves, Carbon Steel, CS, 2 inch. Location: Nagpur. Required by 8 days.",Ball Valves,Carbon Steel,CS,2 inch,3077,units,Nagpur,8,OEM project,Urgent,0.37,1516566.23,High
R03199,B0381,"Need 3743 industrial pumps for oem project, Cast Iron SS304, 10 HP. Delivery required in Mumbai within 8 days. Please share quotation.",Industrial Pumps,Cast Iron,SS304,10 HP,3743,units,Mumbai,8,OEM project,Urgent,0.27,957513.17,High
R03200,B1190,"Please quote for 407 steel brackets, Mild Steel, MS, 8 mm. Location: Delhi. Required by 36 days.",Steel Brackets,Mild Steel,MS,8 mm,407,units,Delhi,36,Construction,Flexible,0.63,77285.18,Low
R03201,B0176,"Looking for 9609 units of Stainless Steel steel brackets (SS304), size 5 mm, for our construction plant in Nashik. Need delivery in 20 days.",Steel Brackets,Stainless Steel,SS304,5 mm,9609,units,Nashik,20,Construction,Normal,0.57,2036953.37,Medium
R03202,B1149,"Need 9701 steel brackets for construction, Stainless Steel SS304, 3 mm. Delivery required in Chennai within 27 days. Please share quotation.",Steel Brackets,Stainless Steel,SS304,3 mm,9701,units,Chennai,27,Construction,Flexible,0.35,3680315.54,Medium
R03203,B0158,"Please quote for 2912 hydraulic cylinders, Steel, SS304, 50 mm. Location: Mumbai. Required by 10 days.",Hydraulic Cylinders,Steel,SS304,50 mm,2912,units,Mumbai,10,General manufacturing,Urgent,0.17,1148356.57,High
R03204,B0629,"Looking for 8430 units of Cast Iron industrial pumps (SS304), size 10 HP, for our general manufacturing plant in Pune. Need delivery in 36 days.",Industrial Pumps,Cast Iron,SS304,10 HP,8430,units,Pune,36,General manufacturing,Flexible,0.86,2265722.3,Medium
R03205,B0383,"Looking for 11340 units of Mild Steel steel brackets (SS304), size 3 mm, for our automotive plant in Bengaluru. Need delivery in 32 days.",Steel Brackets,Mild Steel,SS304,3 mm,11340,units,Bengaluru,32,Automotive,Flexible,0.48,2262796.29,Medium
R03206,B1261,"Please quote for 9445 sheet metal parts, Mild Steel, SS304, 10 mm. Location: Nashik. Required by 41 days.",Sheet Metal Parts,Mild Steel,SS304,10 mm,9445,units,Nashik,41,Automotive,Flexible,0.76,4509979.08,Medium
R03207,B1002,"Need 2369 ball valves for industrial plant, Stainless Steel CS, 2 inch. Delivery required in Mumbai within 44 days. Please share quotation.",Ball Valves,Stainless Steel,CS,2 inch,2369,units,Mumbai,44,Industrial plant,Flexible,0.39,128488.85,Low
R03208,B0423,"Need 2495 sheet metal parts for automotive, Mild Steel SS304, 2 mm. Delivery required in Nashik within 21 days. Please share quotation.",Sheet Metal Parts,Mild Steel,SS304,2 mm,2495,units,Nashik,21,Automotive,Normal,0.55,69726.52,Low
R03209,B0137,"Looking for 11643 units of Stainless Steel steel brackets (SS304), size 5 mm, for our automotive plant in Delhi. Need delivery in 43 days.",Steel Brackets,Stainless Steel,SS304,5 mm,11643,units,Delhi,43,Automotive,Flexible,0.8,5253660.59,Medium
R03210,B0293,"Please quote for 8476 conveyor belts, Rubber, Grade A, 1000 mm. Location: Nagpur. Required by 13 days.",Conveyor Belts,Rubber,Grade A,1000 mm,8476,units,Nagpur,13,Industrial plant,Normal,0.54,2562287.26,High
R03211,B0047,"Please quote for 1213 sheet metal parts, Mild Steel, SS304, 5 mm. Location: Delhi. Required by 5 days.",Sheet Metal Parts,Mild Steel,SS304,5 mm,1213,units,Delhi,5,Construction,Urgent,0.59,256642.37,Medium
R03212,B0948,"Please quote for 7538 industrial pumps, Cast Iron, CI, 20 HP. Location: Nagpur. Required by 30 days.",Industrial Pumps,Cast Iron,CI,20 HP,7538,units,Nagpur,30,Construction,Flexible,0.78,275389.95,Medium
R03213,B1465,"Looking for 10140 units of Mild Steel steel brackets (SS304), size 8 mm, for our oem project plant in Mumbai. Need delivery in 15 days.",Steel Brackets,Mild Steel,SS304,8 mm,10140,units,Mumbai,15,OEM project,Normal,0.63,799224.28,High
R03214,B0085,"Need 2009 electric motors for construction, Cast Iron IE3, 25 HP. Delivery required in Nagpur within 25 days. Please share quotation.",Electric Motors,Cast Iron,IE3,25 HP,2009,units,Nagpur,25,Construction,Normal,0.37,291093.9,Low
R03215,B1072,"Please quote for 8630 hydraulic cylinders, Stainless Steel, MS, 50 mm. Location: Kolkata. Required by 41 days.",Hydraulic Cylinders,Stainless Steel,MS,50 mm,8630,units,Kolkata,41,Industrial plant,Flexible,0.45,178376.15,Low
R03216,B1394,"Need 9880 hydraulic cylinders for construction, Steel MS, 100 mm. Delivery required in Nagpur within 30 days. Please share quotation.",Hydraulic Cylinders,Steel,MS,100 mm,9880,units,Nagpur,30,Construction,Flexible,0.82,3732850.81,High
R03217,B1100,"Need 8186 hydraulic cylinders for oem project, Stainless Steel SS304, 100 mm. Delivery required in Bengaluru within 18 days. Please share quotation.",Hydraulic Cylinders,Stainless Steel,SS304,100 mm,8186,units,Bengaluru,18,OEM project,Normal,0.37,3283169.19,Medium
R03218,B0984,"Looking for 1325 units of Mild Steel steel brackets (MS), size 8 mm, for our automotive plant in Mumbai. Need delivery in 3 days.",Steel Brackets,Mild Steel,MS,8 mm,1325,units,Mumbai,3,Automotive,Urgent,0.78,357355.15,Medium
R03219,B1259,"Need 6885 electric motors for construction, Cast Iron IE2, 5 HP. Delivery required in Kolkata within 8 days. Please share quotation.",Electric Motors,Cast Iron,IE2,5 HP,6885,units,Kolkata,8,Construction,Urgent,0.49,517337.55,High
R03220,B0872,"Need 9838 electric motors for oem project, Cast Iron IE3, 5 HP. Delivery required in Hyderabad within 21 days. Please share quotation.",Electric Motors,Cast Iron,IE3,5 HP,9838,units,Hyderabad,21,OEM project,Normal,0.85,3477364.17,High
R03221,B0951,"Need 4471 industrial pumps for industrial plant, Stainless Steel SS316, 20 HP. Delivery required in Kolkata within 21 days. Please share quotation.",Industrial Pumps,Stainless Steel,SS316,20 HP,4471,units,Kolkata,21,Industrial plant,Normal,0.6,1899209.23,Medium
R03222,B1340,"Please quote for 4876 industrial pumps, Cast Iron, CI, 20 HP. Location: Chennai. Required by 15 days.",Industrial Pumps,Cast Iron,CI,20 HP,4876,units,Chennai,15,OEM project,Normal,0.56,893708.95,Medium
R03223,B1224,"Looking for 10946 units of Mild Steel steel brackets (SS304), size 5 mm, for our automotive plant in Nagpur. Need delivery in 26 days.",Steel Brackets,Mild Steel,SS304,5 mm,10946,units,Nagpur,26,Automotive,Flexible,0.91,5120904.19,High
R03224,B0400,"Please quote for 4539 conveyor belts, Rubber, Grade A, 500 mm. Location: Hyderabad. Required by 39 days.",Conveyor Belts,Rubber,Grade A,500 mm,4539,units,Hyderabad,39,Industrial plant,Flexible,0.93,1292627.79,Medium
R03225,B0954,"Need 5066 sheet metal parts for general manufacturing, Stainless Steel MS, 2 mm. Delivery required in Delhi within 39 days. Please share quotation.",Sheet Metal Parts,Stainless Steel,MS,2 mm,5066,units,Delhi,39,General manufacturing,Flexible,0.74,765149.35,Medium
R03226,B0546,"Looking for 5840 units of Steel gearboxes (Worm), size 5 HP, for our oem project plant in Bengaluru. Need delivery in 16 days.",Gearboxes,Steel,Worm,5 HP,5840,units,Bengaluru,16,OEM project,Normal,0.43,2565296.12,Medium
R03227,B0697,"Need 4384 gearboxes for general manufacturing, Steel Worm, 10 HP. Delivery required in Ahmedabad within 3 days. Please share quotation.",Gearboxes,Steel,Worm,10 HP,4384,units,Ahmedabad,3,General manufacturing,Urgent,0.16,718616.55,High
R03228,B1333,"Need 10273 conveyor belts for automotive, PU Grade A, 500 mm. Delivery required in Kolkata within 4 days. Please share quotation.",Conveyor Belts,PU,Grade A,500 mm,10273,units,Kolkata,4,Automotive,Urgent,0.57,1067682.89,High
R03229,B0416,"Please quote for 11402 conveyor belts, Rubber, Grade A, 500 mm. Location: Pune. Required by 25 days.",Conveyor Belts,Rubber,Grade A,500 mm,11402,units,Pune,25,General manufacturing,Normal,0.43,1127677.15,Medium
R03230,B1492,"Looking for 1268 units of Carbon Steel ball valves (CS), size 1 inch, for our automotive plant in Kolkata. Need delivery in 30 days.",Ball Valves,Carbon Steel,CS,1 inch,1268,units,Kolkata,30,Automotive,Flexible,0.68,529385.07,Medium
R03231,B1000,"Need 8883 industrial pumps for automotive, Cast Iron CI, 10 HP. Delivery required in Pune within 26 days. Please share quotation.",Industrial Pumps,Cast Iron,CI,10 HP,8883,units,Pune,26,Automotive,Flexible,0.35,2283959.55,Medium
R03232,B0458,"Need 7556 conveyor belts for general manufacturing, Rubber Food Grade, 1000 mm. Delivery required in Ahmedabad within 7 days. Please share quotation.",Conveyor Belts,Rubber,Food Grade,1000 mm,7556,units,Ahmedabad,7,General manufacturing,Urgent,0.42,1437317.98,High
R03233,B0358,"Please quote for 2425 industrial pumps, Stainless Steel, SS304, 10 HP. Location: Mumbai. Required by 34 days.",Industrial Pumps,Stainless Steel,SS304,10 HP,2425,units,Mumbai,34,OEM project,Flexible,0.57,1041543.14,Medium
R03234,B0942,"Please quote for 352 conveyor belts, Rubber, Food Grade, 500 mm. Location: Nashik. Required by 32 days.",Conveyor Belts,Rubber,Food Grade,500 mm,352,units,Nashik,32,Automotive,Flexible,0.57,21832.14,Low
R03235,B0828,"Please quote for 4004 industrial pumps, Cast Iron, SS316, 5 HP. Location: Delhi. Required by 5 days.",Industrial Pumps,Cast Iron,SS316,5 HP,4004,units,Delhi,5,OEM project,Urgent,0.53,1937537.66,High
R03236,B0977,"Need 6335 electric motors for oem project, Aluminium IE3, 25 HP. Delivery required in Ahmedabad within 23 days. Please share quotation.",Electric Motors,Aluminium,IE3,25 HP,6335,units,Ahmedabad,23,OEM project,Normal,0.25,752525.7,Medium
R03237,B1336,"Need 132 industrial pumps for automotive, Stainless Steel SS304, 20 HP. Delivery required in Ahmedabad within 32 days. Please share quotation.",Industrial Pumps,Stainless Steel,SS304,20 HP,132,units,Ahmedabad,32,Automotive,Flexible,0.37,17565.62,Low
R03238,B0275,"Need 8643 industrial pumps for construction, Stainless Steel SS304, 20 HP. Delivery required in Mumbai within 40 days. Please share quotation.",Industrial Pumps,Stainless Steel,SS304,20 HP,8643,units,Mumbai,40,Construction,Flexible,0.49,2610912.91,Medium
R03239,B1011,"Need 4804 ball valves for general manufacturing, Carbon Steel CS, 3 inch. Delivery required in Mumbai within 22 days. Please share quotation.",Ball Valves,Carbon Steel,CS,3 inch,4804,units,Mumbai,22,General manufacturing,Normal,0.63,1135089.75,Medium
R03240,B0539,"Looking for 11552 units of PU conveyor belts (Grade A), size 800 mm, for our construction plant in Bengaluru. Need delivery in 8 days.",Conveyor Belts,PU,Grade A,800 mm,11552,units,Bengaluru,8,Construction,Urgent,0.74,2180225.7,High
R03241,B0003,"Please quote for 6648 steel brackets, Stainless Steel, MS, 5 mm. Location: Hyderabad. Required by 5 days.",Steel Brackets,Stainless Steel,MS,5 mm,6648,units,Hyderabad,5,Automotive,Urgent,0.95,2609613.99,High
R03242,B0760,"Please quote for 9956 ball valves, Stainless Steel, SS316, 1 inch. Location: Delhi. Required by 26 days.",Ball Valves,Stainless Steel,SS316,1 inch,9956,units,Delhi,26,OEM project,Flexible,0.82,3956418.99,High
R03243,B1373,"Looking for 8369 units of Aluminium electric motors (IE2), size 10 HP, for our construction plant in Nagpur. Need delivery in 28 days.",Electric Motors,Aluminium,IE2,10 HP,8369,units,Nagpur,28,Construction,Flexible,0.6,1649491.11,Medium
R03244,B1429,"Looking for 5927 units of Stainless Steel hydraulic cylinders (SS304), size 100 mm, for our automotive plant in Bengaluru. Need delivery in 30 days.",Hydraulic Cylinders,Stainless Steel,SS304,100 mm,5927,units,Bengaluru,30,Automotive,Flexible,0.13,351546.69,Medium
R03245,B0202,"Need 1486 industrial pumps for general manufacturing, Cast Iron SS304, 20 HP. Delivery required in Bengaluru within 4 days. Please share quotation.",Industrial Pumps,Cast Iron,SS304,20 HP,1486,units,Bengaluru,4,General manufacturing,Urgent,0.75,151450.54,Medium
R03246,B0174,"Please quote for 9720 sheet metal parts, Mild Steel, MS, 2 mm. Location: Ahmedabad. Required by 17 days.",Sheet Metal Parts,Mild Steel,MS,2 mm,9720,units,Ahmedabad,17,Construction,Normal,0.6,1580626.93,Medium
R03247,B0081,"Please quote for 8409 hydraulic cylinders, Stainless Steel, SS304, 150 mm. Location: Chennai. Required by 16 days.",Hydraulic Cylinders,Stainless Steel,SS304,150 mm,8409,units,Chennai,16,Construction,Normal,0.7,769796.5,High
R03248,B1214,"Looking for 10464 units of PU conveyor belts (Food Grade), size 500 mm, for our automotive plant in Delhi. Need delivery in 27 days.",Conveyor Belts,PU,Food Grade,500 mm,10464,units,Delhi,27,Automotive,Flexible,0.21,2790999.98,Medium
R03249,B0216,"Looking for 5242 units of Steel hydraulic cylinders (SS304), size 150 mm, for our construction plant in Delhi. Need delivery in 23 days.",Hydraulic Cylinders,Steel,SS304,150 mm,5242,units,Delhi,23,Construction,Normal,0.25,897237.96,Medium
R03250,B1497,"Need 8098 industrial pumps for industrial plant, Cast Iron SS304, 20 HP. Delivery required in Nashik within 21 days. Please share quotation.",Industrial Pumps,Cast Iron,SS304,20 HP,8098,units,Nashik,21,Industrial plant,Normal,0.43,3103617.8,Medium
R03251,B0680,"Please quote for 2546 electric motors, Aluminium, IE3, 10 HP. Location: Bengaluru. Required by 6 days.",Electric Motors,Aluminium,IE3,10 HP,2546,units,Bengaluru,6,OEM project,Urgent,0.49,1005606.54,High
R03252,B0557,"Looking for 294 units of Stainless Steel industrial pumps (SS316), size 10 HP, for our automotive plant in Kolkata. Need delivery in 37 days.",Industrial Pumps,Stainless Steel,SS316,10 HP,294,units,Kolkata,37,Automotive,Flexible,0.01,46562.84,Low
R03253,B0726,"Looking for 3934 units of Steel hydraulic cylinders (SS304), size 100 mm, for our construction plant in Chennai. Need delivery in 5 days.",Hydraulic Cylinders,Steel,SS304,100 mm,3934,units,Chennai,5,Construction,Urgent,0.55,1227259.34,High
R03254,B1005,"Please quote for 8635 hydraulic cylinders, Steel, SS304, 50 mm. Location: Delhi. Required by 20 days.",Hydraulic Cylinders,Steel,SS304,50 mm,8635,units,Delhi,20,Construction,Normal,0.05,1257974.18,Medium
R03255,B0211,"Need 3956 electric motors for oem project, Aluminium IE3, 5 HP. Delivery required in Delhi within 30 days. Please share quotation.",Electric Motors,Aluminium,IE3,5 HP,3956,units,Delhi,30,OEM project,Flexible,0.03,372675.83,Low
R03256,B0043,"Please quote for 10289 hydraulic cylinders, Stainless Steel, MS, 150 mm. Location: Ahmedabad. Required by 27 days.",Hydraulic Cylinders,Stainless Steel,MS,150 mm,10289,units,Ahmedabad,27,Automotive,Flexible,0.42,3068316.39,Medium
R03257,B1478,"Please quote for 2056 gearboxes, Cast Iron, Worm, 10 HP. Location: Hyderabad. Required by 27 days.",Gearboxes,Cast Iron,Worm,10 HP,2056,units,Hyderabad,27,Automotive,Flexible,0.04,228802.16,Low
R03258,B1430,"Need 6840 hydraulic cylinders for industrial plant, Stainless Steel SS304, 50 mm. Delivery required in Nashik within 17 days. Please share quotation.",Hydraulic Cylinders,Stainless Steel,SS304,50 mm,6840,units,Nashik,17,Industrial plant,Normal,0.69,831565.31,High
R03259,B0054,"Need 686 industrial pumps for general manufacturing, Stainless Steel SS304, 20 HP. Delivery required in Delhi within 37 days. Please share quotation.",Industrial Pumps,Stainless Steel,SS304,20 HP,686,units,Delhi,37,General manufacturing,Flexible,0.95,315161.6,Low
R03260,B0402,"Need 7440 sheet metal parts for general manufacturing, Mild Steel SS304, 10 mm. Delivery required in Pune within 29 days. Please share quotation.",Sheet Metal Parts,Mild Steel,SS304,10 mm,7440,units,Pune,29,General manufacturing,Flexible,0.43,3473377.33,Medium
R03261,B0552,"Need 1101 industrial pumps for industrial plant, Stainless Steel SS304, 20 HP. Delivery required in Nashik within 34 days. Please share quotation.",Industrial Pumps,Stainless Steel,SS304,20 HP,1101,units,Nashik,34,Industrial plant,Flexible,0.36,468443.38,Low
R03262,B1214,"Looking for 10205 units of Rubber conveyor belts (Food Grade), size 800 mm, for our oem project plant in Kolkata. Need delivery in 41 days.",Conveyor Belts,Rubber,Food Grade,800 mm,10205,units,Kolkata,41,OEM project,Flexible,0.82,1584866.72,Medium
R03263,B0847,"Need 8494 sheet metal parts for construction, Mild Steel SS304, 10 mm. Delivery required in Pune within 8 days. Please share quotation.",Sheet Metal Parts,Mild Steel,SS304,10 mm,8494,units,Pune,8,Construction,Urgent,0.87,1316858.35,High
R03264,B0817,"Need 598 industrial pumps for automotive, Stainless Steel SS304, 5 HP. Delivery required in Nashik within 3 days. Please share quotation.",Industrial Pumps,Stainless Steel,SS304,5 HP,598,units,Nashik,3,Automotive,Urgent,0.85,165792.35,Medium
R03265,B0956,"Please quote for 11319 sheet metal parts, Mild Steel, SS304, 5 mm. Location: Bengaluru. Required by 26 days.",Sheet Metal Parts,Mild Steel,SS304,5 mm,11319,units,Bengaluru,26,Construction,Flexible,0.93,4711123.45,High
R03266,B0527,"Please quote for 6889 ball valves, Carbon Steel, SS304, 2 inch. Location: Nashik. Required by 21 days.",Ball Valves,Carbon Steel,SS304,2 inch,6889,units,Nashik,21,Construction,Normal,0.77,148032.18,Medium
R03267,B0659,"Please quote for 679 ball valves, Stainless Steel, SS304, 3 inch. Location: Pune. Required by 43 days.",Ball Valves,Stainless Steel,SS304,3 inch,679,units,Pune,43,Industrial plant,Flexible,0.59,47181.42,Low
R03268,B0144,"Need 2308 electric motors for general manufacturing, Cast Iron IE3, 10 HP. Delivery required in Bengaluru within 12 days. Please share quotation.",Electric Motors,Cast Iron,IE3,10 HP,2308,units,Bengaluru,12,General manufacturing,Normal,0.36,881603.36,Medium
R03269,B0630,"Please quote for 6738 conveyor belts, PU, Grade A, 800 mm. Location: Bengaluru. Required by 27 days.",Conveyor Belts,PU,Grade A,800 mm,6738,units,Bengaluru,27,Industrial plant,Flexible,0.55,754089.68,Medium
R03270,B0770,"Need 421 ball valves for industrial plant, Stainless Steel SS304, 1 inch. Delivery required in Nashik within 19 days. Please share quotation.",Ball Valves,Stainless Steel,SS304,1 inch,421,units,Nashik,19,Industrial plant,Normal,0.39,99203.08,Low
R03271,B0637,"Please quote for 9558 gearboxes, Cast Iron, Worm, 10 HP. Location: Bengaluru. Required by 33 days.",Gearboxes,Cast Iron,Worm,10 HP,9558,units,Bengaluru,33,OEM project,Flexible,0.29,3548934.89,Medium
R03272,B0589,"Looking for 7987 units of Carbon Steel ball valves (CS), size 1 inch, for our industrial plant plant in Ahmedabad. Need delivery in 43 days.",Ball Valves,Carbon Steel,CS,1 inch,7987,units,Ahmedabad,43,Industrial plant,Flexible,0.56,2687610.43,Medium
R03273,B1288,"Please quote for 1833 ball valves, Stainless Steel, SS316, 2 inch. Location: Hyderabad. Required by 7 days.",Ball Valves,Stainless Steel,SS316,2 inch,1833,units,Hyderabad,7,General manufacturing,Urgent,0.9,783756.26,High
R03274,B0705,"Need 11324 ball valves for general manufacturing, Stainless Steel SS316, 1 inch. Delivery required in Kolkata within 11 days. Please share quotation.",Ball Valves,Stainless Steel,SS316,1 inch,11324,units,Kolkata,11,General manufacturing,Normal,0.59,3734178.27,High
R03275,B0349,"Please quote for 9906 conveyor belts, Rubber, Grade A, 500 mm. Location: Kolkata. Required by 33 days.",Conveyor Belts,Rubber,Grade A,500 mm,9906,units,Kolkata,33,Automotive,Flexible,0.55,1500685.98,Medium
R03276,B0430,"Please quote for 10096 steel brackets, Mild Steel, SS304, 5 mm. Location: Chennai. Required by 43 days.",Steel Brackets,Mild Steel,SS304,5 mm,10096,units,Chennai,43,Industrial plant,Flexible,0.29,2091307.11,Medium
R03277,B0261,"Need 7122 electric motors for automotive, Cast Iron IE3, 25 HP. Delivery required in Bengaluru within 39 days. Please share quotation.",Electric Motors,Cast Iron,IE3,25 HP,7122,units,Bengaluru,39,Automotive,Flexible,0.72,2801214.05,Medium
R03278,B0787,"Need 8876 ball valves for industrial plant, Carbon Steel CS, 2 inch. Delivery required in Kolkata within 7 days. Please share quotation.",Ball Valves,Carbon Steel,CS,2 inch,8876,units,Kolkata,7,Industrial plant,Urgent,0.51,2421855.96,High
R03279,B0542,"Please quote for 6105 steel brackets, Stainless Steel, SS304, 3 mm. Location: Mumbai. Required by 7 days.",Steel Brackets,Stainless Steel,SS304,3 mm,6105,units,Mumbai,7,Industrial plant,Urgent,0.68,1067699.97,High
R03280,B1339,"Need 3444 electric motors for general manufacturing, Cast Iron IE3, 5 HP. Delivery required in Mumbai within 33 days. Please share quotation.",Electric Motors,Cast Iron,IE3,5 HP,3444,units,Mumbai,33,General manufacturing,Flexible,0.83,1424522.39,Medium
R03281,B0898,"Looking for 3100 units of Cast Iron electric motors (IE2), size 10 HP, for our automotive plant in Pune. Need delivery in 35 days.",Electric Motors,Cast Iron,IE2,10 HP,3100,units,Pune,35,Automotive,Flexible,0.71,715140.05,Medium
R03282,B0804,"Looking for 3817 units of Cast Iron electric motors (IE2), size 10 HP, for our automotive plant in Delhi. Need delivery in 3 days.",Electric Motors,Cast Iron,IE2,10 HP,3817,units,Delhi,3,Automotive,Urgent,0.45,1006661.69,High
R03283,B1143,"Looking for 1225 units of Carbon Steel ball valves (CS), size 3 inch, for our construction plant in Hyderabad. Need delivery in 28 days.",Ball Valves,Carbon Steel,CS,3 inch,1225,units,Hyderabad,28,Construction,Flexible,0.25,282367.96,Low
R03284,B1383,"Need 1883 ball valves for construction, Stainless Steel SS316, 1 inch. Delivery required in Chennai within 8 days. Please share quotation.",Ball Valves,Stainless Steel,SS316,1 inch,1883,units,Chennai,8,Construction,Urgent,0.61,912860.71,Medium
R03285,B1356,"Need 9264 electric motors for automotive, Cast Iron IE2, 5 HP. Delivery required in Hyderabad within 23 days. Please share quotation.",Electric Motors,Cast Iron,IE2,5 HP,9264,units,Hyderabad,23,Automotive,Normal,0.78,623209.97,High
R03286,B0955,"Please quote for 5347 electric motors, Aluminium, IE2, 25 HP. Location: Delhi. Required by 36 days.",Electric Motors,Aluminium,IE2,25 HP,5347,units,Delhi,36,Automotive,Flexible,0.4,155726.09,Low
R03287,B0216,"Please quote for 7606 ball valves, Stainless Steel, CS, 3 inch. Location: Nagpur. Required by 37 days.",Ball Valves,Stainless Steel,CS,3 inch,7606,units,Nagpur,37,OEM project,Flexible,0.88,977800.38,Medium
R03288,B0138,"Looking for 1273 units of Cast Iron industrial pumps (CI), size 20 HP, for our construction plant in Bengaluru. Need delivery in 31 days.",Industrial Pumps,Cast Iron,CI,20 HP,1273,units,Bengaluru,31,Construction,Flexible,0.88,543370.75,Medium
R03289,B0872,"Please quote for 9445 gearboxes, Steel, Helical, 10 HP. Location: Kolkata. Required by 30 days.",Gearboxes,Steel,Helical,10 HP,9445,units,Kolkata,30,General manufacturing,Flexible,0.18,724986.8,Medium
R03290,B0591,"Please quote for 8472 conveyor belts, PU, Grade A, 1000 mm. Location: Bengaluru. Required by 32 days.",Conveyor Belts,PU,Grade A,1000 mm,8472,units,Bengaluru,32,OEM project,Flexible,0.08,1540550.63,Medium
R03291,B1004,"Please quote for 9607 hydraulic cylinders, Steel, SS304, 150 mm. Location: Kolkata. Required by 24 days.",Hydraulic Cylinders,Steel,SS304,150 mm,9607,units,Kolkata,24,Automotive,Normal,0.49,1946856.25,Medium
R03292,B0780,"Please quote for 11450 electric motors, Aluminium, IE3, 5 HP. Location: Ahmedabad. Required by 42 days.",Electric Motors,Aluminium,IE3,5 HP,11450,units,Ahmedabad,42,General manufacturing,Flexible,0.32,779312.95,Medium
R03293,B1267,"Looking for 3309 units of Stainless Steel industrial pumps (SS304), size 5 HP, for our general manufacturing plant in Ahmedabad. Need delivery in 14 days.",Industrial Pumps,Stainless Steel,SS304,5 HP,3309,units,Ahmedabad,14,General manufacturing,Normal,0.46,673914.16,Medium
R03294,B0555,"Please quote for 764 conveyor belts, PU, Food Grade, 500 mm. Location: Mumbai. Required by 30 days.",Conveyor Belts,PU,Food Grade,500 mm,764,units,Mumbai,30,OEM project,Flexible,0.94,77020.36,Low
R03295,B0106,"Looking for 10082 units of Stainless Steel steel brackets (MS), size 8 mm, for our industrial plant plant in Delhi. Need delivery in 5 days.",Steel Brackets,Stainless Steel,MS,8 mm,10082,units,Delhi,5,Industrial plant,Urgent,0.0,2100908.04,High
R03296,B0906,"Looking for 9248 units of Cast Iron gearboxes (Worm), size 2 HP, for our construction plant in Nashik. Need delivery in 12 days.",Gearboxes,Cast Iron,Worm,2 HP,9248,units,Nashik,12,Construction,Normal,0.17,1769482.05,High
R03297,B0755,"Looking for 11746 units of Cast Iron industrial pumps (SS304), size 5 HP, for our general manufacturing plant in Chennai. Need delivery in 11 days.",Industrial Pumps,Cast Iron,SS304,5 HP,11746,units,Chennai,11,General manufacturing,Normal,0.88,2472678.54,High
R03298,B1412,"Need 3524 industrial pumps for general manufacturing, Cast Iron CI, 10 HP. Delivery required in Pune within 18 days. Please share quotation.",Industrial Pumps,Cast Iron,CI,10 HP,3524,units,Pune,18,General manufacturing,Normal,0.95,703937.16,Medium
R03299,B1186,"Please quote for 2293 conveyor belts, Rubber, Food Grade, 1000 mm. Location: Nagpur. Required by 19 days.",Conveyor Belts,Rubber,Food Grade,1000 mm,2293,units,Nagpur,19,OEM project,Normal,0.42,352131.25,Low
R03300,B0926,"Please quote for 11818 steel brackets, Mild Steel, SS304, 5 mm. Location: Nagpur. Required by 8 days.",Steel Brackets,Mild Steel,SS304,5 mm,11818,units,Nagpur,8,OEM project,Urgent,0.62,5688532.6,High
R03301,B0907,"Please quote for 2414 industrial pumps, Stainless Steel, SS316, 10 HP. Location: Pune. Required by 13 days.",Industrial Pumps,Stainless Steel,SS316,10 HP,2414,units,Pune,13,OEM project,Normal,0.92,295748.75,Medium
R03302,B0510,"Need 659 sheet metal parts for industrial plant, Mild Steel SS304, 5 mm. Delivery required in Mumbai within 23 days. Please share quotation.",Sheet Metal Parts,Mild Steel,SS304,5 mm,659,units,Mumbai,23,Industrial plant,Normal,0.04,97791.32,Low
R03303,B1496,"Looking for 374 units of Stainless Steel steel brackets (SS304), size 3 mm, for our general manufacturing plant in Delhi. Need delivery in 28 days.",Steel Brackets,Stainless Steel,SS304,3 mm,374,units,Delhi,28,General manufacturing,Flexible,0.82,113159.69,Low
R03304,B0486,"Looking for 9673 units of Aluminium electric motors (IE3), size 5 HP, for our automotive plant in Kolkata. Need delivery in 16 days.",Electric Motors,Aluminium,IE3,5 HP,9673,units,Kolkata,16,Automotive,Normal,0.19,2724620.23,Medium
R03305,B1126,"Need 9043 sheet metal parts for construction, Mild Steel SS304, 10 mm. Delivery required in Delhi within 5 days. Please share quotation.",Sheet Metal Parts,Mild Steel,SS304,10 mm,9043,units,Delhi,5,Construction,Urgent,0.92,3930826.59,High
R03306,B0900,"Looking for 1606 units of Stainless Steel hydraulic cylinders (SS304), size 150 mm, for our construction plant in Nagpur. Need delivery in 34 days.",Hydraulic Cylinders,Stainless Steel,SS304,150 mm,1606,units,Nagpur,34,Construction,Flexible,0.55,353034.52,Low
R03307,B0192,"Please quote for 8822 steel brackets, Stainless Steel, SS304, 3 mm. Location: Hyderabad. Required by 19 days.",Steel Brackets,Stainless Steel,SS304,3 mm,8822,units,Hyderabad,19,Industrial plant,Normal,1.0,4240824.36,High
R03308,B0308,"Looking for 5948 units of Stainless Steel sheet metal parts (MS), size 5 mm, for our construction plant in Kolkata. Need delivery in 37 days.",Sheet Metal Parts,Stainless Steel,MS,5 mm,5948,units,Kolkata,37,Construction,Flexible,0.34,2384850.19,Medium
R03309,B1415,"Looking for 639 units of Stainless Steel ball valves (SS316), size 3 inch, for our construction plant in Mumbai. Need delivery in 13 days.",Ball Valves,Stainless Steel,SS316,3 inch,639,units,Mumbai,13,Construction,Normal,0.05,45012.99,Low
R03310,B0370,"Please quote for 9595 gearboxes, Cast Iron, Helical, 2 HP. Location: Hyderabad. Required by 42 days.",Gearboxes,Cast Iron,Helical,2 HP,9595,units,Hyderabad,42,Industrial plant,Flexible,0.02,1441152.18,Medium
R03311,B0609,"Need 5131 industrial pumps for oem project, Cast Iron SS304, 5 HP. Delivery required in Mumbai within 5 days. Please share quotation.",Industrial Pumps,Cast Iron,SS304,5 HP,5131,units,Mumbai,5,OEM project,Urgent,0.66,982601.4,High
R03312,B0282,"Looking for 9411 units of Steel gearboxes (Worm), size 2 HP, for our general manufacturing plant in Hyderabad. Need delivery in 10 days.",Gearboxes,Steel,Worm,2 HP,9411,units,Hyderabad,10,General manufacturing,Urgent,0.67,2256886.41,High
R03313,B0725,"Looking for 799 units of Carbon Steel ball valves (SS304), size 2 inch, for our general manufacturing plant in Ahmedabad. Need delivery in 20 days.",Ball Valves,Carbon Steel,SS304,2 inch,799,units,Ahmedabad,20,General manufacturing,Normal,0.07,126441.83,Low
R03314,B1344,"Please quote for 3296 ball valves, Carbon Steel, CS, 2 inch. Location: Ahmedabad. Required by 12 days.",Ball Valves,Carbon Steel,CS,2 inch,3296,units,Ahmedabad,12,Automotive,Normal,0.77,105055.26,Medium
R03315,B0598,"Need 9809 conveyor belts for automotive, PU Food Grade, 800 mm. Delivery required in Nashik within 40 days. Please share quotation.",Conveyor Belts,PU,Food Grade,800 mm,9809,units,Nashik,40,Automotive,Flexible,0.46,4192413.74,Medium
R03316,B1424,"Looking for 8039 units of PU conveyor belts (Grade A), size 800 mm, for our construction plant in Pune. Need delivery in 29 days.",Conveyor Belts,PU,Grade A,800 mm,8039,units,Pune,29,Construction,Flexible,0.8,653984.0,High
R03317,B0241,"Looking for 832 units of Carbon Steel ball valves (CS), size 2 inch, for our oem project plant in Pune. Need delivery in 20 days.",Ball Valves,Carbon Steel,CS,2 inch,832,units,Pune,20,OEM project,Normal,0.22,81750.74,Low
R03318,B1500,"Need 6708 electric motors for oem project, Cast Iron IE3, 10 HP. Delivery required in Hyderabad within 16 days. Please share quotation.",Electric Motors,Cast Iron,IE3,10 HP,6708,units,Hyderabad,16,OEM project,Normal,0.39,423944.22,Medium
R03319,B0730,"Looking for 10451 units of PU conveyor belts (Food Grade), size 800 mm, for our general manufacturing plant in Nagpur. Need delivery in 42 days.",Conveyor Belts,PU,Food Grade,800 mm,10451,units,Nagpur,42,General manufacturing,Flexible,0.28,2239495.86,Medium
R03320,B1488,"Looking for 7248 units of Steel gearboxes (Worm), size 5 HP, for our automotive plant in Ahmedabad. Need delivery in 39 days.",Gearboxes,Steel,Worm,5 HP,7248,units,Ahmedabad,39,Automotive,Flexible,0.91,3334860.51,Medium
R03321,B1478,"Looking for 2664 units of Rubber conveyor belts (Food Grade), size 500 mm, for our construction plant in Mumbai. Need delivery in 30 days.",Conveyor Belts,Rubber,Food Grade,500 mm,2664,units,Mumbai,30,Construction,Flexible,0.69,922289.94,Medium
R03322,B0109,"Looking for 1577 units of Stainless Steel steel brackets (MS), size 5 mm, for our construction plant in Pune. Need delivery in 4 days.",Steel Brackets,Stainless Steel,MS,5 mm,1577,units,Pune,4,Construction,Urgent,0.84,64015.63,Medium
R03323,B0986,"Looking for 1257 units of Stainless Steel ball valves (SS316), size 2 inch, for our oem project plant in Ahmedabad. Need delivery in 28 days.",Ball Valves,Stainless Steel,SS316,2 inch,1257,units,Ahmedabad,28,OEM project,Flexible,0.35,572187.11,Medium
R03324,B1210,"Looking for 7537 units of Mild Steel sheet metal parts (MS), size 5 mm, for our construction plant in Kolkata. Need delivery in 16 days.",Sheet Metal Parts,Mild Steel,MS,5 mm,7537,units,Kolkata,16,Construction,Normal,0.06,280553.55,Medium
R03325,B1492,"Need 1859 conveyor belts for construction, PU Food Grade, 800 mm. Delivery required in Delhi within 30 days. Please share quotation.",Conveyor Belts,PU,Food Grade,800 mm,1859,units,Delhi,30,Construction,Flexible,0.69,303393.48,Low
R03326,B1175,"Looking for 62 units of Cast Iron industrial pumps (CI), size 10 HP, for our industrial plant plant in Delhi. Need delivery in 9 days.",Industrial Pumps,Cast Iron,CI,10 HP,62,units,Delhi,9,Industrial plant,Urgent,0.57,11266.18,Low
R03327,B0095,"Need 9974 hydraulic cylinders for general manufacturing, Steel SS304, 50 mm. Delivery required in Chennai within 10 days. Please share quotation.",Hydraulic Cylinders,Steel,SS304,50 mm,9974,units,Chennai,10,General manufacturing,Urgent,0.55,2014326.11,High
R03328,B0588,"Looking for 2147 units of Carbon Steel ball valves (SS304), size 1 inch, for our industrial plant plant in Kolkata. Need delivery in 5 days.",Ball Valves,Carbon Steel,SS304,1 inch,2147,units,Kolkata,5,Industrial plant,Urgent,0.98,451981.49,High
R03329,B0204,"Looking for 1176 units of Carbon Steel ball valves (CS), size 1 inch, for our automotive plant in Hyderabad. Need delivery in 24 days.",Ball Valves,Carbon Steel,CS,1 inch,1176,units,Hyderabad,24,Automotive,Normal,0.9,517272.94,Medium
R03330,B0528,"Looking for 1912 units of Steel gearboxes (Helical), size 5 HP, for our industrial plant plant in Mumbai. Need delivery in 34 days.",Gearboxes,Steel,Helical,5 HP,1912,units,Mumbai,34,Industrial plant,Flexible,0.04,538474.66,Low
R03331,B0153,"Please quote for 9588 conveyor belts, PU, Food Grade, 1000 mm. Location: Nagpur. Required by 28 days.",Conveyor Belts,PU,Food Grade,1000 mm,9588,units,Nagpur,28,General manufacturing,Flexible,0.9,731269.72,High
R03332,B0773,"Need 11626 steel brackets for general manufacturing, Mild Steel SS304, 5 mm. Delivery required in Hyderabad within 27 days. Please share quotation.",Steel Brackets,Mild Steel,SS304,5 mm,11626,units,Hyderabad,27,General manufacturing,Flexible,0.08,5378166.76,Medium
R03333,B1133,"Looking for 6311 units of PU conveyor belts (Food Grade), size 500 mm, for our construction plant in Pune. Need delivery in 7 days.",Conveyor Belts,PU,Food Grade,500 mm,6311,units,Pune,7,Construction,Urgent,0.6,1165898.2,High
R03334,B0414,"Please quote for 3622 electric motors, Cast Iron, IE3, 10 HP. Location: Nagpur. Required by 15 days.",Electric Motors,Cast Iron,IE3,10 HP,3622,units,Nagpur,15,General manufacturing,Normal,0.19,261982.04,Medium
R03335,B0717,"Looking for 10209 units of Rubber conveyor belts (Grade A), size 800 mm, for our general manufacturing plant in Ahmedabad. Need delivery in 7 days.",Conveyor Belts,Rubber,Grade A,800 mm,10209,units,Ahmedabad,7,General manufacturing,Urgent,0.37,2401280.51,High
R03336,B0181,"Need 8386 steel brackets for general manufacturing, Mild Steel MS, 5 mm. Delivery required in Delhi within 35 days. Please share quotation.",Steel Brackets,Mild Steel,MS,5 mm,8386,units,Delhi,35,General manufacturing,Flexible,0.2,3425290.18,Medium
R03337,B0513,"Please quote for 94 hydraulic cylinders, Stainless Steel, MS, 100 mm. Location: Chennai. Required by 16 days.",Hydraulic Cylinders,Stainless Steel,MS,100 mm,94,units,Chennai,16,Automotive,Normal,0.67,7624.1,Low
R03338,B0366,"Please quote for 7000 hydraulic cylinders, Stainless Steel, MS, 100 mm. Location: Hyderabad. Required by 31 days.",Hydraulic Cylinders,Stainless Steel,MS,100 mm,7000,units,Hyderabad,31,Industrial plant,Flexible,0.52,2627741.99,Medium
R03339,B0735,"Please quote for 5062 conveyor belts, Rubber, Food Grade, 800 mm. Location: Chennai. Required by 4 days.",Conveyor Belts,Rubber,Food Grade,800 mm,5062,units,Chennai,4,Automotive,Urgent,0.82,2160950.79,High
R03340,B0854,"Looking for 7309 units of Rubber conveyor belts (Food Grade), size 500 mm, for our industrial plant plant in Nashik. Need delivery in 35 days.",Conveyor Belts,Rubber,Food Grade,500 mm,7309,units,Nashik,35,Industrial plant,Flexible,0.74,2842160.04,Medium
R03341,B1112,"Need 2897 gearboxes for general manufacturing, Cast Iron Worm, 2 HP. Delivery required in Kolkata within 45 days. Please share quotation.",Gearboxes,Cast Iron,Worm,2 HP,2897,units,Kolkata,45,General manufacturing,Flexible,0.21,592748.32,Medium
R03342,B1119,"Please quote for 9668 hydraulic cylinders, Stainless Steel, MS, 150 mm. Location: Nashik. Required by 20 days.",Hydraulic Cylinders,Stainless Steel,MS,150 mm,9668,units,Nashik,20,Construction,Normal,0.31,399465.87,Medium
R03343,B1199,"Looking for 6442 units of Rubber conveyor belts (Food Grade), size 500 mm, for our industrial plant plant in Nashik. Need delivery in 30 days.",Conveyor Belts,Rubber,Food Grade,500 mm,6442,units,Nashik,30,Industrial plant,Flexible,0.47,1982796.19,Medium
R03344,B1033,"Looking for 5916 units of Stainless Steel sheet metal parts (SS304), size 5 mm, for our industrial plant plant in Hyderabad. Need delivery in 3 days.",Sheet Metal Parts,Stainless Steel,SS304,5 mm,5916,units,Hyderabad,3,Industrial plant,Urgent,0.36,1658812.74,High
R03345,B0267,"Looking for 1887 units of Mild Steel steel brackets (MS), size 8 mm, for our general manufacturing plant in Nashik. Need delivery in 41 days.",Steel Brackets,Mild Steel,MS,8 mm,1887,units,Nashik,41,General manufacturing,Flexible,0.5,793334.91,Low
R03346,B0198,"Need 9643 hydraulic cylinders for industrial plant, Steel MS, 150 mm. Delivery required in Ahmedabad within 10 days. Please share quotation.",Hydraulic Cylinders,Steel,MS,150 mm,9643,units,Ahmedabad,10,Industrial plant,Urgent,0.54,937093.65,High
R03347,B0773,"Need 1924 electric motors for automotive, Cast Iron IE2, 25 HP. Delivery required in Ahmedabad within 31 days. Please share quotation.",Electric Motors,Cast Iron,IE2,25 HP,1924,units,Ahmedabad,31,Automotive,Flexible,0.47,584763.11,Low
R03348,B1039,"Need 10875 steel brackets for construction, Mild Steel SS304, 8 mm. Delivery required in Kolkata within 19 days. Please share quotation.",Steel Brackets,Mild Steel,SS304,8 mm,10875,units,Kolkata,19,Construction,Normal,0.26,829544.73,Medium
R03349,B0627,"Please quote for 9979 hydraulic cylinders, Steel, MS, 150 mm. Location: Nagpur. Required by 26 days.",Hydraulic Cylinders,Steel,MS,150 mm,9979,units,Nagpur,26,Automotive,Flexible,0.91,2486290.9,High
R03350,B0940,"Need 3774 sheet metal parts for automotive, Stainless Steel SS304, 10 mm. Delivery required in Hyderabad within 24 days. Please share quotation.",Sheet Metal Parts,Stainless Steel,SS304,10 mm,3774,units,Hyderabad,24,Automotive,Normal,0.71,118229.56,Medium
R03351,B0016,"Need 11292 conveyor belts for automotive, PU Grade A, 1000 mm. Delivery required in Nashik within 26 days. Please share quotation.",Conveyor Belts,PU,Grade A,1000 mm,11292,units,Nashik,26,Automotive,Flexible,0.98,5409987.62,High
R03352,B0886,"Please quote for 10335 hydraulic cylinders, Steel, MS, 150 mm. Location: Chennai. Required by 42 days.",Hydraulic Cylinders,Steel,MS,150 mm,10335,units,Chennai,42,Construction,Flexible,0.18,3590497.78,Medium
R03353,B0130,"Please quote for 532 electric motors, Cast Iron, IE2, 10 HP. Location: Bengaluru. Required by 26 days.",Electric Motors,Cast Iron,IE2,10 HP,532,units,Bengaluru,26,OEM project,Flexible,0.99,103401.74,Low
R03354,B1130,"Looking for 9854 units of Stainless Steel hydraulic cylinders (MS), size 50 mm, for our general manufacturing plant in Nashik. Need delivery in 42 days.",Hydraulic Cylinders,Stainless Steel,MS,50 mm,9854,units,Nashik,42,General manufacturing,Flexible,0.36,2965436.93,Medium
R03355,B1184,"Need 2604 hydraulic cylinders for construction, Stainless Steel SS304, 50 mm. Delivery required in Pune within 23 days. Please share quotation.",Hydraulic Cylinders,Stainless Steel,SS304,50 mm,2604,units,Pune,23,Construction,Normal,0.19,1218717.96,Medium
R03356,B0105,"Need 10701 gearboxes for general manufacturing, Steel Helical, 2 HP. Delivery required in Bengaluru within 18 days. Please share quotation.",Gearboxes,Steel,Helical,2 HP,10701,units,Bengaluru,18,General manufacturing,Normal,0.63,964556.52,Medium
R03357,B0848,"Need 7835 sheet metal parts for industrial plant, Mild Steel SS304, 5 mm. Delivery required in Hyderabad within 15 days. Please share quotation.",Sheet Metal Parts,Mild Steel,SS304,5 mm,7835,units,Hyderabad,15,Industrial plant,Normal,0.07,1634635.83,High
R03358,B0848,"Looking for 9154 units of Stainless Steel hydraulic cylinders (SS304), size 100 mm, for our general manufacturing plant in Hyderabad. Need delivery in 16 days.",Hydraulic Cylinders,Stainless Steel,SS304,100 mm,9154,units,Hyderabad,16,General manufacturing,Normal,0.24,254726.77,Medium
R03359,B0041,"Looking for 10283 units of Cast Iron gearboxes (Helical), size 5 HP, for our automotive plant in Kolkata. Need delivery in 32 days.",Gearboxes,Cast Iron,Helical,5 HP,10283,units,Kolkata,32,Automotive,Flexible,0.23,4686741.95,Medium
R03360,B0947,"Looking for 5357 units of Carbon Steel ball valves (SS316), size 3 inch, for our oem project plant in Nashik. Need delivery in 14 days.",Ball Valves,Carbon Steel,SS316,3 inch,5357,units,Nashik,14,OEM project,Normal,0.89,1254269.71,High
R03361,B0483,"Looking for 1492 units of Stainless Steel industrial pumps (SS304), size 10 HP, for our oem project plant in Pune. Need delivery in 26 days.",Industrial Pumps,Stainless Steel,SS304,10 HP,1492,units,Pune,26,OEM project,Flexible,0.09,352805.67,Low
R03362,B0102,"Looking for 11366 units of Carbon Steel ball valves (CS), size 3 inch, for our construction plant in Nagpur. Need delivery in 31 days.",Ball Valves,Carbon Steel,CS,3 inch,11366,units,Nagpur,31,Construction,Flexible,0.27,3521591.42,Medium
R03363,B0673,"Please quote for 1196 electric motors, Aluminium, IE3, 25 HP. Location: Nashik. Required by 23 days.",Electric Motors,Aluminium,IE3,25 HP,1196,units,Nashik,23,Industrial plant,Normal,0.33,210414.35,Low
R03364,B1053,"Please quote for 9197 electric motors, Aluminium, IE2, 10 HP. Location: Nashik. Required by 6 days.",Electric Motors,Aluminium,IE2,10 HP,9197,units,Nashik,6,Automotive,Urgent,0.89,316720.58,High
R03365,B0421,"Looking for 7124 units of Steel hydraulic cylinders (MS), size 50 mm, for our automotive plant in Nagpur. Need delivery in 23 days.",Hydraulic Cylinders,Steel,MS,50 mm,7124,units,Nagpur,23,Automotive,Normal,0.33,3493566.43,Medium
R03366,B1347,"Please quote for 7888 industrial pumps, Cast Iron, SS304, 20 HP. Location: Mumbai. Required by 16 days.",Industrial Pumps,Cast Iron,SS304,20 HP,7888,units,Mumbai,16,General manufacturing,Normal,0.88,1927962.1,High
R03367,B1496,"Looking for 5647 units of Cast Iron gearboxes (Worm), size 2 HP, for our construction plant in Pune. Need delivery in 29 days.",Gearboxes,Cast Iron,Worm,2 HP,5647,units,Pune,29,Construction,Flexible,0.02,595407.56,Medium
R03368,B0393,"Looking for 686 units of Carbon Steel ball valves (CS), size 2 inch, for our automotive plant in Chennai. Need delivery in 42 days.",Ball Valves,Carbon Steel,CS,2 inch,686,units,Chennai,42,Automotive,Flexible,0.23,306113.3,Low
R03369,B0534,"Need 7118 sheet metal parts for construction, Mild Steel MS, 5 mm. Delivery required in Mumbai within 25 days. Please share quotation.",Sheet Metal Parts,Mild Steel,MS,5 mm,7118,units,Mumbai,25,Construction,Normal,0.29,370323.76,Medium
R03370,B0967,"Need 9017 ball valves for general manufacturing, Stainless Steel SS316, 3 inch. Delivery required in Nagpur within 11 days. Please share quotation.",Ball Valves,Stainless Steel,SS316,3 inch,9017,units,Nagpur,11,General manufacturing,Normal,0.54,2933232.87,High
R03371,B0106,"Please quote for 11748 gearboxes, Steel, Worm, 2 HP. Location: Hyderabad. Required by 42 days.",Gearboxes,Steel,Worm,2 HP,11748,units,Hyderabad,42,Construction,Flexible,0.85,1779117.9,Medium
R03372,B0518,"Looking for 10929 units of Carbon Steel ball valves (SS316), size 3 inch, for our construction plant in Nagpur. Need delivery in 30 days.",Ball Valves,Carbon Steel,SS316,3 inch,10929,units,Nagpur,30,Construction,Flexible,0.82,3336636.12,High
R03373,B1474,"Need 10705 electric motors for construction, Aluminium IE2, 10 HP. Delivery required in Kolkata within 22 days. Please share quotation.",Electric Motors,Aluminium,IE2,10 HP,10705,units,Kolkata,22,Construction,Normal,0.74,3277038.03,High
R03374,B0307,"Please quote for 7790 steel brackets, Stainless Steel, SS304, 5 mm. Location: Mumbai. Required by 22 days.",Steel Brackets,Stainless Steel,SS304,5 mm,7790,units,Mumbai,22,General manufacturing,Normal,0.42,3890771.1,Medium
R03375,B1230,"Please quote for 7303 ball valves, Stainless Steel, CS, 1 inch. Location: Hyderabad. Required by 42 days.",Ball Valves,Stainless Steel,CS,1 inch,7303,units,Hyderabad,42,Automotive,Flexible,0.1,2062943.5,Medium
R03376,B0519,"Looking for 1835 units of PU conveyor belts (Grade A), size 500 mm, for our general manufacturing plant in Pune. Need delivery in 21 days.",Conveyor Belts,PU,Grade A,500 mm,1835,units,Pune,21,General manufacturing,Normal,0.32,651477.12,Medium
R03377,B0016,"Please quote for 7719 conveyor belts, Rubber, Food Grade, 800 mm. Location: Nashik. Required by 8 days.",Conveyor Belts,Rubber,Food Grade,800 mm,7719,units,Nashik,8,Automotive,Urgent,0.27,3419020.5,High
R03378,B0023,"Need 10501 steel brackets for general manufacturing, Mild Steel MS, 8 mm. Delivery required in Nashik within 7 days. Please share quotation.",Steel Brackets,Mild Steel,MS,8 mm,10501,units,Nashik,7,General manufacturing,Urgent,0.01,1080124.16,High
R03379,B0880,"Please quote for 1769 sheet metal parts, Stainless Steel, SS304, 10 mm. Location: Ahmedabad. Required by 18 days.",Sheet Metal Parts,Stainless Steel,SS304,10 mm,1769,units,Ahmedabad,18,General manufacturing,Normal,0.96,348458.17,Low
R03380,B0294,"Looking for 3815 units of Rubber conveyor belts (Food Grade), size 1000 mm, for our oem project plant in Bengaluru. Need delivery in 21 days.",Conveyor Belts,Rubber,Food Grade,1000 mm,3815,units,Bengaluru,21,OEM project,Normal,0.42,977709.57,Medium
R03381,B0396,"Looking for 7747 units of Stainless Steel ball valves (SS304), size 2 inch, for our automotive plant in Chennai. Need delivery in 18 days.",Ball Valves,Stainless Steel,SS304,2 inch,7747,units,Chennai,18,Automotive,Normal,0.98,1341257.54,High
R03382,B0041,"Looking for 8929 units of Steel hydraulic cylinders (MS), size 100 mm, for our construction plant in Bengaluru. Need delivery in 10 days.",Hydraulic Cylinders,Steel,MS,100 mm,8929,units,Bengaluru,10,Construction,Urgent,0.26,347127.05,Medium
R03383,B0198,"Please quote for 9647 gearboxes, Steel, Helical, 2 HP. Location: Chennai. Required by 42 days.",Gearboxes,Steel,Helical,2 HP,9647,units,Chennai,42,OEM project,Flexible,0.75,2530785.52,Medium
R03384,B0093,"Looking for 10933 units of Stainless Steel sheet metal parts (MS), size 5 mm, for our construction plant in Nagpur. Need delivery in 26 days.",Sheet Metal Parts,Stainless Steel,MS,5 mm,10933,units,Nagpur,26,Construction,Flexible,0.14,5435569.62,Medium
R03385,B0062,"Looking for 9739 units of PU conveyor belts (Food Grade), size 800 mm, for our industrial plant plant in Hyderabad. Need delivery in 33 days.",Conveyor Belts,PU,Food Grade,800 mm,9739,units,Hyderabad,33,Industrial plant,Flexible,0.78,2028866.02,Medium
R03386,B0893,"Need 2101 steel brackets for automotive, Mild Steel SS304, 5 mm. Delivery required in Delhi within 38 days. Please share quotation.",Steel Brackets,Mild Steel,SS304,5 mm,2101,units,Delhi,38,Automotive,Flexible,0.6,448490.97,Low
R03387,B0665,"Please quote for 4363 gearboxes, Cast Iron, Worm, 2 HP. Location: Nashik. Required by 36 days.",Gearboxes,Cast Iron,Worm,2 HP,4363,units,Nashik,36,OEM project,Flexible,0.69,918710.19,Medium
R03388,B0490,"Need 10740 electric motors for oem project, Cast Iron IE2, 25 HP. Delivery required in Hyderabad within 35 days. Please share quotation.",Electric Motors,Cast Iron,IE2,25 HP,10740,units,Hyderabad,35,OEM project,Flexible,0.07,3351453.52,Medium
R03389,B1416,"Please quote for 537 ball valves, Stainless Steel, SS304, 3 inch. Location: Ahmedabad. Required by 22 days.",Ball Valves,Stainless Steel,SS304,3 inch,537,units,Ahmedabad,22,Industrial plant,Normal,0.78,87977.73,Low
R03390,B1330,"Looking for 251 units of Steel gearboxes (Worm), size 10 HP, for our general manufacturing plant in Ahmedabad. Need delivery in 22 days.",Gearboxes,Steel,Worm,10 HP,251,units,Ahmedabad,22,General manufacturing,Normal,1.0,87547.82,Low
R03391,B0033,"Looking for 6979 units of Carbon Steel ball valves (SS304), size 1 inch, for our automotive plant in Hyderabad. Need delivery in 21 days.",Ball Valves,Carbon Steel,SS304,1 inch,6979,units,Hyderabad,21,Automotive,Normal,0.98,1615663.39,High
R03392,B1097,"Looking for 2193 units of Stainless Steel sheet metal parts (MS), size 2 mm, for our general manufacturing plant in Pune. Need delivery in 30 days.",Sheet Metal Parts,Stainless Steel,MS,2 mm,2193,units,Pune,30,General manufacturing,Flexible,0.42,71386.14,Low
R03393,B0289,"Looking for 10942 units of Stainless Steel industrial pumps (CI), size 20 HP, for our general manufacturing plant in Nagpur. Need delivery in 9 days.",Industrial Pumps,Stainless Steel,CI,20 HP,10942,units,Nagpur,9,General manufacturing,Urgent,0.15,2524211.58,High
R03394,B0802,"Looking for 312 units of Cast Iron industrial pumps (SS316), size 5 HP, for our general manufacturing plant in Kolkata. Need delivery in 31 days.",Industrial Pumps,Cast Iron,SS316,5 HP,312,units,Kolkata,31,General manufacturing,Flexible,0.23,122282.31,Low
R03395,B1458,"Looking for 5340 units of Stainless Steel hydraulic cylinders (MS), size 50 mm, for our oem project plant in Pune. Need delivery in 5 days.",Hydraulic Cylinders,Stainless Steel,MS,50 mm,5340,units,Pune,5,OEM project,Urgent,0.69,1581465.82,High
R03396,B0832,"Need 9597 hydraulic cylinders for industrial plant, Steel SS304, 100 mm. Delivery required in Nashik within 10 days. Please share quotation.",Hydraulic Cylinders,Steel,SS304,100 mm,9597,units,Nashik,10,Industrial plant,Urgent,0.48,1666662.76,High
R03397,B0056,"Need 9605 gearboxes for industrial plant, Steel Helical, 10 HP. Delivery required in Hyderabad within 35 days. Please share quotation.",Gearboxes,Steel,Helical,10 HP,9605,units,Hyderabad,35,Industrial plant,Flexible,0.77,839020.93,Medium
R03398,B0428,"Looking for 1301 units of Cast Iron electric motors (IE3), size 10 HP, for our industrial plant plant in Delhi. Need delivery in 17 days.",Electric Motors,Cast Iron,IE3,10 HP,1301,units,Delhi,17,Industrial plant,Normal,0.55,466047.62,Low
R03399,B0683,"Need 4995 ball valves for industrial plant, Stainless Steel SS304, 1 inch. Delivery required in Delhi within 27 days. Please share quotation.",Ball Valves,Stainless Steel,SS304,1 inch,4995,units,Delhi,27,Industrial plant,Flexible,0.95,375801.83,Medium
R03400,B0190,"Need 1335 conveyor belts for general manufacturing, Rubber Food Grade, 1000 mm. Delivery required in Kolkata within 34 days. Please share quotation.",Conveyor Belts,Rubber,Food Grade,1000 mm,1335,units,Kolkata,34,General manufacturing,Flexible,0.84,301300.55,Low
R03401,B1466,"Need 1086 industrial pumps for oem project, Cast Iron CI, 20 HP. Delivery required in Nagpur within 25 days. Please share quotation.",Industrial Pumps,Cast Iron,CI,20 HP,1086,units,Nagpur,25,OEM project,Normal,0.57,340935.53,Low
R03402,B0744,"Need 6326 gearboxes for construction, Steel Helical, 5 HP. Delivery required in Mumbai within 22 days. Please share quotation.",Gearboxes,Steel,Helical,5 HP,6326,units,Mumbai,22,Construction,Normal,0.96,1582757.9,High
R03403,B0793,"Need 10606 sheet metal parts for construction, Stainless Steel MS, 5 mm. Delivery required in Mumbai within 14 days. Please share quotation.",Sheet Metal Parts,Stainless Steel,MS,5 mm,10606,units,Mumbai,14,Construction,Normal,0.96,4422972.66,High
R03404,B0435,"Please quote for 5391 ball valves, Stainless Steel, SS316, 1 inch. Location: Nashik. Required by 7 days.",Ball Valves,Stainless Steel,SS316,1 inch,5391,units,Nashik,7,Industrial plant,Urgent,0.45,729207.98,High
R03405,B1422,"Looking for 657 units of Stainless Steel industrial pumps (CI), size 10 HP, for our industrial plant plant in Delhi. Need delivery in 44 days.",Industrial Pumps,Stainless Steel,CI,10 HP,657,units,Delhi,44,Industrial plant,Flexible,0.95,203010.83,Low
R03406,B0981,"Need 7157 conveyor belts for automotive, PU Food Grade, 800 mm. Delivery required in Ahmedabad within 44 days. Please share quotation.",Conveyor Belts,PU,Food Grade,800 mm,7157,units,Ahmedabad,44,Automotive,Flexible,0.97,616874.49,Medium
R03407,B1215,"Please quote for 8134 hydraulic cylinders, Stainless Steel, MS, 50 mm. Location: Hyderabad. Required by 19 days.",Hydraulic Cylinders,Stainless Steel,MS,50 mm,8134,units,Hyderabad,19,OEM project,Normal,0.86,3836044.07,High
R03408,B0347,"Please quote for 11719 electric motors, Cast Iron, IE3, 5 HP. Location: Nashik. Required by 26 days.",Electric Motors,Cast Iron,IE3,5 HP,11719,units,Nashik,26,Construction,Flexible,0.34,4786449.05,Medium
R03409,B0433,"Please quote for 6443 ball valves, Carbon Steel, SS304, 1 inch. Location: Delhi. Required by 12 days.",Ball Valves,Carbon Steel,SS304,1 inch,6443,units,Delhi,12,Construction,Normal,0.19,464552.29,Medium
R03410,B0424,"Please quote for 1650 conveyor belts, Rubber, Food Grade, 800 mm. Location: Delhi. Required by 9 days.",Conveyor Belts,Rubber,Food Grade,800 mm,1650,units,Delhi,9,Automotive,Urgent,0.99,143626.03,Medium
R03411,B0241,"Need 2975 gearboxes for construction, Steel Helical, 10 HP. Delivery required in Mumbai within 16 days. Please share quotation.",Gearboxes,Steel,Helical,10 HP,2975,units,Mumbai,16,Construction,Normal,0.1,168608.66,Low
R03412,B0130,"Need 820 industrial pumps for oem project, Stainless Steel CI, 20 HP. Delivery required in Kolkata within 33 days. Please share quotation.",Industrial Pumps,Stainless Steel,CI,20 HP,820,units,Kolkata,33,OEM project,Flexible,0.52,252985.45,Low
R03413,B0243,"Please quote for 312 ball valves, Carbon Steel, SS304, 1 inch. Location: Kolkata. Required by 12 days.",Ball Valves,Carbon Steel,SS304,1 inch,312,units,Kolkata,12,OEM project,Normal,0.12,82088.11,Low
R03414,B0743,"Please quote for 8528 conveyor belts, Rubber, Food Grade, 1000 mm. Location: Hyderabad. Required by 14 days.",Conveyor Belts,Rubber,Food Grade,1000 mm,8528,units,Hyderabad,14,OEM project,Normal,0.52,2467216.4,High
R03415,B0560,"Need 613 sheet metal parts for oem project, Stainless Steel SS304, 10 mm. Delivery required in Chennai within 29 days. Please share quotation.",Sheet Metal Parts,Stainless Steel,SS304,10 mm,613,units,Chennai,29,OEM project,Flexible,0.93,135466.02,Low
R03416,B0993,"Looking for 4498 units of Stainless Steel hydraulic cylinders (SS304), size 150 mm, for our industrial plant plant in Pune. Need delivery in 40 days.",Hydraulic Cylinders,Stainless Steel,SS304,150 mm,4498,units,Pune,40,Industrial plant,Flexible,0.26,1335321.45,Medium
R03417,B0425,"Looking for 9569 units of Stainless Steel steel brackets (MS), size 8 mm, for our automotive plant in Kolkata. Need delivery in 5 days.",Steel Brackets,Stainless Steel,MS,8 mm,9569,units,Kolkata,5,Automotive,Urgent,0.19,3753206.4,High
R03418,B0505,"Looking for 5870 units of Carbon Steel ball valves (CS), size 2 inch, for our general manufacturing plant in Kolkata. Need delivery in 27 days.",Ball Valves,Carbon Steel,CS,2 inch,5870,units,Kolkata,27,General manufacturing,Flexible,0.54,269730.67,Medium
R03419,B0854,"Need 3979 electric motors for oem project, Cast Iron IE3, 10 HP. Delivery required in Hyderabad within 32 days. Please share quotation.",Electric Motors,Cast Iron,IE3,10 HP,3979,units,Hyderabad,32,OEM project,Flexible,0.22,408769.15,Low
R03420,B0178,"Please quote for 10989 hydraulic cylinders, Stainless Steel, MS, 150 mm. Location: Mumbai. Required by 7 days.",Hydraulic Cylinders,Stainless Steel,MS,150 mm,10989,units,Mumbai,7,General manufacturing,Urgent,0.29,2371773.28,High
R03421,B0252,"Need 10955 gearboxes for automotive, Steel Worm, 10 HP. Delivery required in Ahmedabad within 40 days. Please share quotation.",Gearboxes,Steel,Worm,10 HP,10955,units,Ahmedabad,40,Automotive,Flexible,0.48,2061536.58,Medium
R03422,B0024,"Looking for 252 units of Cast Iron gearboxes (Helical), size 5 HP, for our industrial plant plant in Nashik. Need delivery in 13 days.",Gearboxes,Cast Iron,Helical,5 HP,252,units,Nashik,13,Industrial plant,Normal,0.92,76322.14,Low
R03423,B0556,"Please quote for 9641 hydraulic cylinders, Stainless Steel, MS, 50 mm. Location: Bengaluru. Required by 4 days.",Hydraulic Cylinders,Stainless Steel,MS,50 mm,9641,units,Bengaluru,4,OEM project,Urgent,0.51,3903720.93,High
R03424,B0886,"Please quote for 1811 electric motors, Cast Iron, IE2, 25 HP. Location: Chennai. Required by 21 days.",Electric Motors,Cast Iron,IE2,25 HP,1811,units,Chennai,21,Construction,Normal,0.21,864190.72,Medium
R03425,B0072,"Looking for 9538 units of Cast Iron gearboxes (Helical), size 10 HP, for our automotive plant in Chennai. Need delivery in 17 days.",Gearboxes,Cast Iron,Helical,10 HP,9538,units,Chennai,17,Automotive,Normal,0.47,4130504.4,Medium
R03426,B0061,"Need 3217 gearboxes for oem project, Steel Worm, 2 HP. Delivery required in Ahmedabad within 3 days. Please share quotation.",Gearboxes,Steel,Worm,2 HP,3217,units,Ahmedabad,3,OEM project,Urgent,0.69,585090.96,High
R03427,B1425,"Need 3744 conveyor belts for industrial plant, Rubber Grade A, 800 mm. Delivery required in Mumbai within 33 days. Please share quotation.",Conveyor Belts,Rubber,Grade A,800 mm,3744,units,Mumbai,33,Industrial plant,Flexible,0.1,1767088.69,Medium
R03428,B0312,"Looking for 2400 units of Steel hydraulic cylinders (SS304), size 50 mm, for our automotive plant in Hyderabad. Need delivery in 10 days.",Hydraulic Cylinders,Steel,SS304,50 mm,2400,units,Hyderabad,10,Automotive,Urgent,0.21,1162224.58,High
R03429,B0066,"Looking for 7309 units of Stainless Steel steel brackets (SS304), size 3 mm, for our construction plant in Kolkata. Need delivery in 43 days.",Steel Brackets,Stainless Steel,SS304,3 mm,7309,units,Kolkata,43,Construction,Flexible,0.84,1615461.3,Medium
R03430,B0163,"Please quote for 8514 steel brackets, Stainless Steel, SS304, 3 mm. Location: Hyderabad. Required by 28 days.",Steel Brackets,Stainless Steel,SS304,3 mm,8514,units,Hyderabad,28,OEM project,Flexible,0.55,1410244.14,Medium
R03431,B0729,"Please quote for 4216 electric motors, Cast Iron, IE3, 25 HP. Location: Mumbai. Required by 38 days.",Electric Motors,Cast Iron,IE3,25 HP,4216,units,Mumbai,38,Automotive,Flexible,0.88,245355.41,Low
R03432,B0539,"Looking for 2797 units of Rubber conveyor belts (Food Grade), size 1000 mm, for our industrial plant plant in Kolkata. Need delivery in 38 days.",Conveyor Belts,Rubber,Food Grade,1000 mm,2797,units,Kolkata,38,Industrial plant,Flexible,0.23,1123807.31,Medium
R03433,B0228,"Looking for 8824 units of Mild Steel sheet metal parts (SS304), size 10 mm, for our construction plant in Delhi. Need delivery in 23 days.",Sheet Metal Parts,Mild Steel,SS304,10 mm,8824,units,Delhi,23,Construction,Normal,0.83,1586410.98,High
R03434,B0906,"Need 11066 sheet metal parts for industrial plant, Mild Steel SS304, 5 mm. Delivery required in Chennai within 41 days. Please share quotation.",Sheet Metal Parts,Mild Steel,SS304,5 mm,11066,units,Chennai,41,Industrial plant,Flexible,0.13,3089248.54,Medium
R03435,B0899,"Need 1709 conveyor belts for construction, PU Food Grade, 1000 mm. Delivery required in Nashik within 9 days. Please share quotation.",Conveyor Belts,PU,Food Grade,1000 mm,1709,units,Nashik,9,Construction,Urgent,0.59,715661.61,Medium
R03436,B0809,"Looking for 11128 units of Stainless Steel sheet metal parts (MS), size 5 mm, for our construction plant in Mumbai. Need delivery in 19 days.",Sheet Metal Parts,Stainless Steel,MS,5 mm,11128,units,Mumbai,19,Construction,Normal,0.19,670136.72,Medium
R03437,B1027,"Looking for 3990 units of PU conveyor belts (Grade A), size 800 mm, for our general manufacturing plant in Nashik. Need delivery in 35 days.",Conveyor Belts,PU,Grade A,800 mm,3990,units,Nashik,35,General manufacturing,Flexible,0.04,1458125.21,Medium
R03438,B0010,"Need 81 industrial pumps for general manufacturing, Cast Iron SS304, 5 HP. Delivery required in Nagpur within 39 days. Please share quotation.",Industrial Pumps,Cast Iron,SS304,5 HP,81,units,Nagpur,39,General manufacturing,Flexible,0.68,17459.85,Low
R03439,B0399,"Looking for 7265 units of Steel gearboxes (Worm), size 10 HP, for our oem project plant in Nagpur. Need delivery in 16 days.",Gearboxes,Steel,Worm,10 HP,7265,units,Nagpur,16,OEM project,Normal,0.64,2492741.19,Medium
R03440,B0034,"Looking for 9806 units of Cast Iron industrial pumps (CI), size 20 HP, for our general manufacturing plant in Pune. Need delivery in 39 days.",Industrial Pumps,Cast Iron,CI,20 HP,9806,units,Pune,39,General manufacturing,Flexible,0.66,3156321.83,Medium
R03441,B1393,"Need 1791 conveyor belts for industrial plant, Rubber Grade A, 500 mm. Delivery required in Delhi within 28 days. Please share quotation.",Conveyor Belts,Rubber,Grade A,500 mm,1791,units,Delhi,28,Industrial plant,Flexible,0.72,559834.43,Medium
R03442,B1320,"Please quote for 4704 gearboxes, Steel, Worm, 5 HP. Location: Ahmedabad. Required by 23 days.",Gearboxes,Steel,Worm,5 HP,4704,units,Ahmedabad,23,General manufacturing,Normal,0.33,496085.81,Low
R03443,B0767,"Please quote for 8578 hydraulic cylinders, Stainless Steel, SS304, 100 mm. Location: Kolkata. Required by 45 days.",Hydraulic Cylinders,Stainless Steel,SS304,100 mm,8578,units,Kolkata,45,Construction,Flexible,0.33,218957.16,Low
R03444,B0928,"Need 486 sheet metal parts for oem project, Stainless Steel MS, 2 mm. Delivery required in Nashik within 37 days. Please share quotation.",Sheet Metal Parts,Stainless Steel,MS,2 mm,486,units,Nashik,37,OEM project,Flexible,0.97,61246.69,Low
R03445,B0559,"Please quote for 8266 steel brackets, Mild Steel, SS304, 8 mm. Location: Kolkata. Required by 6 days.",Steel Brackets,Mild Steel,SS304,8 mm,8266,units,Kolkata,6,Automotive,Urgent,0.16,872034.97,High
R03446,B0224,"Need 6889 electric motors for industrial plant, Aluminium IE3, 25 HP. Delivery required in Bengaluru within 34 days. Please share quotation.",Electric Motors,Aluminium,IE3,25 HP,6889,units,Bengaluru,34,Industrial plant,Flexible,0.94,1676763.77,Medium
R03447,B1016,"Please quote for 5224 industrial pumps, Cast Iron, SS304, 5 HP. Location: Nagpur. Required by 37 days.",Industrial Pumps,Cast Iron,SS304,5 HP,5224,units,Nagpur,37,Automotive,Flexible,0.04,480947.11,Low
R03448,B0569,"Need 3145 steel brackets for automotive, Stainless Steel SS304, 8 mm. Delivery required in Chennai within 37 days. Please share quotation.",Steel Brackets,Stainless Steel,SS304,8 mm,3145,units,Chennai,37,Automotive,Flexible,0.57,1100574.53,Medium
R03449,B1411,"Please quote for 664 conveyor belts, PU, Food Grade, 800 mm. Location: Chennai. Required by 43 days.",Conveyor Belts,PU,Food Grade,800 mm,664,units,Chennai,43,OEM project,Flexible,0.73,15627.06,Low
R03450,B0651,"Please quote for 11184 steel brackets, Stainless Steel, MS, 5 mm. Location: Nagpur. Required by 10 days.",Steel Brackets,Stainless Steel,MS,5 mm,11184,units,Nagpur,10,Industrial plant,Urgent,0.81,2971035.87,High
R03451,B0224,"Need 3106 industrial pumps for automotive, Cast Iron SS304, 20 HP. Delivery required in Hyderabad within 19 days. Please share quotation.",Industrial Pumps,Cast Iron,SS304,20 HP,3106,units,Hyderabad,19,Automotive,Normal,0.51,209112.14,Low
R03452,B0324,"Please quote for 3695 steel brackets, Stainless Steel, MS, 3 mm. Location: Nashik. Required by 39 days.",Steel Brackets,Stainless Steel,MS,3 mm,3695,units,Nashik,39,Construction,Flexible,0.97,419220.86,Low
R03453,B0383,"Looking for 10465 units of Stainless Steel ball valves (CS), size 3 inch, for our construction plant in Nashik. Need delivery in 37 days.",Ball Valves,Stainless Steel,CS,3 inch,10465,units,Nashik,37,Construction,Flexible,0.23,1631478.03,Medium
R03454,B1190,"Looking for 11705 units of Stainless Steel industrial pumps (SS304), size 5 HP, for our automotive plant in Ahmedabad. Need delivery in 42 days.",Industrial Pumps,Stainless Steel,SS304,5 HP,11705,units,Ahmedabad,42,Automotive,Flexible,0.22,708233.37,Medium
R03455,B1356,"Please quote for 10025 steel brackets, Stainless Steel, SS304, 5 mm. Location: Chennai. Required by 35 days.",Steel Brackets,Stainless Steel,SS304,5 mm,10025,units,Chennai,35,Construction,Flexible,0.09,4319454.75,Medium
R03456,B1242,"Please quote for 11680 electric motors, Aluminium, IE3, 5 HP. Location: Nagpur. Required by 44 days.",Electric Motors,Aluminium,IE3,5 HP,11680,units,Nagpur,44,Construction,Flexible,0.87,2859209.32,Medium
R03457,B0891,"Please quote for 10908 sheet metal parts, Stainless Steel, MS, 2 mm. Location: Mumbai. Required by 41 days.",Sheet Metal Parts,Stainless Steel,MS,2 mm,10908,units,Mumbai,41,Automotive,Flexible,0.45,4048789.54,Medium
R03458,B0780,"Need 1817 industrial pumps for oem project, Stainless Steel CI, 10 HP. Delivery required in Pune within 22 days. Please share quotation.",Industrial Pumps,Stainless Steel,CI,10 HP,1817,units,Pune,22,OEM project,Normal,0.65,615907.25,Medium
R03459,B0419,"Please quote for 3107 industrial pumps, Stainless Steel, CI, 20 HP. Location: Nashik. Required by 34 days.",Industrial Pumps,Stainless Steel,CI,20 HP,3107,units,Nashik,34,Industrial plant,Flexible,0.46,1058845.06,Medium
R03460,B0872,"Looking for 10467 units of Steel hydraulic cylinders (MS), size 150 mm, for our construction plant in Bengaluru. Need delivery in 27 days.",Hydraulic Cylinders,Steel,MS,150 mm,10467,units,Bengaluru,27,Construction,Flexible,0.95,684542.99,High
R03461,B0414,"Need 5110 ball valves for automotive, Stainless Steel SS316, 3 inch. Delivery required in Ahmedabad within 4 days. Please share quotation.",Ball Valves,Stainless Steel,SS316,3 inch,5110,units,Ahmedabad,4,Automotive,Urgent,0.65,422536.76,High
R03462,B0895,"Need 7526 steel brackets for general manufacturing, Mild Steel MS, 3 mm. Delivery required in Delhi within 4 days. Please share quotation.",Steel Brackets,Mild Steel,MS,3 mm,7526,units,Delhi,4,General manufacturing,Urgent,0.57,3633345.8,High
R03463,B0800,"Please quote for 8918 industrial pumps, Stainless Steel, CI, 5 HP. Location: Bengaluru. Required by 21 days.",Industrial Pumps,Stainless Steel,CI,5 HP,8918,units,Bengaluru,21,Automotive,Normal,0.66,2012896.7,High
R03464,B0835,"Need 7094 hydraulic cylinders for construction, Steel MS, 100 mm. Delivery required in Nashik within 13 days. Please share quotation.",Hydraulic Cylinders,Steel,MS,100 mm,7094,units,Nashik,13,Construction,Normal,0.29,2717478.79,High
R03465,B0299,"Please quote for 7782 steel brackets, Mild Steel, SS304, 5 mm. Location: Pune. Required by 24 days.",Steel Brackets,Mild Steel,SS304,5 mm,7782,units,Pune,24,General manufacturing,Normal,0.12,3306120.4,Medium
R03466,B0284,"Looking for 3670 units of Cast Iron gearboxes (Worm), size 2 HP, for our industrial plant plant in Ahmedabad. Need delivery in 25 days.",Gearboxes,Cast Iron,Worm,2 HP,3670,units,Ahmedabad,25,Industrial plant,Normal,0.6,1150543.89,Medium
R03467,B0693,"Please quote for 11688 conveyor belts, Rubber, Grade A, 500 mm. Location: Nashik. Required by 6 days.",Conveyor Belts,Rubber,Grade A,500 mm,11688,units,Nashik,6,OEM project,Urgent,0.52,2478393.88,High
R03468,B0965,"Please quote for 5601 conveyor belts, PU, Food Grade, 500 mm. Location: Kolkata. Required by 25 days.",Conveyor Belts,PU,Food Grade,500 mm,5601,units,Kolkata,25,General manufacturing,Normal,0.26,1681902.1,Medium
R03469,B0554,"Please quote for 4880 conveyor belts, PU, Grade A, 800 mm. Location: Ahmedabad. Required by 39 days.",Conveyor Belts,PU,Grade A,800 mm,4880,units,Ahmedabad,39,Industrial plant,Flexible,0.09,847579.29,Medium
R03470,B0485,"Need 11437 conveyor belts for oem project, Rubber Grade A, 800 mm. Delivery required in Nagpur within 21 days. Please share quotation.",Conveyor Belts,Rubber,Grade A,800 mm,11437,units,Nagpur,21,OEM project,Normal,0.62,4838285.01,Medium
R03471,B0699,"Need 7201 hydraulic cylinders for industrial plant, Stainless Steel SS304, 50 mm. Delivery required in Nagpur within 29 days. Please share quotation.",Hydraulic Cylinders,Stainless Steel,SS304,50 mm,7201,units,Nagpur,29,Industrial plant,Flexible,0.57,2990700.85,Medium
R03472,B0028,"Please quote for 4690 electric motors, Cast Iron, IE3, 25 HP. Location: Mumbai. Required by 30 days.",Electric Motors,Cast Iron,IE3,25 HP,4690,units,Mumbai,30,Industrial plant,Flexible,0.99,2160670.5,Medium
R03473,B0172,"Looking for 1735 units of Mild Steel steel brackets (SS304), size 3 mm, for our oem project plant in Mumbai. Need delivery in 35 days.",Steel Brackets,Mild Steel,SS304,3 mm,1735,units,Mumbai,35,OEM project,Flexible,0.98,853643.56,Medium
R03474,B0415,"Looking for 3669 units of Steel gearboxes (Worm), size 5 HP, for our automotive plant in Hyderabad. Need delivery in 17 days.",Gearboxes,Steel,Worm,5 HP,3669,units,Hyderabad,17,Automotive,Normal,0.58,1504344.44,Medium
R03475,B0188,"Looking for 4858 units of Stainless Steel industrial pumps (SS316), size 10 HP, for our construction plant in Pune. Need delivery in 32 days.",Industrial Pumps,Stainless Steel,SS316,10 HP,4858,units,Pune,32,Construction,Flexible,0.93,1419192.02,Medium
R03476,B0537,"Please quote for 2404 sheet metal parts, Mild Steel, SS304, 10 mm. Location: Kolkata. Required by 15 days.",Sheet Metal Parts,Mild Steel,SS304,10 mm,2404,units,Kolkata,15,OEM project,Normal,0.1,1052125.63,Medium
R03477,B0697,"Please quote for 6838 gearboxes, Cast Iron, Worm, 5 HP. Location: Hyderabad. Required by 23 days.",Gearboxes,Cast Iron,Worm,5 HP,6838,units,Hyderabad,23,General manufacturing,Normal,0.39,1393339.67,Medium
R03478,B0575,"Please quote for 6941 sheet metal parts, Mild Steel, MS, 2 mm. Location: Nagpur. Required by 29 days.",Sheet Metal Parts,Mild Steel,MS,2 mm,6941,units,Nagpur,29,General manufacturing,Flexible,0.64,3368055.66,Medium
R03479,B1079,"Need 3310 steel brackets for industrial plant, Stainless Steel MS, 5 mm. Delivery required in Hyderabad within 41 days. Please share quotation.",Steel Brackets,Stainless Steel,MS,5 mm,3310,units,Hyderabad,41,Industrial plant,Flexible,1.0,361133.14,Low
R03480,B0109,"Looking for 4766 units of Cast Iron electric motors (IE3), size 25 HP, for our industrial plant plant in Mumbai. Need delivery in 34 days.",Electric Motors,Cast Iron,IE3,25 HP,4766,units,Mumbai,34,Industrial plant,Flexible,0.95,222971.86,Low
R03481,B1416,"Need 759 gearboxes for construction, Steel Worm, 10 HP. Delivery required in Bengaluru within 16 days. Please share quotation.",Gearboxes,Steel,Worm,10 HP,759,units,Bengaluru,16,Construction,Normal,0.43,354320.42,Low
R03482,B0771,"Need 11125 hydraulic cylinders for oem project, Stainless Steel MS, 150 mm. Delivery required in Hyderabad within 9 days. Please share quotation.",Hydraulic Cylinders,Stainless Steel,MS,150 mm,11125,units,Hyderabad,9,OEM project,Urgent,0.97,4778121.79,High
R03483,B1101,"Looking for 7050 units of Stainless Steel hydraulic cylinders (SS304), size 100 mm, for our general manufacturing plant in Pune. Need delivery in 16 days.",Hydraulic Cylinders,Stainless Steel,SS304,100 mm,7050,units,Pune,16,General manufacturing,Normal,0.4,1099024.05,Medium
R03484,B0858,"Looking for 10298 units of Mild Steel steel brackets (SS304), size 8 mm, for our general manufacturing plant in Nashik. Need delivery in 8 days.",Steel Brackets,Mild Steel,SS304,8 mm,10298,units,Nashik,8,General manufacturing,Urgent,0.23,5049562.47,High
R03485,B1460,"Looking for 8024 units of Cast Iron industrial pumps (CI), size 5 HP, for our general manufacturing plant in Nashik. Need delivery in 34 days.",Industrial Pumps,Cast Iron,CI,5 HP,8024,units,Nashik,34,General manufacturing,Flexible,0.41,1753138.5,Medium
R03486,B1461,"Please quote for 5797 electric motors, Cast Iron, IE3, 10 HP. Location: Chennai. Required by 43 days.",Electric Motors,Cast Iron,IE3,10 HP,5797,units,Chennai,43,Automotive,Flexible,0.74,1214926.24,Medium
R03487,B0882,"Looking for 11579 units of Stainless Steel steel brackets (MS), size 8 mm, for our general manufacturing plant in Ahmedabad. Need delivery in 24 days.",Steel Brackets,Stainless Steel,MS,8 mm,11579,units,Ahmedabad,24,General manufacturing,Normal,0.54,717025.01,Medium
R03488,B0146,"Please quote for 8626 steel brackets, Mild Steel, SS304, 5 mm. Location: Mumbai. Required by 4 days.",Steel Brackets,Mild Steel,SS304,5 mm,8626,units,Mumbai,4,OEM project,Urgent,0.24,2153000.71,High
R03489,B0509,"Please quote for 10374 industrial pumps, Cast Iron, SS304, 5 HP. Location: Delhi. Required by 10 days.",Industrial Pumps,Cast Iron,SS304,5 HP,10374,units,Delhi,10,Construction,Urgent,0.98,1901426.41,High
R03490,B1266,"Please quote for 8794 industrial pumps, Cast Iron, SS304, 20 HP. Location: Delhi. Required by 37 days.",Industrial Pumps,Cast Iron,SS304,20 HP,8794,units,Delhi,37,General manufacturing,Flexible,0.95,1474239.52,Medium
R03491,B0437,"Please quote for 723 hydraulic cylinders, Stainless Steel, MS, 50 mm. Location: Delhi. Required by 3 days.",Hydraulic Cylinders,Stainless Steel,MS,50 mm,723,units,Delhi,3,OEM project,Urgent,0.69,197668.62,Medium
R03492,B0008,"Looking for 4409 units of Cast Iron industrial pumps (SS304), size 10 HP, for our automotive plant in Mumbai. Need delivery in 27 days.",Industrial Pumps,Cast Iron,SS304,10 HP,4409,units,Mumbai,27,Automotive,Flexible,0.2,294937.64,Low
R03493,B0013,"Looking for 6890 units of Cast Iron electric motors (IE2), size 25 HP, for our automotive plant in Mumbai. Need delivery in 43 days.",Electric Motors,Cast Iron,IE2,25 HP,6890,units,Mumbai,43,Automotive,Flexible,0.85,1996135.78,Medium
R03494,B0442,"Please quote for 8702 sheet metal parts, Stainless Steel, SS304, 5 mm. Location: Ahmedabad. Required by 6 days.",Sheet Metal Parts,Stainless Steel,SS304,5 mm,8702,units,Ahmedabad,6,Industrial plant,Urgent,0.6,452421.04,High
R03495,B1265,"Need 10987 steel brackets for construction, Mild Steel SS304, 5 mm. Delivery required in Ahmedabad within 19 days. Please share quotation.",Steel Brackets,Mild Steel,SS304,5 mm,10987,units,Ahmedabad,19,Construction,Normal,0.34,4854406.0,Medium
R03496,B0912,"Please quote for 9710 sheet metal parts, Mild Steel, MS, 2 mm. Location: Nagpur. Required by 23 days.",Sheet Metal Parts,Mild Steel,MS,2 mm,9710,units,Nagpur,23,Industrial plant,Normal,0.52,3891362.86,Medium
R03497,B0897,"Please quote for 3760 electric motors, Cast Iron, IE3, 10 HP. Location: Hyderabad. Required by 16 days.",Electric Motors,Cast Iron,IE3,10 HP,3760,units,Hyderabad,16,Automotive,Normal,0.59,817357.03,Medium
R03498,B0683,"Looking for 3244 units of Rubber conveyor belts (Food Grade), size 500 mm, for our construction plant in Delhi. Need delivery in 38 days.",Conveyor Belts,Rubber,Food Grade,500 mm,3244,units,Delhi,38,Construction,Flexible,0.04,1254641.6,Medium
R03499,B1489,"Looking for 575 units of Stainless Steel industrial pumps (SS316), size 20 HP, for our industrial plant plant in Delhi. Need delivery in 20 days.",Industrial Pumps,Stainless Steel,SS316,20 HP,575,units,Delhi,20,Industrial plant,Normal,0.41,60408.79,Low
R03500,B0636,"Please quote for 3940 ball valves, Stainless Steel, SS316, 1 inch. Location: Bengaluru. Required by 31 days.",Ball Valves,Stainless Steel,SS316,1 inch,3940,units,Bengaluru,31,Automotive,Flexible,0.13,689081.98,Medium
R03501,B1360,"Please quote for 6980 ball valves, Stainless Steel, CS, 3 inch. Location: Pune. Required by 27 days.",Ball Valves,Stainless Steel,CS,3 inch,6980,units,Pune,27,OEM project,Flexible,0.45,2779667.9,Medium
R03502,B0114,"Looking for 5093 units of Mild Steel steel brackets (MS), size 5 mm, for our automotive plant in Bengaluru. Need delivery in 17 days.",Steel Brackets,Mild Steel,MS,5 mm,5093,units,Bengaluru,17,Automotive,Normal,0.03,1530871.59,Medium
R03503,B1342,"Looking for 5033 units of Cast Iron gearboxes (Worm), size 5 HP, for our construction plant in Ahmedabad. Need delivery in 17 days.",Gearboxes,Cast Iron,Worm,5 HP,5033,units,Ahmedabad,17,Construction,Normal,0.92,979961.36,High
R03504,B1427,"Please quote for 10556 gearboxes, Cast Iron, Worm, 10 HP. Location: Hyderabad. Required by 16 days.",Gearboxes,Cast Iron,Worm,10 HP,10556,units,Hyderabad,16,Industrial plant,Normal,0.08,298706.36,Medium
R03505,B0469,"Need 2966 conveyor belts for industrial plant, Rubber Grade A, 500 mm. Delivery required in Delhi within 4 days. Please share quotation.",Conveyor Belts,Rubber,Grade A,500 mm,2966,units,Delhi,4,Industrial plant,Urgent,0.54,462407.09,Medium
R03506,B1080,"Please quote for 489 gearboxes, Cast Iron, Helical, 5 HP. Location: Delhi. Required by 20 days.",Gearboxes,Cast Iron,Helical,5 HP,489,units,Delhi,20,Industrial plant,Normal,0.01,90387.95,Low
R03507,B0134,"Looking for 10317 units of Mild Steel steel brackets (MS), size 3 mm, for our general manufacturing plant in Mumbai. Need delivery in 45 days.",Steel Brackets,Mild Steel,MS,3 mm,10317,units,Mumbai,45,General manufacturing,Flexible,0.79,998676.99,Medium
R03508,B0818,"Please quote for 7418 gearboxes, Steel, Worm, 10 HP. Location: Delhi. Required by 15 days.",Gearboxes,Steel,Worm,10 HP,7418,units,Delhi,15,Construction,Normal,0.13,1674055.2,High
R03509,B0886,"Looking for 8019 units of Rubber conveyor belts (Grade A), size 1000 mm, for our automotive plant in Delhi. Need delivery in 33 days.",Conveyor Belts,Rubber,Grade A,1000 mm,8019,units,Delhi,33,Automotive,Flexible,0.23,2062290.27,Medium
R03510,B0336,"Please quote for 11036 hydraulic cylinders, Steel, MS, 100 mm. Location: Chennai. Required by 4 days.",Hydraulic Cylinders,Steel,MS,100 mm,11036,units,Chennai,4,Construction,Urgent,0.25,2066195.81,High
R03511,B0933,"Please quote for 789 sheet metal parts, Stainless Steel, MS, 2 mm. Location: Nagpur. Required by 20 days.",Sheet Metal Parts,Stainless Steel,MS,2 mm,789,units,Nagpur,20,Industrial plant,Normal,0.65,275596.97,Low
R03512,B0451,"Please quote for 8556 electric motors, Aluminium, IE2, 5 HP. Location: Hyderabad. Required by 6 days.",Electric Motors,Aluminium,IE2,5 HP,8556,units,Hyderabad,6,OEM project,Urgent,0.23,3106746.4,High
R03513,B0688,"Looking for 166 units of Stainless Steel hydraulic cylinders (SS304), size 100 mm, for our industrial plant plant in Pune. Need delivery in 19 days.",Hydraulic Cylinders,Stainless Steel,SS304,100 mm,166,units,Pune,19,Industrial plant,Normal,0.74,81433.96,Low
R03514,B1292,"Need 10593 electric motors for industrial plant, Aluminium IE2, 25 HP. Delivery required in Pune within 26 days. Please share quotation.",Electric Motors,Aluminium,IE2,25 HP,10593,units,Pune,26,Industrial plant,Flexible,0.94,4229222.7,High
R03515,B0269,"Please quote for 7295 gearboxes, Steel, Helical, 5 HP. Location: Kolkata. Required by 6 days.",Gearboxes,Steel,Helical,5 HP,7295,units,Kolkata,6,Construction,Urgent,0.17,1364549.19,High
R03516,B0415,"Need 8971 steel brackets for general manufacturing, Mild Steel SS304, 5 mm. Delivery required in Pune within 38 days. Please share quotation.",Steel Brackets,Mild Steel,SS304,5 mm,8971,units,Pune,38,General manufacturing,Flexible,0.77,2361290.0,Medium
R03517,B0170,"Looking for 6390 units of Cast Iron industrial pumps (CI), size 10 HP, for our oem project plant in Kolkata. Need delivery in 28 days.",Industrial Pumps,Cast Iron,CI,10 HP,6390,units,Kolkata,28,OEM project,Flexible,0.32,2990732.27,Medium
R03518,B0062,"Looking for 10864 units of Mild Steel sheet metal parts (SS304), size 2 mm, for our general manufacturing plant in Chennai. Need delivery in 38 days.",Sheet Metal Parts,Mild Steel,SS304,2 mm,10864,units,Chennai,38,General manufacturing,Flexible,0.4,3955174.69,Medium
R03519,B1307,"Looking for 4551 units of Rubber conveyor belts (Food Grade), size 500 mm, for our automotive plant in Hyderabad. Need delivery in 16 days.",Conveyor Belts,Rubber,Food Grade,500 mm,4551,units,Hyderabad,16,Automotive,Normal,0.54,1695394.63,Medium
R03520,B0449,"Need 7893 gearboxes for general manufacturing, Steel Helical, 5 HP. Delivery required in Kolkata within 27 days. Please share quotation.",Gearboxes,Steel,Helical,5 HP,7893,units,Kolkata,27,General manufacturing,Flexible,0.87,3108882.53,High
R03521,B0612,"Looking for 9223 units of Stainless Steel ball valves (SS316), size 2 inch, for our construction plant in Hyderabad. Need delivery in 8 days.",Ball Valves,Stainless Steel,SS316,2 inch,9223,units,Hyderabad,8,Construction,Urgent,0.69,2429777.41,High
R03522,B1092,"Please quote for 9757 ball valves, Carbon Steel, SS304, 3 inch. Location: Hyderabad. Required by 35 days.",Ball Valves,Carbon Steel,SS304,3 inch,9757,units,Hyderabad,35,Industrial plant,Flexible,0.63,856082.21,Medium
R03523,B0042,"Looking for 472 units of Stainless Steel steel brackets (MS), size 3 mm, for our general manufacturing plant in Bengaluru. Need delivery in 40 days.",Steel Brackets,Stainless Steel,MS,3 mm,472,units,Bengaluru,40,General manufacturing,Flexible,0.45,146985.24,Low
R03524,B0211,"Looking for 2131 units of Rubber conveyor belts (Food Grade), size 500 mm, for our general manufacturing plant in Ahmedabad. Need delivery in 15 days.",Conveyor Belts,Rubber,Food Grade,500 mm,2131,units,Ahmedabad,15,General manufacturing,Normal,0.13,777258.53,Medium
R03525,B0787,"Need 6054 gearboxes for construction, Steel Helical, 10 HP. Delivery required in Mumbai within 10 days. Please share quotation.",Gearboxes,Steel,Helical,10 HP,6054,units,Mumbai,10,Construction,Urgent,0.12,2545721.14,High
R03526,B1176,"Need 6599 hydraulic cylinders for general manufacturing, Steel MS, 150 mm. Delivery required in Nashik within 44 days. Please share quotation.",Hydraulic Cylinders,Steel,MS,150 mm,6599,units,Nashik,44,General manufacturing,Flexible,0.57,427907.31,Low
R03527,B1111,"Please quote for 2159 conveyor belts, PU, Food Grade, 500 mm. Location: Hyderabad. Required by 44 days.",Conveyor Belts,PU,Food Grade,500 mm,2159,units,Hyderabad,44,Automotive,Flexible,0.57,728905.35,Medium
R03528,B1252,"Looking for 5023 units of Aluminium electric motors (IE3), size 25 HP, for our construction plant in Pune. Need delivery in 35 days.",Electric Motors,Aluminium,IE3,25 HP,5023,units,Pune,35,Construction,Flexible,0.63,103893.43,Low
R03529,B0157,"Looking for 10992 units of Mild Steel steel brackets (MS), size 5 mm, for our general manufacturing plant in Bengaluru. Need delivery in 30 days.",Steel Brackets,Mild Steel,MS,5 mm,10992,units,Bengaluru,30,General manufacturing,Flexible,0.97,3177370.62,High
R03530,B0107,"Please quote for 3295 conveyor belts, Rubber, Food Grade, 500 mm. Location: Delhi. Required by 34 days.",Conveyor Belts,Rubber,Food Grade,500 mm,3295,units,Delhi,34,Industrial plant,Flexible,0.1,545182.25,Medium
R03531,B1192,"Need 9368 electric motors for automotive, Cast Iron IE3, 25 HP. Delivery required in Pune within 12 days. Please share quotation.",Electric Motors,Cast Iron,IE3,25 HP,9368,units,Pune,12,Automotive,Normal,0.57,1790572.36,High
R03532,B0888,"Need 10965 steel brackets for construction, Stainless Steel MS, 5 mm. Delivery required in Kolkata within 30 days. Please share quotation.",Steel Brackets,Stainless Steel,MS,5 mm,10965,units,Kolkata,30,Construction,Flexible,0.81,1078112.57,High
R03533,B0764,"Need 8384 industrial pumps for automotive, Cast Iron SS304, 20 HP. Delivery required in Chennai within 4 days. Please share quotation.",Industrial Pumps,Cast Iron,SS304,20 HP,8384,units,Chennai,4,Automotive,Urgent,0.9,1318514.78,High
R03534,B0320,"Please quote for 6663 ball valves, Stainless Steel, SS304, 2 inch. Location: Nashik. Required by 19 days.",Ball Valves,Stainless Steel,SS304,2 inch,6663,units,Nashik,19,Construction,Normal,0.99,2082755.91,High
R03535,B0901,"Need 4286 industrial pumps for general manufacturing, Cast Iron SS316, 10 HP. Delivery required in Bengaluru within 29 days. Please share quotation.",Industrial Pumps,Cast Iron,SS316,10 HP,4286,units,Bengaluru,29,General manufacturing,Flexible,0.07,2083838.45,Medium
R03536,B1435,"Looking for 7942 units of Cast Iron industrial pumps (CI), size 10 HP, for our oem project plant in Bengaluru. Need delivery in 17 days.",Industrial Pumps,Cast Iron,CI,10 HP,7942,units,Bengaluru,17,OEM project,Normal,0.56,1465145.85,Medium
R03537,B0129,"Please quote for 7811 conveyor belts, PU, Grade A, 500 mm. Location: Mumbai. Required by 38 days.",Conveyor Belts,PU,Grade A,500 mm,7811,units,Mumbai,38,Construction,Flexible,0.72,557013.89,Medium
R03538,B1233,"Need 1468 ball valves for oem project, Carbon Steel SS316, 3 inch. Delivery required in Bengaluru within 38 days. Please share quotation.",Ball Valves,Carbon Steel,SS316,3 inch,1468,units,Bengaluru,38,OEM project,Flexible,0.47,127309.14,Low
R03539,B0218,"Need 9441 electric motors for automotive, Aluminium IE3, 5 HP. Delivery required in Bengaluru within 33 days. Please share quotation.",Electric Motors,Aluminium,IE3,5 HP,9441,units,Bengaluru,33,Automotive,Flexible,0.95,990138.37,Medium
R03540,B1212,"Need 1166 industrial pumps for automotive, Cast Iron SS316, 20 HP. Delivery required in Nagpur within 21 days. Please share quotation.",Industrial Pumps,Cast Iron,SS316,20 HP,1166,units,Nagpur,21,Automotive,Normal,0.81,213167.0,Low
R03541,B0942,"Please quote for 6851 conveyor belts, PU, Grade A, 1000 mm. Location: Mumbai. Required by 22 days.",Conveyor Belts,PU,Grade A,1000 mm,6851,units,Mumbai,22,General manufacturing,Normal,0.29,2735849.62,Medium
R03542,B0191,"Need 10650 conveyor belts for industrial plant, PU Grade A, 800 mm. Delivery required in Hyderabad within 11 days. Please share quotation.",Conveyor Belts,PU,Grade A,800 mm,10650,units,Hyderabad,11,Industrial plant,Normal,0.39,234101.89,Medium
R03543,B0107,"Need 11516 industrial pumps for industrial plant, Cast Iron SS316, 20 HP. Delivery required in Nashik within 42 days. Please share quotation.",Industrial Pumps,Cast Iron,SS316,20 HP,11516,units,Nashik,42,Industrial plant,Flexible,0.99,2373530.44,Medium
R03544,B0269,"Please quote for 4140 conveyor belts, PU, Grade A, 500 mm. Location: Kolkata. Required by 34 days.",Conveyor Belts,PU,Grade A,500 mm,4140,units,Kolkata,34,General manufacturing,Flexible,0.11,865732.46,Medium
R03545,B1034,"Need 6420 industrial pumps for construction, Stainless Steel SS304, 20 HP. Delivery required in Kolkata within 37 days. Please share quotation.",Industrial Pumps,Stainless Steel,SS304,20 HP,6420,units,Kolkata,37,Construction,Flexible,0.67,1204333.6,Medium
R03546,B1021,"Please quote for 8621 conveyor belts, PU, Food Grade, 800 mm. Location: Kolkata. Required by 36 days.",Conveyor Belts,PU,Food Grade,800 mm,8621,units,Kolkata,36,Industrial plant,Flexible,0.11,2687701.44,Medium
R03547,B1433,"Looking for 2454 units of Rubber conveyor belts (Grade A), size 800 mm, for our oem project plant in Delhi. Need delivery in 11 days.",Conveyor Belts,Rubber,Grade A,800 mm,2454,units,Delhi,11,OEM project,Normal,0.32,264744.5,Medium
R03548,B0996,"Looking for 831 units of Stainless Steel ball valves (CS), size 2 inch, for our construction plant in Bengaluru. Need delivery in 23 days.",Ball Valves,Stainless Steel,CS,2 inch,831,units,Bengaluru,23,Construction,Normal,0.35,291523.99,Low
R03549,B1258,"Need 6917 steel brackets for general manufacturing, Mild Steel SS304, 3 mm. Delivery required in Nagpur within 5 days. Please share quotation.",Steel Brackets,Mild Steel,SS304,3 mm,6917,units,Nagpur,5,General manufacturing,Urgent,0.28,1132301.23,High
R03550,B1410,"Looking for 1626 units of Stainless Steel ball valves (CS), size 2 inch, for our general manufacturing plant in Chennai. Need delivery in 38 days.",Ball Valves,Stainless Steel,CS,2 inch,1626,units,Chennai,38,General manufacturing,Flexible,0.92,609798.05,Medium
R03551,B0426,"Need 5620 industrial pumps for construction, Cast Iron SS316, 10 HP. Delivery required in Chennai within 41 days. Please share quotation.",Industrial Pumps,Cast Iron,SS316,10 HP,5620,units,Chennai,41,Construction,Flexible,0.9,691342.34,Medium
R03552,B0774,"Please quote for 4209 hydraulic cylinders, Steel, SS304, 50 mm. Location: Ahmedabad. Required by 20 days.",Hydraulic Cylinders,Steel,SS304,50 mm,4209,units,Ahmedabad,20,OEM project,Normal,0.31,1937666.03,Medium
R03553,B0709,"Please quote for 3987 ball valves, Carbon Steel, CS, 3 inch. Location: Hyderabad. Required by 41 days.",Ball Valves,Carbon Steel,CS,3 inch,3987,units,Hyderabad,41,Industrial plant,Flexible,0.81,1565811.65,Medium
R03554,B1447,"Please quote for 857 hydraulic cylinders, Steel, SS304, 150 mm. Location: Nashik. Required by 41 days.",Hydraulic Cylinders,Steel,SS304,150 mm,857,units,Nashik,41,General manufacturing,Flexible,0.47,114253.89,Low
R03555,B0456,"Looking for 3383 units of Steel gearboxes (Helical), size 2 HP, for our oem project plant in Chennai. Need delivery in 20 days.",Gearboxes,Steel,Helical,2 HP,3383,units,Chennai,20,OEM project,Normal,0.38,279169.24,Low
R03556,B0615,"Looking for 122 units of Mild Steel steel brackets (MS), size 3 mm, for our oem project plant in Bengaluru. Need delivery in 39 days.",Steel Brackets,Mild Steel,MS,3 mm,122,units,Bengaluru,39,OEM project,Flexible,0.61,19687.53,Low
R03557,B0677,"Looking for 11311 units of Cast Iron industrial pumps (SS304), size 20 HP, for our construction plant in Bengaluru. Need delivery in 9 days.",Industrial Pumps,Cast Iron,SS304,20 HP,11311,units,Bengaluru,9,Construction,Urgent,0.63,555764.76,High
R03558,B0215,"Please quote for 1255 steel brackets, Mild Steel, SS304, 5 mm. Location: Pune. Required by 45 days.",Steel Brackets,Mild Steel,SS304,5 mm,1255,units,Pune,45,Construction,Flexible,0.63,317540.28,Low
R03559,B0905,"Looking for 1594 units of PU conveyor belts (Grade A), size 1000 mm, for our construction plant in Chennai. Need delivery in 33 days.",Conveyor Belts,PU,Grade A,1000 mm,1594,units,Chennai,33,Construction,Flexible,0.66,394117.59,Low
R03560,B0268,"Please quote for 4778 ball valves, Stainless Steel, SS316, 3 inch. Location: Bengaluru. Required by 7 days.",Ball Valves,Stainless Steel,SS316,3 inch,4778,units,Bengaluru,7,General manufacturing,Urgent,0.53,1447323.53,High
R03561,B1131,"Please quote for 9737 gearboxes, Steel, Helical, 2 HP. Location: Chennai. Required by 19 days.",Gearboxes,Steel,Helical,2 HP,9737,units,Chennai,19,Automotive,Normal,0.89,3863834.33,High
R03562,B0900,"Looking for 9647 units of Stainless Steel sheet metal parts (SS304), size 2 mm, for our general manufacturing plant in Kolkata. Need delivery in 37 days.",Sheet Metal Parts,Stainless Steel,SS304,2 mm,9647,units,Kolkata,37,General manufacturing,Flexible,0.69,433651.14,Medium
R03563,B1500,"Please quote for 1562 hydraulic cylinders, Stainless Steel, SS304, 150 mm. Location: Hyderabad. Required by 23 days.",Hydraulic Cylinders,Stainless Steel,SS304,150 mm,1562,units,Hyderabad,23,OEM project,Normal,0.2,36179.21,Low
R03564,B0493,"Looking for 4809 units of Stainless Steel steel brackets (SS304), size 5 mm, for our automotive plant in Hyderabad. Need delivery in 14 days.",Steel Brackets,Stainless Steel,SS304,5 mm,4809,units,Hyderabad,14,Automotive,Normal,0.78,2341424.48,High
R03565,B0640,"Please quote for 8263 electric motors, Aluminium, IE2, 5 HP. Location: Nashik. Required by 41 days.",Electric Motors,Aluminium,IE2,5 HP,8263,units,Nashik,41,General manufacturing,Flexible,0.87,865861.48,Medium
R03566,B1434,"Looking for 5696 units of Stainless Steel steel brackets (SS304), size 3 mm, for our industrial plant plant in Mumbai. Need delivery in 43 days.",Steel Brackets,Stainless Steel,SS304,3 mm,5696,units,Mumbai,43,Industrial plant,Flexible,0.46,1552568.71,Medium
R03567,B0305,"Looking for 3250 units of Mild Steel steel brackets (MS), size 8 mm, for our general manufacturing plant in Hyderabad. Need delivery in 17 days.",Steel Brackets,Mild Steel,MS,8 mm,3250,units,Hyderabad,17,General manufacturing,Normal,0.14,1142358.77,Medium
R03568,B0436,"Please quote for 1472 industrial pumps, Stainless Steel, SS304, 20 HP. Location: Kolkata. Required by 43 days.",Industrial Pumps,Stainless Steel,SS304,20 HP,1472,units,Kolkata,43,Automotive,Flexible,0.53,41150.12,Low
R03569,B0851,"Looking for 2747 units of Stainless Steel industrial pumps (CI), size 5 HP, for our construction plant in Mumbai. Need delivery in 11 days.",Industrial Pumps,Stainless Steel,CI,5 HP,2747,units,Mumbai,11,Construction,Normal,0.94,1098744.72,High
R03570,B1207,"Please quote for 7277 ball valves, Stainless Steel, SS304, 1 inch. Location: Ahmedabad. Required by 24 days.",Ball Valves,Stainless Steel,SS304,1 inch,7277,units,Ahmedabad,24,Industrial plant,Normal,0.08,324480.67,Medium
R03571,B0662,"Need 480 sheet metal parts for automotive, Mild Steel SS304, 10 mm. Delivery required in Kolkata within 26 days. Please share quotation.",Sheet Metal Parts,Mild Steel,SS304,10 mm,480,units,Kolkata,26,Automotive,Flexible,0.66,205952.69,Low
R03572,B0679,"Need 11904 electric motors for automotive, Aluminium IE2, 5 HP. Delivery required in Bengaluru within 6 days. Please share quotation.",Electric Motors,Aluminium,IE2,5 HP,11904,units,Bengaluru,6,Automotive,Urgent,0.99,4679874.25,High
R03573,B0583,"Please quote for 3216 steel brackets, Mild Steel, MS, 3 mm. Location: Nagpur. Required by 6 days.",Steel Brackets,Mild Steel,MS,3 mm,3216,units,Nagpur,6,OEM project,Urgent,0.95,974149.17,High
R03574,B0248,"Looking for 4539 units of Mild Steel sheet metal parts (MS), size 2 mm, for our construction plant in Bengaluru. Need delivery in 10 days.",Sheet Metal Parts,Mild Steel,MS,2 mm,4539,units,Bengaluru,10,Construction,Urgent,0.32,1819524.37,High
R03575,B0327,"Looking for 5743 units of Cast Iron gearboxes (Helical), size 10 HP, for our construction plant in Kolkata. Need delivery in 17 days.",Gearboxes,Cast Iron,Helical,10 HP,5743,units,Kolkata,17,Construction,Normal,0.34,295207.17,Medium
R03576,B1353,"Please quote for 7769 conveyor belts, PU, Grade A, 800 mm. Location: Nagpur. Required by 42 days.",Conveyor Belts,PU,Grade A,800 mm,7769,units,Nagpur,42,Automotive,Flexible,0.31,3665617.75,Medium
R03577,B0072,"Please quote for 9041 hydraulic cylinders, Steel, MS, 100 mm. Location: Delhi. Required by 25 days.",Hydraulic Cylinders,Steel,MS,100 mm,9041,units,Delhi,25,General manufacturing,Normal,0.94,1353143.9,High
R03578,B0740,"Looking for 8954 units of Stainless Steel hydraulic cylinders (MS), size 50 mm, for our general manufacturing plant in Bengaluru. Need delivery in 25 days.",Hydraulic Cylinders,Stainless Steel,MS,50 mm,8954,units,Bengaluru,25,General manufacturing,Normal,0.43,3804911.12,Medium
R03579,B0424,"Please quote for 975 gearboxes, Cast Iron, Worm, 2 HP. Location: Hyderabad. Required by 9 days.",Gearboxes,Cast Iron,Worm,2 HP,975,units,Hyderabad,9,Automotive,Urgent,0.73,29311.47,Medium
R03580,B1150,"Looking for 1093 units of PU conveyor belts (Grade A), size 1000 mm, for our general manufacturing plant in Bengaluru. Need delivery in 42 days.",Conveyor Belts,PU,Grade A,1000 mm,1093,units,Bengaluru,42,General manufacturing,Flexible,0.89,474552.12,Low
R03581,B0204,"Looking for 5223 units of Cast Iron gearboxes (Helical), size 10 HP, for our general manufacturing plant in Delhi. Need delivery in 19 days.",Gearboxes,Cast Iron,Helical,10 HP,5223,units,Delhi,19,General manufacturing,Normal,0.3,2523416.18,Medium
R03582,B0197,"Please quote for 6749 electric motors, Aluminium, IE3, 10 HP. Location: Nagpur. Required by 13 days.",Electric Motors,Aluminium,IE3,10 HP,6749,units,Nagpur,13,General manufacturing,Normal,0.96,3030544.44,High
R03583,B1265,"Need 3110 ball valves for construction, Stainless Steel CS, 1 inch. Delivery required in Ahmedabad within 42 days. Please share quotation.",Ball Valves,Stainless Steel,CS,1 inch,3110,units,Ahmedabad,42,Construction,Flexible,0.46,331324.58,Low
R03584,B0048,"Need 6074 sheet metal parts for oem project, Stainless Steel MS, 2 mm. Delivery required in Kolkata within 42 days. Please share quotation.",Sheet Metal Parts,Stainless Steel,MS,2 mm,6074,units,Kolkata,42,OEM project,Flexible,0.08,2481743.49,Medium
R03585,B0945,"Please quote for 10270 ball valves, Stainless Steel, SS304, 3 inch. Location: Chennai. Required by 35 days.",Ball Valves,Stainless Steel,SS304,3 inch,10270,units,Chennai,35,General manufacturing,Flexible,0.71,3191042.94,Medium
R03586,B1242,"Please quote for 962 steel brackets, Stainless Steel, SS304, 8 mm. Location: Chennai. Required by 33 days.",Steel Brackets,Stainless Steel,SS304,8 mm,962,units,Chennai,33,Industrial plant,Flexible,0.01,384653.4,Low
R03587,B0853,"Please quote for 9615 gearboxes, Cast Iron, Worm, 2 HP. Location: Ahmedabad. Required by 29 days.",Gearboxes,Cast Iron,Worm,2 HP,9615,units,Ahmedabad,29,General manufacturing,Flexible,0.57,4186590.32,Medium
R03588,B1350,"Need 2582 steel brackets for oem project, Mild Steel MS, 8 mm. Delivery required in Kolkata within 36 days. Please share quotation.",Steel Brackets,Mild Steel,MS,8 mm,2582,units,Kolkata,36,OEM project,Flexible,0.26,83312.85,Low
R03589,B0902,"Need 1996 ball valves for general manufacturing, Stainless Steel SS304, 2 inch. Delivery required in Hyderabad within 9 days. Please share quotation.",Ball Valves,Stainless Steel,SS304,2 inch,1996,units,Hyderabad,9,General manufacturing,Urgent,0.03,586106.42,Medium
R03590,B0918,"Need 938 industrial pumps for industrial plant, Cast Iron SS304, 5 HP. Delivery required in Mumbai within 40 days. Please share quotation.",Industrial Pumps,Cast Iron,SS304,5 HP,938,units,Mumbai,40,Industrial plant,Flexible,0.26,211250.1,Low
R03591,B1001,"Need 3364 hydraulic cylinders for general manufacturing, Stainless Steel MS, 50 mm. Delivery required in Mumbai within 18 days. Please share quotation.",Hydraulic Cylinders,Stainless Steel,MS,50 mm,3364,units,Mumbai,18,General manufacturing,Normal,0.86,1212772.44,Medium
R03592,B0306,"Looking for 7776 units of Steel gearboxes (Helical), size 2 HP, for our automotive plant in Mumbai. Need delivery in 23 days.",Gearboxes,Steel,Helical,2 HP,7776,units,Mumbai,23,Automotive,Normal,0.54,3481508.71,Medium
R03593,B1392,"Looking for 2386 units of Stainless Steel industrial pumps (SS304), size 5 HP, for our industrial plant plant in Mumbai. Need delivery in 23 days.",Industrial Pumps,Stainless Steel,SS304,5 HP,2386,units,Mumbai,23,Industrial plant,Normal,0.69,802856.43,Medium
R03594,B0056,"Looking for 7596 units of Stainless Steel hydraulic cylinders (SS304), size 150 mm, for our general manufacturing plant in Mumbai. Need delivery in 35 days.",Hydraulic Cylinders,Stainless Steel,SS304,150 mm,7596,units,Mumbai,35,General manufacturing,Flexible,0.85,1491426.84,Medium
R03595,B0245,"Please quote for 8452 sheet metal parts, Mild Steel, SS304, 5 mm. Location: Chennai. Required by 44 days.",Sheet Metal Parts,Mild Steel,SS304,5 mm,8452,units,Chennai,44,OEM project,Flexible,0.35,2842033.81,Medium
R03596,B1268,"Need 1304 ball valves for industrial plant, Stainless Steel CS, 3 inch. Delivery required in Chennai within 35 days. Please share quotation.",Ball Valves,Stainless Steel,CS,3 inch,1304,units,Chennai,35,Industrial plant,Flexible,0.59,70479.04,Low
R03597,B0492,"Looking for 1829 units of PU conveyor belts (Food Grade), size 1000 mm, for our construction plant in Chennai. Need delivery in 29 days.",Conveyor Belts,PU,Food Grade,1000 mm,1829,units,Chennai,29,Construction,Flexible,0.83,484384.78,Low
R03598,B1108,"Looking for 11529 units of Cast Iron industrial pumps (SS304), size 20 HP, for our industrial plant plant in Chennai. Need delivery in 7 days.",Industrial Pumps,Cast Iron,SS304,20 HP,11529,units,Chennai,7,Industrial plant,Urgent,0.57,2724968.73,High
R03599,B0563,"Need 6885 ball valves for oem project, Carbon Steel CS, 1 inch. Delivery required in Ahmedabad within 6 days. Please share quotation.",Ball Valves,Carbon Steel,CS,1 inch,6885,units,Ahmedabad,6,OEM project,Urgent,0.18,1151874.31,High
R03600,B0642,"Looking for 8395 units of Stainless Steel hydraulic cylinders (MS), size 50 mm, for our automotive plant in Chennai. Need delivery in 31 days.",Hydraulic Cylinders,Stainless Steel,MS,50 mm,8395,units,Chennai,31,Automotive,Flexible,0.58,2916156.16,Medium
R03601,B0674,"Looking for 3327 units of Rubber conveyor belts (Food Grade), size 1000 mm, for our automotive plant in Nashik. Need delivery in 6 days.",Conveyor Belts,Rubber,Food Grade,1000 mm,3327,units,Nashik,6,Automotive,Urgent,0.23,1160311.81,High
R03602,B0912,"Looking for 6469 units of Stainless Steel industrial pumps (SS304), size 5 HP, for our industrial plant plant in Nagpur. Need delivery in 40 days.",Industrial Pumps,Stainless Steel,SS304,5 HP,6469,units,Nagpur,40,Industrial plant,Flexible,0.09,943470.2,Medium
R03603,B0270,"Looking for 10564 units of PU conveyor belts (Food Grade), size 800 mm, for our automotive plant in Hyderabad. Need delivery in 5 days.",Conveyor Belts,PU,Food Grade,800 mm,10564,units,Hyderabad,5,Automotive,Urgent,0.36,4889995.9,High
R03604,B0825,"Please quote for 1760 ball valves, Stainless Steel, SS316, 2 inch. Location: Kolkata. Required by 11 days.",Ball Valves,Stainless Steel,SS316,2 inch,1760,units,Kolkata,11,General manufacturing,Normal,0.26,619667.08,Medium
R03605,B1321,"Need 6019 gearboxes for automotive, Steel Worm, 5 HP. Delivery required in Kolkata within 19 days. Please share quotation.",Gearboxes,Steel,Worm,5 HP,6019,units,Kolkata,19,Automotive,Normal,0.22,1793997.05,Medium
R03606,B0614,"Please quote for 6971 sheet metal parts, Stainless Steel, SS304, 2 mm. Location: Ahmedabad. Required by 26 days.",Sheet Metal Parts,Stainless Steel,SS304,2 mm,6971,units,Ahmedabad,26,General manufacturing,Flexible,0.55,2490933.98,Medium
R03607,B1273,"Need 5287 sheet metal parts for industrial plant, Stainless Steel SS304, 2 mm. Delivery required in Bengaluru within 33 days. Please share quotation.",Sheet Metal Parts,Stainless Steel,SS304,2 mm,5287,units,Bengaluru,33,Industrial plant,Flexible,0.25,271606.61,Low
R03608,B0173,"Please quote for 8239 gearboxes, Cast Iron, Helical, 2 HP. Location: Nashik. Required by 39 days.",Gearboxes,Cast Iron,Helical,2 HP,8239,units,Nashik,39,General manufacturing,Flexible,0.08,229459.34,Low
R03609,B0422,"Looking for 6684 units of Steel hydraulic cylinders (MS), size 50 mm, for our oem project plant in Hyderabad. Need delivery in 36 days.",Hydraulic Cylinders,Steel,MS,50 mm,6684,units,Hyderabad,36,OEM project,Flexible,0.48,1720448.15,Medium
R03610,B0749,"Looking for 2792 units of Cast Iron electric motors (IE3), size 5 HP, for our general manufacturing plant in Ahmedabad. Need delivery in 24 days.",Electric Motors,Cast Iron,IE3,5 HP,2792,units,Ahmedabad,24,General manufacturing,Normal,0.57,1331981.63,Medium
R03611,B1024,"Need 7501 gearboxes for construction, Steel Worm, 2 HP. Delivery required in Hyderabad within 5 days. Please share quotation.",Gearboxes,Steel,Worm,2 HP,7501,units,Hyderabad,5,Construction,Urgent,0.49,484036.79,High
R03612,B0023,"Looking for 3055 units of Steel gearboxes (Worm), size 5 HP, for our oem project plant in Kolkata. Need delivery in 15 days.",Gearboxes,Steel,Worm,5 HP,3055,units,Kolkata,15,OEM project,Normal,0.17,784078.84,Medium
R03613,B1100,"Need 1910 hydraulic cylinders for automotive, Stainless Steel SS304, 100 mm. Delivery required in Nashik within 6 days. Please share quotation.",Hydraulic Cylinders,Stainless Steel,SS304,100 mm,1910,units,Nashik,6,Automotive,Urgent,0.38,547552.43,High
R03614,B1278,"Please quote for 10156 steel brackets, Mild Steel, SS304, 3 mm. Location: Nagpur. Required by 33 days.",Steel Brackets,Mild Steel,SS304,3 mm,10156,units,Nagpur,33,General manufacturing,Flexible,0.57,823028.58,Medium
R03615,B1327,"Please quote for 5599 conveyor belts, Rubber, Food Grade, 1000 mm. Location: Nagpur. Required by 39 days.",Conveyor Belts,Rubber,Food Grade,1000 mm,5599,units,Nagpur,39,Automotive,Flexible,0.31,1680880.15,Medium
R03616,B0094,"Please quote for 11204 steel brackets, Mild Steel, MS, 5 mm. Location: Mumbai. Required by 7 days.",Steel Brackets,Mild Steel,MS,5 mm,11204,units,Mumbai,7,OEM project,Urgent,0.02,2382516.82,High
R03617,B0010,"Please quote for 8865 ball valves, Carbon Steel, CS, 1 inch. Location: Ahmedabad. Required by 34 days.",Ball Valves,Carbon Steel,CS,1 inch,8865,units,Ahmedabad,34,Industrial plant,Flexible,0.44,1221315.0,Medium
R03618,B1253,"Please quote for 2112 ball valves, Carbon Steel, SS304, 3 inch. Location: Nashik. Required by 28 days.",Ball Valves,Carbon Steel,SS304,3 inch,2112,units,Nashik,28,Automotive,Flexible,0.97,437349.14,Medium
R03619,B0488,"Looking for 2813 units of Stainless Steel industrial pumps (SS316), size 10 HP, for our automotive plant in Ahmedabad. Need delivery in 6 days.",Industrial Pumps,Stainless Steel,SS316,10 HP,2813,units,Ahmedabad,6,Automotive,Urgent,0.45,855688.66,High
R03620,B1067,"Looking for 7749 units of Carbon Steel ball valves (SS304), size 1 inch, for our automotive plant in Chennai. Need delivery in 4 days.",Ball Valves,Carbon Steel,SS304,1 inch,7749,units,Chennai,4,Automotive,Urgent,0.6,3722748.58,High
R03621,B1005,"Looking for 2057 units of Stainless Steel steel brackets (SS304), size 8 mm, for our oem project plant in Nashik. Need delivery in 18 days.",Steel Brackets,Stainless Steel,SS304,8 mm,2057,units,Nashik,18,OEM project,Normal,0.89,587485.44,Medium
R03622,B0459,"Please quote for 3681 industrial pumps, Stainless Steel, SS316, 10 HP. Location: Nashik. Required by 27 days.",Industrial Pumps,Stainless Steel,SS316,10 HP,3681,units,Nashik,27,Industrial plant,Flexible,0.49,369002.25,Low
R03623,B0284,"Need 7784 industrial pumps for construction, Stainless Steel SS316, 10 HP. Delivery required in Nashik within 40 days. Please share quotation.",Industrial Pumps,Stainless Steel,SS316,10 HP,7784,units,Nashik,40,Construction,Flexible,0.9,799209.43,Medium
R03624,B1406,"Please quote for 4073 electric motors, Cast Iron, IE2, 25 HP. Location: Delhi. Required by 17 days.",Electric Motors,Cast Iron,IE2,25 HP,4073,units,Delhi,17,Construction,Normal,0.22,1593171.84,Medium
R03625,B0935,"Need 6171 steel brackets for construction, Stainless Steel MS, 5 mm. Delivery required in Mumbai within 34 days. Please share quotation.",Steel Brackets,Stainless Steel,MS,5 mm,6171,units,Mumbai,34,Construction,Flexible,0.03,2810324.51,Medium
R03626,B0464,"Looking for 9429 units of Stainless Steel ball valves (CS), size 3 inch, for our industrial plant plant in Nashik. Need delivery in 21 days.",Ball Valves,Stainless Steel,CS,3 inch,9429,units,Nashik,21,Industrial plant,Normal,0.81,2167874.66,High
R03627,B1266,"Please quote for 8420 sheet metal parts, Stainless Steel, MS, 2 mm. Location: Kolkata. Required by 17 days.",Sheet Metal Parts,Stainless Steel,MS,2 mm,8420,units,Kolkata,17,Industrial plant,Normal,0.04,3273694.88,Medium
R03628,B1217,"Looking for 6696 units of Stainless Steel industrial pumps (CI), size 5 HP, for our oem project plant in Chennai. Need delivery in 31 days.",Industrial Pumps,Stainless Steel,CI,5 HP,6696,units,Chennai,31,OEM project,Flexible,0.28,1238361.2,Medium
R03629,B1092,"Need 8035 electric motors for oem project, Aluminium IE3, 5 HP. Delivery required in Nashik within 30 days. Please share quotation.",Electric Motors,Aluminium,IE3,5 HP,8035,units,Nashik,30,OEM project,Flexible,0.2,3250131.54,Medium
R03630,B0157,"Need 10384 hydraulic cylinders for oem project, Stainless Steel SS304, 150 mm. Delivery required in Delhi within 34 days. Please share quotation.",Hydraulic Cylinders,Stainless Steel,SS304,150 mm,10384,units,Delhi,34,OEM project,Flexible,0.86,5083927.73,Medium
R03631,B0721,"Looking for 2397 units of Steel gearboxes (Helical), size 2 HP, for our construction plant in Hyderabad. Need delivery in 19 days.",Gearboxes,Steel,Helical,2 HP,2397,units,Hyderabad,19,Construction,Normal,0.03,559723.74,Medium
R03632,B0476,"Looking for 5945 units of Mild Steel sheet metal parts (SS304), size 2 mm, for our automotive plant in Nagpur. Need delivery in 44 days.",Sheet Metal Parts,Mild Steel,SS304,2 mm,5945,units,Nagpur,44,Automotive,Flexible,0.4,2695608.1,Medium
R03633,B0534,"Need 3392 hydraulic cylinders for construction, Stainless Steel MS, 50 mm. Delivery required in Bengaluru within 38 days. Please share quotation.",Hydraulic Cylinders,Stainless Steel,MS,50 mm,3392,units,Bengaluru,38,Construction,Flexible,0.08,463109.55,Low
R03634,B1107,"Need 2295 conveyor belts for industrial plant, PU Grade A, 1000 mm. Delivery required in Pune within 45 days. Please share quotation.",Conveyor Belts,PU,Grade A,1000 mm,2295,units,Pune,45,Industrial plant,Flexible,0.85,297629.69,Low
R03635,B0847,"Looking for 6473 units of Cast Iron gearboxes (Worm), size 10 HP, for our general manufacturing plant in Kolkata. Need delivery in 44 days.",Gearboxes,Cast Iron,Worm,10 HP,6473,units,Kolkata,44,General manufacturing,Flexible,0.54,2070254.73,Medium
R03636,B0166,"Need 7052 gearboxes for oem project, Cast Iron Worm, 5 HP. Delivery required in Kolkata within 9 days. Please share quotation.",Gearboxes,Cast Iron,Worm,5 HP,7052,units,Kolkata,9,OEM project,Urgent,0.97,2785858.58,High
R03637,B1473,"Looking for 3133 units of Mild Steel steel brackets (SS304), size 8 mm, for our oem project plant in Bengaluru. Need delivery in 3 days.",Steel Brackets,Mild Steel,SS304,8 mm,3133,units,Bengaluru,3,OEM project,Urgent,0.61,255904.5,Medium
R03638,B0486,"Please quote for 11436 gearboxes, Cast Iron, Helical, 2 HP. Location: Mumbai. Required by 18 days.",Gearboxes,Cast Iron,Helical,2 HP,11436,units,Mumbai,18,Automotive,Normal,0.69,1335147.66,High
R03639,B0790,"Looking for 9163 units of Cast Iron gearboxes (Helical), size 10 HP, for our construction plant in Hyderabad. Need delivery in 27 days.",Gearboxes,Cast Iron,Helical,10 HP,9163,units,Hyderabad,27,Construction,Flexible,0.83,1674064.23,High
R03640,B0886,"Please quote for 2432 electric motors, Cast Iron, IE3, 25 HP. Location: Delhi. Required by 42 days.",Electric Motors,Cast Iron,IE3,25 HP,2432,units,Delhi,42,General manufacturing,Flexible,0.02,704059.51,Medium
R03641,B1089,"Looking for 70 units of Stainless Steel industrial pumps (SS316), size 10 HP, for our industrial plant plant in Delhi. Need delivery in 14 days.",Industrial Pumps,Stainless Steel,SS316,10 HP,70,units,Delhi,14,Industrial plant,Normal,0.86,18333.1,Low
R03642,B1152,"Please quote for 4400 conveyor belts, Rubber, Grade A, 1000 mm. Location: Nagpur. Required by 32 days.",Conveyor Belts,Rubber,Grade A,1000 mm,4400,units,Nagpur,32,Industrial plant,Flexible,0.53,859159.65,Medium
R03643,B0863,"Need 11545 conveyor belts for construction, Rubber Grade A, 1000 mm. Delivery required in Pune within 22 days. Please share quotation.",Conveyor Belts,Rubber,Grade A,1000 mm,11545,units,Pune,22,Construction,Normal,0.43,1550848.59,Medium
R03644,B1311,"Need 8081 ball valves for oem project, Stainless Steel CS, 3 inch. Delivery required in Nashik within 38 days. Please share quotation.",Ball Valves,Stainless Steel,CS,3 inch,8081,units,Nashik,38,OEM project,Flexible,0.04,427601.38,Low
R03645,B1311,"Need 791 hydraulic cylinders for oem project, Steel MS, 100 mm. Delivery required in Nagpur within 34 days. Please share quotation.",Hydraulic Cylinders,Steel,MS,100 mm,791,units,Nagpur,34,OEM project,Flexible,0.7,372046.16,Low
R03646,B1490,"Please quote for 11008 sheet metal parts, Stainless Steel, SS304, 5 mm. Location: Delhi. Required by 9 days.",Sheet Metal Parts,Stainless Steel,SS304,5 mm,11008,units,Delhi,9,Automotive,Urgent,0.63,625548.59,High
R03647,B1319,"Please quote for 5378 steel brackets, Stainless Steel, SS304, 5 mm. Location: Delhi. Required by 13 days.",Steel Brackets,Stainless Steel,SS304,5 mm,5378,units,Delhi,13,General manufacturing,Normal,0.35,1899513.76,High
R03648,B0532,"Please quote for 3758 sheet metal parts, Stainless Steel, MS, 2 mm. Location: Nashik. Required by 32 days.",Sheet Metal Parts,Stainless Steel,MS,2 mm,3758,units,Nashik,32,Construction,Flexible,0.22,1550490.89,Medium
R03649,B1458,"Looking for 168 units of Stainless Steel sheet metal parts (MS), size 5 mm, for our automotive plant in Mumbai. Need delivery in 28 days.",Sheet Metal Parts,Stainless Steel,MS,5 mm,168,units,Mumbai,28,Automotive,Flexible,0.22,66537.88,Low
R03650,B1229,"Need 2684 industrial pumps for construction, Cast Iron SS304, 10 HP. Delivery required in Nashik within 45 days. Please share quotation.",Industrial Pumps,Cast Iron,SS304,10 HP,2684,units,Nashik,45,Construction,Flexible,0.44,572684.58,Medium
R03651,B0260,"Need 10089 industrial pumps for automotive, Stainless Steel SS304, 20 HP. Delivery required in Kolkata within 37 days. Please share quotation.",Industrial Pumps,Stainless Steel,SS304,20 HP,10089,units,Kolkata,37,Automotive,Flexible,0.99,2890397.31,Medium
R03652,B0269,"Need 7054 conveyor belts for construction, Rubber Food Grade, 1000 mm. Delivery required in Nashik within 16 days. Please share quotation.",Conveyor Belts,Rubber,Food Grade,1000 mm,7054,units,Nashik,16,Construction,Normal,0.42,2932065.81,Medium
R03653,B0897,"Looking for 10438 units of Stainless Steel ball valves (SS304), size 2 inch, for our industrial plant plant in Ahmedabad. Need delivery in 12 days.",Ball Valves,Stainless Steel,SS304,2 inch,10438,units,Ahmedabad,12,Industrial plant,Normal,0.42,4137270.1,High
R03654,B1264,"Please quote for 2055 gearboxes, Cast Iron, Helical, 5 HP. Location: Chennai. Required by 19 days.",Gearboxes,Cast Iron,Helical,5 HP,2055,units,Chennai,19,Industrial plant,Normal,0.83,272414.85,Medium
R03655,B0308,"Looking for 1662 units of Rubber conveyor belts (Grade A), size 1000 mm, for our general manufacturing plant in Hyderabad. Need delivery in 41 days.",Conveyor Belts,Rubber,Grade A,1000 mm,1662,units,Hyderabad,41,General manufacturing,Flexible,0.66,644033.86,Medium
R03656,B0575,"Looking for 10338 units of Stainless Steel sheet metal parts (SS304), size 2 mm, for our general manufacturing plant in Mumbai. Need delivery in 31 days.",Sheet Metal Parts,Stainless Steel,SS304,2 mm,10338,units,Mumbai,31,General manufacturing,Flexible,0.96,775092.22,Medium
R03657,B0083,"Need 6995 gearboxes for oem project, Steel Worm, 5 HP. Delivery required in Ahmedabad within 30 days. Please share quotation.",Gearboxes,Steel,Worm,5 HP,6995,units,Ahmedabad,30,OEM project,Flexible,0.55,3133126.01,Medium
R03658,B0642,"Looking for 4892 units of Mild Steel steel brackets (MS), size 8 mm, for our construction plant in Hyderabad. Need delivery in 42 days.",Steel Brackets,Mild Steel,MS,8 mm,4892,units,Hyderabad,42,Construction,Flexible,0.38,781038.62,Medium
R03659,B0327,"Please quote for 9170 electric motors, Cast Iron, IE3, 25 HP. Location: Nashik. Required by 5 days.",Electric Motors,Cast Iron,IE3,25 HP,9170,units,Nashik,5,Automotive,Urgent,0.74,1271303.74,High
R03660,B0642,"Need 11084 ball valves for automotive, Stainless Steel SS316, 1 inch. Delivery required in Ahmedabad within 14 days. Please share quotation.",Ball Valves,Stainless Steel,SS316,1 inch,11084,units,Ahmedabad,14,Automotive,Normal,0.07,5301477.15,High
R03661,B0298,"Please quote for 2223 sheet metal parts, Mild Steel, SS304, 5 mm. Location: Hyderabad. Required by 34 days.",Sheet Metal Parts,Mild Steel,SS304,5 mm,2223,units,Hyderabad,34,General manufacturing,Flexible,0.75,951870.95,Medium
R03662,B0183,"Looking for 3309 units of Rubber conveyor belts (Food Grade), size 500 mm, for our general manufacturing plant in Pune. Need delivery in 34 days.",Conveyor Belts,Rubber,Food Grade,500 mm,3309,units,Pune,34,General manufacturing,Flexible,0.88,212412.21,Low
R03663,B0252,"Please quote for 9359 steel brackets, Stainless Steel, MS, 3 mm. Location: Nagpur. Required by 24 days.",Steel Brackets,Stainless Steel,MS,3 mm,9359,units,Nagpur,24,Construction,Normal,0.12,911958.77,Medium
R03664,B0782,"Looking for 8777 units of Cast Iron gearboxes (Helical), size 10 HP, for our construction plant in Bengaluru. Need delivery in 21 days.",Gearboxes,Cast Iron,Helical,10 HP,8777,units,Bengaluru,21,Construction,Normal,0.71,3935372.5,High
R03665,B0513,"Looking for 11698 units of Cast Iron gearboxes (Helical), size 10 HP, for our automotive plant in Hyderabad. Need delivery in 23 days.",Gearboxes,Cast Iron,Helical,10 HP,11698,units,Hyderabad,23,Automotive,Normal,0.84,2026366.7,High
R03666,B1083,"Looking for 10673 units of Mild Steel sheet metal parts (SS304), size 2 mm, for our automotive plant in Mumbai. Need delivery in 22 days.",Sheet Metal Parts,Mild Steel,SS304,2 mm,10673,units,Mumbai,22,Automotive,Normal,0.8,5040975.77,High
R03667,B0817,"Need 5608 industrial pumps for automotive, Stainless Steel CI, 20 HP. Delivery required in Ahmedabad within 25 days. Please share quotation.",Industrial Pumps,Stainless Steel,CI,20 HP,5608,units,Ahmedabad,25,Automotive,Normal,0.67,1795892.82,High
R03668,B0846,"Need 4887 ball valves for industrial plant, Stainless Steel SS304, 2 inch. Delivery required in Delhi within 44 days. Please share quotation.",Ball Valves,Stainless Steel,SS304,2 inch,4887,units,Delhi,44,Industrial plant,Flexible,0.13,582246.66,Medium
R03669,B1248,"Please quote for 4058 industrial pumps, Cast Iron, SS304, 10 HP. Location: Chennai. Required by 18 days.",Industrial Pumps,Cast Iron,SS304,10 HP,4058,units,Chennai,18,General manufacturing,Normal,0.44,927240.1,Medium
R03670,B0133,"Please quote for 251 industrial pumps, Cast Iron, CI, 20 HP. Location: Ahmedabad. Required by 27 days.",Industrial Pumps,Cast Iron,CI,20 HP,251,units,Ahmedabad,27,General manufacturing,Flexible,0.58,33509.26,Low
R03671,B1249,"Please quote for 11646 conveyor belts, PU, Food Grade, 1000 mm. Location: Nagpur. Required by 7 days.",Conveyor Belts,PU,Food Grade,1000 mm,11646,units,Nagpur,7,General manufacturing,Urgent,0.56,3360134.05,High
R03672,B1473,"Looking for 5335 units of Mild Steel steel brackets (SS304), size 3 mm, for our general manufacturing plant in Bengaluru. Need delivery in 24 days.",Steel Brackets,Mild Steel,SS304,3 mm,5335,units,Bengaluru,24,General manufacturing,Normal,1.0,2441221.77,High
R03673,B0161,"Looking for 430 units of Stainless Steel industrial pumps (SS316), size 10 HP, for our industrial plant plant in Delhi. Need delivery in 29 days.",Industrial Pumps,Stainless Steel,SS316,10 HP,430,units,Delhi,29,Industrial plant,Flexible,0.57,164611.63,Low
R03674,B0387,"Need 6208 ball valves for construction, Stainless Steel SS304, 1 inch. Delivery required in Delhi within 21 days. Please share quotation.",Ball Valves,Stainless Steel,SS304,1 inch,6208,units,Delhi,21,Construction,Normal,0.74,2108553.06,High
R03675,B0673,"Need 6155 gearboxes for general manufacturing, Steel Worm, 5 HP. Delivery required in Kolkata within 9 days. Please share quotation.",Gearboxes,Steel,Worm,5 HP,6155,units,Kolkata,9,General manufacturing,Urgent,0.64,406531.4,Medium
R03676,B1204,"Looking for 1810 units of Cast Iron gearboxes (Worm), size 10 HP, for our general manufacturing plant in Bengaluru. Need delivery in 29 days.",Gearboxes,Cast Iron,Worm,10 HP,1810,units,Bengaluru,29,General manufacturing,Flexible,0.57,636556.65,Medium
R03677,B1263,"Please quote for 10984 sheet metal parts, Mild Steel, SS304, 2 mm. Location: Kolkata. Required by 9 days.",Sheet Metal Parts,Mild Steel,SS304,2 mm,10984,units,Kolkata,9,Industrial plant,Urgent,0.72,1038528.24,High
R03678,B0038,"Please quote for 5133 steel brackets, Mild Steel, MS, 3 mm. Location: Chennai. Required by 6 days.",Steel Brackets,Mild Steel,MS,3 mm,5133,units,Chennai,6,General manufacturing,Urgent,0.66,183769.29,High
R03679,B0169,"Looking for 7323 units of Stainless Steel steel brackets (MS), size 8 mm, for our general manufacturing plant in Hyderabad. Need delivery in 22 days.",Steel Brackets,Stainless Steel,MS,8 mm,7323,units,Hyderabad,22,General manufacturing,Normal,0.34,2476137.29,Medium
R03680,B0865,"Need 6765 ball valves for general manufacturing, Stainless Steel SS316, 2 inch. Delivery required in Nashik within 24 days. Please share quotation.",Ball Valves,Stainless Steel,SS316,2 inch,6765,units,Nashik,24,General manufacturing,Normal,0.5,1342284.04,Medium
R03681,B0997,"Please quote for 4522 industrial pumps, Stainless Steel, SS316, 5 HP. Location: Nashik. Required by 12 days.",Industrial Pumps,Stainless Steel,SS316,5 HP,4522,units,Nashik,12,OEM project,Normal,0.34,925083.73,Medium
R03682,B0690,"Please quote for 1227 ball valves, Stainless Steel, SS316, 3 inch. Location: Nagpur. Required by 20 days.",Ball Valves,Stainless Steel,SS316,3 inch,1227,units,Nagpur,20,OEM project,Normal,0.55,161155.4,Low
R03683,B0224,"Need 10653 industrial pumps for industrial plant, Stainless Steel CI, 20 HP. Delivery required in Nashik within 31 days. Please share quotation.",Industrial Pumps,Stainless Steel,CI,20 HP,10653,units,Nashik,31,Industrial plant,Flexible,0.61,753097.9,Medium
R03684,B0454,"Please quote for 3231 hydraulic cylinders, Stainless Steel, MS, 150 mm. Location: Hyderabad. Required by 43 days.",Hydraulic Cylinders,Stainless Steel,MS,150 mm,3231,units,Hyderabad,43,Industrial plant,Flexible,0.3,205460.25,Low
R03685,B1208,"Please quote for 8410 electric motors, Cast Iron, IE2, 10 HP. Location: Mumbai. Required by 35 days.",Electric Motors,Cast Iron,IE2,10 HP,8410,units,Mumbai,35,Industrial plant,Flexible,0.24,606091.88,Medium
R03686,B0637,"Looking for 10101 units of Steel hydraulic cylinders (MS), size 50 mm, for our automotive plant in Delhi. Need delivery in 10 days.",Hydraulic Cylinders,Steel,MS,50 mm,10101,units,Delhi,10,Automotive,Urgent,0.82,586574.82,High
R03687,B0357,"Need 10277 sheet metal parts for oem project, Mild Steel SS304, 10 mm. Delivery required in Nagpur within 37 days. Please share quotation.",Sheet Metal Parts,Mild Steel,SS304,10 mm,10277,units,Nagpur,37,OEM project,Flexible,0.38,4457476.43,Medium
R03688,B0267,"Please quote for 5624 industrial pumps, Cast Iron, SS304, 20 HP. Location: Ahmedabad. Required by 18 days.",Industrial Pumps,Cast Iron,SS304,20 HP,5624,units,Ahmedabad,18,Industrial plant,Normal,0.66,319105.24,Medium
R03689,B0850,"Looking for 1276 units of PU conveyor belts (Food Grade), size 500 mm, for our construction plant in Pune. Need delivery in 31 days.",Conveyor Belts,PU,Food Grade,500 mm,1276,units,Pune,31,Construction,Flexible,0.18,348603.08,Low
R03690,B1226,"Please quote for 2753 conveyor belts, Rubber, Grade A, 1000 mm. Location: Pune. Required by 9 days.",Conveyor Belts,Rubber,Grade A,1000 mm,2753,units,Pune,9,OEM project,Urgent,0.63,607769.63,High
R03691,B1108,"Need 935 conveyor belts for general manufacturing, Rubber Grade A, 800 mm. Delivery required in Mumbai within 10 days. Please share quotation.",Conveyor Belts,Rubber,Grade A,800 mm,935,units,Mumbai,10,General manufacturing,Urgent,0.94,367057.72,Medium
R03692,B0152,"Please quote for 1735 sheet metal parts, Mild Steel, MS, 10 mm. Location: Nagpur. Required by 32 days.",Sheet Metal Parts,Mild Steel,MS,10 mm,1735,units,Nagpur,32,Construction,Flexible,0.94,443416.36,Low
R03693,B0048,"Need 10555 industrial pumps for construction, Cast Iron SS316, 10 HP. Delivery required in Pune within 45 days. Please share quotation.",Industrial Pumps,Cast Iron,SS316,10 HP,10555,units,Pune,45,Construction,Flexible,0.8,5152543.52,Medium
R03694,B0678,"Looking for 1145 units of Steel gearboxes (Helical), size 5 HP, for our general manufacturing plant in Chennai. Need delivery in 11 days.",Gearboxes,Steel,Helical,5 HP,1145,units,Chennai,11,General manufacturing,Normal,0.88,334116.28,Medium
R03695,B0237,"Please quote for 8865 ball valves, Carbon Steel, SS304, 1 inch. Location: Hyderabad. Required by 40 days.",Ball Valves,Carbon Steel,SS304,1 inch,8865,units,Hyderabad,40,OEM project,Flexible,0.37,909930.48,Medium
R03696,B1280,"Looking for 4854 units of Stainless Steel steel brackets (SS304), size 3 mm, for our industrial plant plant in Ahmedabad. Need delivery in 41 days.",Steel Brackets,Stainless Steel,SS304,3 mm,4854,units,Ahmedabad,41,Industrial plant,Flexible,0.4,2120642.23,Medium
R03697,B0322,"Need 1928 ball valves for general manufacturing, Carbon Steel SS316, 1 inch. Delivery required in Kolkata within 26 days. Please share quotation.",Ball Valves,Carbon Steel,SS316,1 inch,1928,units,Kolkata,26,General manufacturing,Flexible,0.93,822174.05,Medium
R03698,B0689,"Looking for 11461 units of Mild Steel sheet metal parts (SS304), size 10 mm, for our construction plant in Hyderabad. Need delivery in 28 days.",Sheet Metal Parts,Mild Steel,SS304,10 mm,11461,units,Hyderabad,28,Construction,Flexible,0.48,863488.42,Medium
R03699,B1390,"Please quote for 10721 industrial pumps, Stainless Steel, SS316, 5 HP. Location: Delhi. Required by 37 days.",Industrial Pumps,Stainless Steel,SS316,5 HP,10721,units,Delhi,37,General manufacturing,Flexible,0.95,2769532.57,Medium
R03700,B0321,"Need 2810 conveyor belts for automotive, PU Grade A, 800 mm. Delivery required in Bengaluru within 40 days. Please share quotation.",Conveyor Belts,PU,Grade A,800 mm,2810,units,Bengaluru,40,Automotive,Flexible,0.7,351632.83,Low
R03701,B0560,"Please quote for 9825 ball valves, Stainless Steel, SS304, 3 inch. Location: Nagpur. Required by 9 days.",Ball Valves,Stainless Steel,SS304,3 inch,9825,units,Nagpur,9,Industrial plant,Urgent,0.93,3627141.75,High
R03702,B1409,"Need 1385 gearboxes for industrial plant, Cast Iron Helical, 10 HP. Delivery required in Mumbai within 3 days. Please share quotation.",Gearboxes,Cast Iron,Helical,10 HP,1385,units,Mumbai,3,Industrial plant,Urgent,0.06,336966.43,Medium
R03703,B0463,"Please quote for 4177 ball valves, Stainless Steel, SS304, 3 inch. Location: Bengaluru. Required by 40 days.",Ball Valves,Stainless Steel,SS304,3 inch,4177,units,Bengaluru,40,Industrial plant,Flexible,0.66,1925849.36,Medium
R03704,B1480,"Please quote for 4535 hydraulic cylinders, Steel, SS304, 150 mm. Location: Hyderabad. Required by 37 days.",Hydraulic Cylinders,Steel,SS304,150 mm,4535,units,Hyderabad,37,Automotive,Flexible,0.05,2031467.45,Medium
R03705,B1424,"Please quote for 3241 conveyor belts, PU, Grade A, 800 mm. Location: Chennai. Required by 25 days.",Conveyor Belts,PU,Grade A,800 mm,3241,units,Chennai,25,General manufacturing,Normal,0.83,580094.94,Medium
R03706,B0813,"Looking for 3728 units of Cast Iron industrial pumps (SS316), size 20 HP, for our oem project plant in Delhi. Need delivery in 30 days.",Industrial Pumps,Cast Iron,SS316,20 HP,3728,units,Delhi,30,OEM project,Flexible,0.9,1352736.57,Medium
R03707,B1248,"Please quote for 3659 hydraulic cylinders, Stainless Steel, SS304, 100 mm. Location: Mumbai. Required by 6 days.",Hydraulic Cylinders,Stainless Steel,SS304,100 mm,3659,units,Mumbai,6,Automotive,Urgent,0.44,1750225.2,High
R03708,B0201,"Please quote for 1180 steel brackets, Mild Steel, MS, 5 mm. Location: Ahmedabad. Required by 36 days.",Steel Brackets,Mild Steel,MS,5 mm,1180,units,Ahmedabad,36,OEM project,Flexible,0.41,98041.0,Low
R03709,B0855,"Please quote for 7416 conveyor belts, PU, Food Grade, 800 mm. Location: Ahmedabad. Required by 3 days.",Conveyor Belts,PU,Food Grade,800 mm,7416,units,Ahmedabad,3,Automotive,Urgent,0.86,2450105.56,High
R03710,B0306,"Looking for 5929 units of Aluminium electric motors (IE3), size 5 HP, for our industrial plant plant in Ahmedabad. Need delivery in 24 days.",Electric Motors,Aluminium,IE3,5 HP,5929,units,Ahmedabad,24,Industrial plant,Normal,0.03,2574727.29,Medium
R03711,B0216,"Please quote for 9584 steel brackets, Stainless Steel, SS304, 8 mm. Location: Mumbai. Required by 11 days.",Steel Brackets,Stainless Steel,SS304,8 mm,9584,units,Mumbai,11,Industrial plant,Normal,0.99,3022155.52,High
R03712,B0127,"Please quote for 11027 industrial pumps, Stainless Steel, SS304, 5 HP. Location: Delhi. Required by 39 days.",Industrial Pumps,Stainless Steel,SS304,5 HP,11027,units,Delhi,39,Construction,Flexible,0.3,3340040.35,Medium
R03713,B0758,"Need 4283 ball valves for automotive, Carbon Steel SS316, 3 inch. Delivery required in Nagpur within 43 days. Please share quotation.",Ball Valves,Carbon Steel,SS316,3 inch,4283,units,Nagpur,43,Automotive,Flexible,0.11,693659.72,Medium
R03714,B0612,"Please quote for 2922 gearboxes, Steel, Helical, 10 HP. Location: Ahmedabad. Required by 42 days.",Gearboxes,Steel,Helical,10 HP,2922,units,Ahmedabad,42,Automotive,Flexible,0.46,371577.52,Low
R03715,B0301,"Need 9982 sheet metal parts for general manufacturing, Stainless Steel SS304, 2 mm. Delivery required in Chennai within 20 days. Please share quotation.",Sheet Metal Parts,Stainless Steel,SS304,2 mm,9982,units,Chennai,20,General manufacturing,Normal,0.93,4467915.98,High
R03716,B1333,"Looking for 9619 units of Mild Steel sheet metal parts (MS), size 10 mm, for our oem project plant in Nashik. Need delivery in 33 days.",Sheet Metal Parts,Mild Steel,MS,10 mm,9619,units,Nashik,33,OEM project,Flexible,0.95,3612176.94,Medium
R03717,B1051,"Please quote for 8205 gearboxes, Steel, Helical, 10 HP. Location: Delhi. Required by 22 days.",Gearboxes,Steel,Helical,10 HP,8205,units,Delhi,22,Construction,Normal,0.46,4025779.64,Medium
R03718,B0596,"Looking for 6013 units of Stainless Steel ball valves (SS304), size 1 inch, for our industrial plant plant in Ahmedabad. Need delivery in 42 days.",Ball Valves,Stainless Steel,SS304,1 inch,6013,units,Ahmedabad,42,Industrial plant,Flexible,1.0,1297175.59,Medium
R03719,B1355,"Please quote for 1829 ball valves, Stainless Steel, SS304, 3 inch. Location: Bengaluru. Required by 27 days.",Ball Valves,Stainless Steel,SS304,3 inch,1829,units,Bengaluru,27,Automotive,Flexible,0.15,243390.63,Low
R03720,B1083,"Need 8497 industrial pumps for general manufacturing, Cast Iron SS316, 5 HP. Delivery required in Ahmedabad within 27 days. Please share quotation.",Industrial Pumps,Cast Iron,SS316,5 HP,8497,units,Ahmedabad,27,General manufacturing,Flexible,0.76,3486835.44,High
R03721,B0167,"Looking for 9931 units of Carbon Steel ball valves (CS), size 3 inch, for our general manufacturing plant in Chennai. Need delivery in 9 days.",Ball Valves,Carbon Steel,CS,3 inch,9931,units,Chennai,9,General manufacturing,Urgent,0.93,1409747.72,High
R03722,B0419,"Looking for 1756 units of Mild Steel steel brackets (MS), size 8 mm, for our industrial plant plant in Mumbai. Need delivery in 25 days.",Steel Brackets,Mild Steel,MS,8 mm,1756,units,Mumbai,25,Industrial plant,Normal,0.08,652858.27,Medium
R03723,B0196,"Please quote for 948 conveyor belts, Rubber, Grade A, 800 mm. Location: Hyderabad. Required by 18 days.",Conveyor Belts,Rubber,Grade A,800 mm,948,units,Hyderabad,18,Industrial plant,Normal,0.84,249393.55,Low
R03724,B1443,"Looking for 3495 units of Mild Steel sheet metal parts (MS), size 2 mm, for our industrial plant plant in Pune. Need delivery in 33 days.",Sheet Metal Parts,Mild Steel,MS,2 mm,3495,units,Pune,33,Industrial plant,Flexible,0.46,1369299.51,Medium
R03725,B0132,"Looking for 9751 units of Carbon Steel ball valves (CS), size 2 inch, for our automotive plant in Chennai. Need delivery in 36 days.",Ball Valves,Carbon Steel,CS,2 inch,9751,units,Chennai,36,Automotive,Flexible,0.8,3741384.68,Medium
R03726,B0283,"Looking for 8097 units of Mild Steel steel brackets (MS), size 8 mm, for our general manufacturing plant in Pune. Need delivery in 6 days.",Steel Brackets,Mild Steel,MS,8 mm,8097,units,Pune,6,General manufacturing,Urgent,0.07,593313.76,High
R03727,B0879,"Looking for 10195 units of Stainless Steel steel brackets (MS), size 3 mm, for our automotive plant in Chennai. Need delivery in 44 days.",Steel Brackets,Stainless Steel,MS,3 mm,10195,units,Chennai,44,Automotive,Flexible,0.2,1275409.56,Medium
R03728,B0664,"Looking for 7086 units of Aluminium electric motors (IE3), size 5 HP, for our general manufacturing plant in Chennai. Need delivery in 36 days.",Electric Motors,Aluminium,IE3,5 HP,7086,units,Chennai,36,General manufacturing,Flexible,0.54,1093210.58,Medium
R03729,B0546,"Please quote for 1754 ball valves, Stainless Steel, SS304, 2 inch. Location: Nashik. Required by 27 days.",Ball Valves,Stainless Steel,SS304,2 inch,1754,units,Nashik,27,OEM project,Flexible,0.68,124651.27,Low
R03730,B1009,"Please quote for 11333 sheet metal parts, Stainless Steel, MS, 10 mm. Location: Bengaluru. Required by 36 days.",Sheet Metal Parts,Stainless Steel,MS,10 mm,11333,units,Bengaluru,36,OEM project,Flexible,0.8,5502891.39,Medium
R03731,B1028,"Looking for 11785 units of Mild Steel steel brackets (SS304), size 3 mm, for our automotive plant in Nagpur. Need delivery in 39 days.",Steel Brackets,Mild Steel,SS304,3 mm,11785,units,Nagpur,39,Automotive,Flexible,0.91,1445839.11,Medium
R03732,B1081,"Please quote for 1128 electric motors, Aluminium, IE2, 10 HP. Location: Mumbai. Required by 11 days.",Electric Motors,Aluminium,IE2,10 HP,1128,units,Mumbai,11,General manufacturing,Normal,0.15,414475.74,Low
R03733,B1284,"Please quote for 5777 sheet metal parts, Stainless Steel, SS304, 10 mm. Location: Delhi. Required by 41 days.",Sheet Metal Parts,Stainless Steel,SS304,10 mm,5777,units,Delhi,41,OEM project,Flexible,0.47,1301993.29,Medium
R03734,B0697,"Please quote for 7157 steel brackets, Mild Steel, MS, 3 mm. Location: Hyderabad. Required by 31 days.",Steel Brackets,Mild Steel,MS,3 mm,7157,units,Hyderabad,31,General manufacturing,Flexible,0.14,2960459.17,Medium
R03735,B1462,"Please quote for 7519 electric motors, Aluminium, IE3, 5 HP. Location: Mumbai. Required by 28 days.",Electric Motors,Aluminium,IE3,5 HP,7519,units,Mumbai,28,Industrial plant,Flexible,0.31,1885741.19,Medium
R03736,B1484,"Need 4131 gearboxes for automotive, Cast Iron Worm, 5 HP. Delivery required in Mumbai within 17 days. Please share quotation.",Gearboxes,Cast Iron,Worm,5 HP,4131,units,Mumbai,17,Automotive,Normal,0.61,1626248.61,Medium
R03737,B1066,"Need 1947 sheet metal parts for general manufacturing, Mild Steel SS304, 5 mm. Delivery required in Delhi within 25 days. Please share quotation.",Sheet Metal Parts,Mild Steel,SS304,5 mm,1947,units,Delhi,25,General manufacturing,Normal,0.4,282386.53,Low
R03738,B0302,"Looking for 5569 units of Stainless Steel ball valves (SS316), size 3 inch, for our automotive plant in Nagpur. Need delivery in 26 days.",Ball Valves,Stainless Steel,SS316,3 inch,5569,units,Nagpur,26,Automotive,Flexible,0.17,1934917.59,Medium
R03739,B1148,"Looking for 5514 units of PU conveyor belts (Food Grade), size 500 mm, for our industrial plant plant in Ahmedabad. Need delivery in 16 days.",Conveyor Belts,PU,Food Grade,500 mm,5514,units,Ahmedabad,16,Industrial plant,Normal,0.9,529390.46,High
R03740,B1076,"Looking for 11296 units of Mild Steel steel brackets (SS304), size 5 mm, for our general manufacturing plant in Kolkata. Need delivery in 16 days.",Steel Brackets,Mild Steel,SS304,5 mm,11296,units,Kolkata,16,General manufacturing,Normal,0.85,4112703.59,High
R03741,B0626,"Need 7737 industrial pumps for construction, Stainless Steel SS304, 5 HP. Delivery required in Mumbai within 5 days. Please share quotation.",Industrial Pumps,Stainless Steel,SS304,5 HP,7737,units,Mumbai,5,Construction,Urgent,0.37,1826606.54,High
R03742,B1344,"Please quote for 2168 gearboxes, Steel, Worm, 10 HP. Location: Ahmedabad. Required by 4 days.",Gearboxes,Steel,Worm,10 HP,2168,units,Ahmedabad,4,OEM project,Urgent,0.37,829906.35,High
R03743,B0623,"Please quote for 6815 industrial pumps, Cast Iron, SS316, 10 HP. Location: Ahmedabad. Required by 22 days.",Industrial Pumps,Cast Iron,SS316,10 HP,6815,units,Ahmedabad,22,OEM project,Normal,0.8,733849.76,High
R03744,B0153,"Please quote for 11748 gearboxes, Steel, Helical, 5 HP. Location: Pune. Required by 21 days.",Gearboxes,Steel,Helical,5 HP,11748,units,Pune,21,Industrial plant,Normal,0.94,3566569.84,High
R03745,B1222,"Please quote for 2921 gearboxes, Cast Iron, Helical, 10 HP. Location: Nashik. Required by 12 days.",Gearboxes,Cast Iron,Helical,10 HP,2921,units,Nashik,12,General manufacturing,Normal,0.16,650076.08,Medium
R03746,B0087,"Please quote for 4575 gearboxes, Cast Iron, Worm, 2 HP. Location: Mumbai. Required by 32 days.",Gearboxes,Cast Iron,Worm,2 HP,4575,units,Mumbai,32,OEM project,Flexible,0.61,1578909.07,Medium
R03747,B1194,"Need 4915 gearboxes for industrial plant, Steel Worm, 2 HP. Delivery required in Hyderabad within 42 days. Please share quotation.",Gearboxes,Steel,Worm,2 HP,4915,units,Hyderabad,42,Industrial plant,Flexible,0.82,1730886.81,Medium
R03748,B0547,"Looking for 4529 units of Steel gearboxes (Worm), size 5 HP, for our industrial plant plant in Mumbai. Need delivery in 13 days.",Gearboxes,Steel,Worm,5 HP,4529,units,Mumbai,13,Industrial plant,Normal,0.93,1565138.83,High
R03749,B0288,"Please quote for 10823 ball valves, Carbon Steel, CS, 2 inch. Location: Mumbai. Required by 17 days.",Ball Valves,Carbon Steel,CS,2 inch,10823,units,Mumbai,17,OEM project,Normal,0.73,4974901.92,High
R03750,B1489,"Need 7910 conveyor belts for industrial plant, PU Food Grade, 1000 mm. Delivery required in Mumbai within 21 days. Please share quotation.",Conveyor Belts,PU,Food Grade,1000 mm,7910,units,Mumbai,21,Industrial plant,Normal,0.93,2419524.27,High
R03751,B0869,"Looking for 9569 units of Stainless Steel ball valves (SS316), size 3 inch, for our construction plant in Bengaluru. Need delivery in 17 days.",Ball Valves,Stainless Steel,SS316,3 inch,9569,units,Bengaluru,17,Construction,Normal,0.4,739247.89,Medium
R03752,B1123,"Looking for 5369 units of Stainless Steel steel brackets (MS), size 8 mm, for our automotive plant in Hyderabad. Need delivery in 29 days.",Steel Brackets,Stainless Steel,MS,8 mm,5369,units,Hyderabad,29,Automotive,Flexible,0.8,499762.02,Medium
R03753,B0687,"Looking for 1969 units of Stainless Steel ball valves (SS304), size 3 inch, for our automotive plant in Nashik. Need delivery in 4 days.",Ball Valves,Stainless Steel,SS304,3 inch,1969,units,Nashik,4,Automotive,Urgent,0.87,124387.19,Medium
R03754,B1068,"Please quote for 7327 electric motors, Aluminium, IE3, 25 HP. Location: Mumbai. Required by 44 days.",Electric Motors,Aluminium,IE3,25 HP,7327,units,Mumbai,44,Construction,Flexible,0.47,626235.81,Medium
R03755,B1028,"Looking for 434 units of Cast Iron electric motors (IE2), size 25 HP, for our construction plant in Ahmedabad. Need delivery in 42 days.",Electric Motors,Cast Iron,IE2,25 HP,434,units,Ahmedabad,42,Construction,Flexible,0.83,31445.01,Low
R03756,B1093,"Looking for 7986 units of Steel gearboxes (Helical), size 2 HP, for our automotive plant in Nashik. Need delivery in 38 days.",Gearboxes,Steel,Helical,2 HP,7986,units,Nashik,38,Automotive,Flexible,0.95,1164547.21,Medium
R03757,B1297,"Please quote for 9986 gearboxes, Steel, Helical, 2 HP. Location: Bengaluru. Required by 26 days.",Gearboxes,Steel,Helical,2 HP,9986,units,Bengaluru,26,Construction,Flexible,0.45,2901294.65,Medium
R03758,B0300,"Please quote for 643 steel brackets, Mild Steel, MS, 5 mm. Location: Pune. Required by 25 days.",Steel Brackets,Mild Steel,MS,5 mm,643,units,Pune,25,General manufacturing,Normal,0.64,308655.66,Low
R03759,B1306,"Looking for 11702 units of Stainless Steel ball valves (SS316), size 1 inch, for our industrial plant plant in Nagpur. Need delivery in 29 days.",Ball Valves,Stainless Steel,SS316,1 inch,11702,units,Nagpur,29,Industrial plant,Flexible,0.09,4323228.76,Medium
R03760,B0308,"Need 158 gearboxes for general manufacturing, Cast Iron Worm, 2 HP. Delivery required in Pune within 16 days. Please share quotation.",Gearboxes,Cast Iron,Worm,2 HP,158,units,Pune,16,General manufacturing,Normal,0.62,14408.72,Low
R03761,B0790,"Need 11756 gearboxes for construction, Cast Iron Helical, 10 HP. Delivery required in Chennai within 32 days. Please share quotation.",Gearboxes,Cast Iron,Helical,10 HP,11756,units,Chennai,32,Construction,Flexible,0.99,5272326.36,Medium
R03762,B1269,"Please quote for 5077 conveyor belts, PU, Food Grade, 800 mm. Location: Hyderabad. Required by 42 days.",Conveyor Belts,PU,Food Grade,800 mm,5077,units,Hyderabad,42,Automotive,Flexible,0.87,2039638.66,Medium
R03763,B0037,"Need 11921 industrial pumps for oem project, Cast Iron SS304, 20 HP. Delivery required in Kolkata within 4 days. Please share quotation.",Industrial Pumps,Cast Iron,SS304,20 HP,11921,units,Kolkata,4,OEM project,Urgent,0.82,2288430.55,High
R03764,B0069,"Need 11397 gearboxes for automotive, Steel Helical, 10 HP. Delivery required in Bengaluru within 9 days. Please share quotation.",Gearboxes,Steel,Helical,10 HP,11397,units,Bengaluru,9,Automotive,Urgent,0.23,3013460.52,High
R03765,B1499,"Need 7891 steel brackets for oem project, Mild Steel MS, 5 mm. Delivery required in Hyderabad within 45 days. Please share quotation.",Steel Brackets,Mild Steel,MS,5 mm,7891,units,Hyderabad,45,OEM project,Flexible,0.42,3403455.46,Medium
R03766,B0889,"Looking for 895 units of Aluminium electric motors (IE2), size 25 HP, for our automotive plant in Nagpur. Need delivery in 45 days.",Electric Motors,Aluminium,IE2,25 HP,895,units,Nagpur,45,Automotive,Flexible,0.17,281705.16,Low
R03767,B0158,"Please quote for 5611 electric motors, Cast Iron, IE3, 5 HP. Location: Chennai. Required by 5 days.",Electric Motors,Cast Iron,IE3,5 HP,5611,units,Chennai,5,Industrial plant,Urgent,0.05,362065.53,High
R03768,B1214,"Looking for 688 units of PU conveyor belts (Food Grade), size 1000 mm, for our industrial plant plant in Bengaluru. Need delivery in 37 days.",Conveyor Belts,PU,Food Grade,1000 mm,688,units,Bengaluru,37,Industrial plant,Flexible,0.24,115493.42,Low
R03769,B1411,"Need 984 sheet metal parts for general manufacturing, Stainless Steel SS304, 5 mm. Delivery required in Hyderabad within 16 days. Please share quotation.",Sheet Metal Parts,Stainless Steel,SS304,5 mm,984,units,Hyderabad,16,General manufacturing,Normal,0.51,314185.76,Low
R03770,B0725,"Need 11066 conveyor belts for construction, PU Grade A, 800 mm. Delivery required in Mumbai within 7 days. Please share quotation.",Conveyor Belts,PU,Grade A,800 mm,11066,units,Mumbai,7,Construction,Urgent,0.43,3673146.74,High
R03771,B1143,"Need 5676 electric motors for general manufacturing, Aluminium IE2, 5 HP. Delivery required in Ahmedabad within 6 days. Please share quotation.",Electric Motors,Aluminium,IE2,5 HP,5676,units,Ahmedabad,6,General manufacturing,Urgent,0.46,497198.57,High
R03772,B0149,"Need 4078 hydraulic cylinders for oem project, Stainless Steel MS, 150 mm. Delivery required in Pune within 6 days. Please share quotation.",Hydraulic Cylinders,Stainless Steel,MS,150 mm,4078,units,Pune,6,OEM project,Urgent,0.47,626693.85,High
R03773,B0136,"Need 3165 ball valves for industrial plant, Carbon Steel SS316, 3 inch. Delivery required in Hyderabad within 34 days. Please share quotation.",Ball Valves,Carbon Steel,SS316,3 inch,3165,units,Hyderabad,34,Industrial plant,Flexible,0.34,301441.71,Low
R03774,B1270,"Looking for 9875 units of Stainless Steel ball valves (SS316), size 3 inch, for our automotive plant in Delhi. Need delivery in 29 days.",Ball Valves,Stainless Steel,SS316,3 inch,9875,units,Delhi,29,Automotive,Flexible,0.36,4299549.96,Medium
R03775,B1219,"Looking for 10343 units of Rubber conveyor belts (Grade A), size 500 mm, for our general manufacturing plant in Nagpur. Need delivery in 37 days.",Conveyor Belts,Rubber,Grade A,500 mm,10343,units,Nagpur,37,General manufacturing,Flexible,0.1,1172441.87,Medium
R03776,B0520,"Need 6226 conveyor belts for construction, Rubber Food Grade, 800 mm. Delivery required in Chennai within 22 days. Please share quotation.",Conveyor Belts,Rubber,Food Grade,800 mm,6226,units,Chennai,22,Construction,Normal,0.14,1939881.18,Medium
R03777,B0272,"Please quote for 7141 gearboxes, Cast Iron, Worm, 2 HP. Location: Pune. Required by 15 days.",Gearboxes,Cast Iron,Worm,2 HP,7141,units,Pune,15,Automotive,Normal,0.19,1170804.95,High
R03778,B0318,"Looking for 949 units of Carbon Steel ball valves (SS316), size 2 inch, for our general manufacturing plant in Delhi. Need delivery in 11 days.",Ball Valves,Carbon Steel,SS316,2 inch,949,units,Delhi,11,General manufacturing,Normal,0.37,133403.73,Low
R03779,B1061,"Looking for 10238 units of Stainless Steel steel brackets (MS), size 3 mm, for our automotive plant in Nashik. Need delivery in 43 days.",Steel Brackets,Stainless Steel,MS,3 mm,10238,units,Nashik,43,Automotive,Flexible,0.16,1647558.04,Medium
R03780,B1286,"Looking for 8279 units of Mild Steel sheet metal parts (MS), size 10 mm, for our industrial plant plant in Ahmedabad. Need delivery in 23 days.",Sheet Metal Parts,Mild Steel,MS,10 mm,8279,units,Ahmedabad,23,Industrial plant,Normal,0.43,3103906.04,Medium
R03781,B0086,"Need 11294 industrial pumps for oem project, Cast Iron CI, 5 HP. Delivery required in Pune within 40 days. Please share quotation.",Industrial Pumps,Cast Iron,CI,5 HP,11294,units,Pune,40,OEM project,Flexible,0.47,4205744.33,Medium
R03782,B0651,"Looking for 8755 units of Carbon Steel ball valves (CS), size 1 inch, for our general manufacturing plant in Ahmedabad. Need delivery in 44 days.",Ball Valves,Carbon Steel,CS,1 inch,8755,units,Ahmedabad,44,General manufacturing,Flexible,0.69,436020.33,Medium
R03783,B0632,"Please quote for 2696 conveyor belts, Rubber, Grade A, 500 mm. Location: Hyderabad. Required by 22 days.",Conveyor Belts,Rubber,Grade A,500 mm,2696,units,Hyderabad,22,OEM project,Normal,0.63,438350.77,Low
R03784,B1455,"Need 9490 hydraulic cylinders for general manufacturing, Steel MS, 150 mm. Delivery required in Delhi within 22 days. Please share quotation.",Hydraulic Cylinders,Steel,MS,150 mm,9490,units,Delhi,22,General manufacturing,Normal,0.15,1650331.06,Medium
R03785,B0524,"Need 10597 hydraulic cylinders for industrial plant, Steel SS304, 100 mm. Delivery required in Ahmedabad within 14 days. Please share quotation.",Hydraulic Cylinders,Steel,SS304,100 mm,10597,units,Ahmedabad,14,Industrial plant,Normal,0.76,1676255.14,High
R03786,B0728,"Looking for 11915 units of Carbon Steel ball valves (SS316), size 2 inch, for our general manufacturing plant in Hyderabad. Need delivery in 11 days.",Ball Valves,Carbon Steel,SS316,2 inch,11915,units,Hyderabad,11,General manufacturing,Normal,0.54,2315841.38,High
R03787,B1137,"Looking for 4407 units of Steel hydraulic cylinders (MS), size 50 mm, for our construction plant in Chennai. Need delivery in 32 days.",Hydraulic Cylinders,Steel,MS,50 mm,4407,units,Chennai,32,Construction,Flexible,0.21,1919815.32,Medium
R03788,B0875,"Need 915 ball valves for industrial plant, Stainless Steel SS304, 1 inch. Delivery required in Kolkata within 16 days. Please share quotation.",Ball Valves,Stainless Steel,SS304,1 inch,915,units,Kolkata,16,Industrial plant,Normal,0.89,64280.07,Low
R03789,B1357,"Please quote for 1518 sheet metal parts, Stainless Steel, MS, 5 mm. Location: Nagpur. Required by 32 days.",Sheet Metal Parts,Stainless Steel,MS,5 mm,1518,units,Nagpur,32,Industrial plant,Flexible,0.52,608550.78,Low
R03790,B1251,"Please quote for 7180 conveyor belts, Rubber, Grade A, 500 mm. Location: Bengaluru. Required by 12 days.",Conveyor Belts,Rubber,Grade A,500 mm,7180,units,Bengaluru,12,OEM project,Normal,0.55,1120422.32,High
R03791,B0109,"Need 4210 sheet metal parts for automotive, Mild Steel MS, 5 mm. Delivery required in Kolkata within 21 days. Please share quotation.",Sheet Metal Parts,Mild Steel,MS,5 mm,4210,units,Kolkata,21,Automotive,Normal,0.54,1208021.09,Medium
R03792,B0495,"Need 8524 gearboxes for industrial plant, Steel Worm, 5 HP. Delivery required in Mumbai within 23 days. Please share quotation.",Gearboxes,Steel,Worm,5 HP,8524,units,Mumbai,23,Industrial plant,Normal,0.94,767853.52,High
R03793,B1154,"Need 9408 conveyor belts for oem project, PU Food Grade, 800 mm. Delivery required in Bengaluru within 20 days. Please share quotation.",Conveyor Belts,PU,Food Grade,800 mm,9408,units,Bengaluru,20,OEM project,Normal,0.02,4396515.98,Medium
R03794,B0117,"Looking for 3499 units of Cast Iron electric motors (IE2), size 10 HP, for our general manufacturing plant in Nashik. Need delivery in 26 days.",Electric Motors,Cast Iron,IE2,10 HP,3499,units,Nashik,26,General manufacturing,Flexible,0.9,1110204.81,Medium
R03795,B0274,"Looking for 3074 units of Mild Steel steel brackets (SS304), size 5 mm, for our automotive plant in Delhi. Need delivery in 11 days.",Steel Brackets,Mild Steel,SS304,5 mm,3074,units,Delhi,11,Automotive,Normal,0.79,728577.52,High
R03796,B0267,"Need 630 sheet metal parts for construction, Mild Steel MS, 2 mm. Delivery required in Pune within 38 days. Please share quotation.",Sheet Metal Parts,Mild Steel,MS,2 mm,630,units,Pune,38,Construction,Flexible,0.48,167364.13,Low
R03797,B0109,"Looking for 8129 units of Cast Iron electric motors (IE2), size 5 HP, for our oem project plant in Kolkata. Need delivery in 24 days.",Electric Motors,Cast Iron,IE2,5 HP,8129,units,Kolkata,24,OEM project,Normal,0.23,963439.39,Medium
R03798,B0974,"Need 7484 gearboxes for general manufacturing, Steel Worm, 5 HP. Delivery required in Pune within 15 days. Please share quotation.",Gearboxes,Steel,Worm,5 HP,7484,units,Pune,15,General manufacturing,Normal,0.56,3084381.6,High
R03799,B0382,"Need 2027 industrial pumps for oem project, Stainless Steel SS316, 10 HP. Delivery required in Nagpur within 39 days. Please share quotation.",Industrial Pumps,Stainless Steel,SS316,10 HP,2027,units,Nagpur,39,OEM project,Flexible,0.99,72669.77,Low
R03800,B0100,"Looking for 10503 units of Mild Steel sheet metal parts (MS), size 2 mm, for our oem project plant in Nagpur. Need delivery in 20 days.",Sheet Metal Parts,Mild Steel,MS,2 mm,10503,units,Nagpur,20,OEM project,Normal,0.15,1319999.86,Medium
R03801,B0601,"Looking for 5138 units of Mild Steel steel brackets (SS304), size 5 mm, for our construction plant in Ahmedabad. Need delivery in 7 days.",Steel Brackets,Mild Steel,SS304,5 mm,5138,units,Ahmedabad,7,Construction,Urgent,0.57,2402360.71,High
R03802,B0127,"Please quote for 8464 electric motors, Aluminium, IE2, 10 HP. Location: Pune. Required by 37 days.",Electric Motors,Aluminium,IE2,10 HP,8464,units,Pune,37,OEM project,Flexible,0.76,3028193.68,Medium
R03803,B0727,"Need 6409 steel brackets for oem project, Stainless Steel MS, 8 mm. Delivery required in Ahmedabad within 21 days. Please share quotation.",Steel Brackets,Stainless Steel,MS,8 mm,6409,units,Ahmedabad,21,OEM project,Normal,0.81,3053413.73,High
R03804,B1411,"Looking for 5288 units of Rubber conveyor belts (Grade A), size 800 mm, for our automotive plant in Nashik. Need delivery in 23 days.",Conveyor Belts,Rubber,Grade A,800 mm,5288,units,Nashik,23,Automotive,Normal,0.92,1486801.38,High
R03805,B0233,"Please quote for 2878 sheet metal parts, Stainless Steel, MS, 10 mm. Location: Chennai. Required by 36 days.",Sheet Metal Parts,Stainless Steel,MS,10 mm,2878,units,Chennai,36,General manufacturing,Flexible,0.34,241629.5,Low
R03806,B0556,"Need 3249 conveyor belts for oem project, PU Grade A, 500 mm. Delivery required in Nagpur within 11 days. Please share quotation.",Conveyor Belts,PU,Grade A,500 mm,3249,units,Nagpur,11,OEM project,Normal,0.96,790821.36,High
R03807,B0234,"Looking for 11241 units of Cast Iron gearboxes (Worm), size 10 HP, for our oem project plant in Nagpur. Need delivery in 36 days.",Gearboxes,Cast Iron,Worm,10 HP,11241,units,Nagpur,36,OEM project,Flexible,0.73,3926371.54,Medium
R03808,B1382,"Please quote for 11286 hydraulic cylinders, Steel, SS304, 50 mm. Location: Nagpur. Required by 21 days.",Hydraulic Cylinders,Steel,SS304,50 mm,11286,units,Nagpur,21,General manufacturing,Normal,0.39,3026819.46,Medium
R03809,B0518,"Looking for 9611 units of Steel hydraulic cylinders (MS), size 50 mm, for our industrial plant plant in Mumbai. Need delivery in 20 days.",Hydraulic Cylinders,Steel,MS,50 mm,9611,units,Mumbai,20,Industrial plant,Normal,0.8,264241.75,Medium
R03810,B1232,"Looking for 6390 units of Cast Iron gearboxes (Worm), size 5 HP, for our general manufacturing plant in Mumbai. Need delivery in 6 days.",Gearboxes,Cast Iron,Worm,5 HP,6390,units,Mumbai,6,General manufacturing,Urgent,0.62,1529186.86,High
R03811,B0989,"Need 8414 sheet metal parts for oem project, Stainless Steel SS304, 5 mm. Delivery required in Nagpur within 38 days. Please share quotation.",Sheet Metal Parts,Stainless Steel,SS304,5 mm,8414,units,Nagpur,38,OEM project,Flexible,0.29,3065735.21,Medium
R03812,B0485,"Need 8568 ball valves for industrial plant, Carbon Steel CS, 1 inch. Delivery required in Bengaluru within 29 days. Please share quotation.",Ball Valves,Carbon Steel,CS,1 inch,8568,units,Bengaluru,29,Industrial plant,Flexible,0.4,3869193.33,Medium
R03813,B1486,"Please quote for 7430 steel brackets, Stainless Steel, SS304, 3 mm. Location: Nashik. Required by 22 days.",Steel Brackets,Stainless Steel,SS304,3 mm,7430,units,Nashik,22,General manufacturing,Normal,0.98,1055007.0,High
R03814,B0347,"Please quote for 4894 ball valves, Stainless Steel, SS304, 2 inch. Location: Bengaluru. Required by 26 days.",Ball Valves,Stainless Steel,SS304,2 inch,4894,units,Bengaluru,26,Industrial plant,Flexible,0.02,921736.52,Medium
R03815,B0111,"Looking for 3238 units of Stainless Steel hydraulic cylinders (MS), size 150 mm, for our industrial plant plant in Nagpur. Need delivery in 11 days.",Hydraulic Cylinders,Stainless Steel,MS,150 mm,3238,units,Nagpur,11,Industrial plant,Normal,0.5,1570085.73,Medium
R03816,B0723,"Please quote for 6728 conveyor belts, PU, Grade A, 1000 mm. Location: Ahmedabad. Required by 12 days.",Conveyor Belts,PU,Grade A,1000 mm,6728,units,Ahmedabad,12,OEM project,Normal,0.81,2171494.03,High
R03817,B1381,"Looking for 1943 units of Stainless Steel ball valves (SS304), size 1 inch, for our industrial plant plant in Hyderabad. Need delivery in 4 days.",Ball Valves,Stainless Steel,SS304,1 inch,1943,units,Hyderabad,4,Industrial plant,Urgent,0.4,672048.16,High
R03818,B0114,"Need 2806 ball valves for industrial plant, Stainless Steel SS316, 1 inch. Delivery required in Mumbai within 25 days. Please share quotation.",Ball Valves,Stainless Steel,SS316,1 inch,2806,units,Mumbai,25,Industrial plant,Normal,0.46,1144693.43,Medium
R03819,B0526,"Need 8963 gearboxes for oem project, Cast Iron Worm, 5 HP. Delivery required in Mumbai within 13 days. Please share quotation.",Gearboxes,Cast Iron,Worm,5 HP,8963,units,Mumbai,13,OEM project,Normal,0.66,4212095.22,High
R03820,B0851,"Looking for 8201 units of Rubber conveyor belts (Food Grade), size 1000 mm, for our general manufacturing plant in Kolkata. Need delivery in 10 days.",Conveyor Belts,Rubber,Food Grade,1000 mm,8201,units,Kolkata,10,General manufacturing,Urgent,0.65,794333.75,High
R03821,B0285,"Need 6968 hydraulic cylinders for construction, Stainless Steel MS, 100 mm. Delivery required in Nashik within 7 days. Please share quotation.",Hydraulic Cylinders,Stainless Steel,MS,100 mm,6968,units,Nashik,7,Construction,Urgent,0.28,323380.31,High
R03822,B0692,"Please quote for 1990 ball valves, Stainless Steel, SS316, 3 inch. Location: Mumbai. Required by 19 days.",Ball Valves,Stainless Steel,SS316,3 inch,1990,units,Mumbai,19,Automotive,Normal,0.19,310235.17,Low
R03823,B0682,"Need 2102 industrial pumps for construction, Cast Iron SS304, 20 HP. Delivery required in Ahmedabad within 19 days. Please share quotation.",Industrial Pumps,Cast Iron,SS304,20 HP,2102,units,Ahmedabad,19,Construction,Normal,0.78,863626.14,Medium
R03824,B0500,"Please quote for 8401 industrial pumps, Stainless Steel, SS304, 20 HP. Location: Chennai. Required by 41 days.",Industrial Pumps,Stainless Steel,SS304,20 HP,8401,units,Chennai,41,OEM project,Flexible,0.38,1067331.81,Medium
R03825,B1017,"Need 9051 sheet metal parts for industrial plant, Stainless Steel MS, 10 mm. Delivery required in Nagpur within 26 days. Please share quotation.",Sheet Metal Parts,Stainless Steel,MS,10 mm,9051,units,Nagpur,26,Industrial plant,Flexible,0.12,3544418.89,Medium
R03826,B1035,"Looking for 6137 units of Steel hydraulic cylinders (MS), size 50 mm, for our industrial plant plant in Bengaluru. Need delivery in 25 days.",Hydraulic Cylinders,Steel,MS,50 mm,6137,units,Bengaluru,25,Industrial plant,Normal,0.12,127024.04,Medium
R03827,B0372,"Need 9125 industrial pumps for construction, Stainless Steel SS316, 5 HP. Delivery required in Kolkata within 4 days. Please share quotation.",Industrial Pumps,Stainless Steel,SS316,5 HP,9125,units,Kolkata,4,Construction,Urgent,0.66,3261163.23,High
R03828,B0799,"Looking for 11004 units of Cast Iron gearboxes (Helical), size 10 HP, for our automotive plant in Pune. Need delivery in 30 days.",Gearboxes,Cast Iron,Helical,10 HP,11004,units,Pune,30,Automotive,Flexible,0.27,4326821.3,Medium
R03829,B0441,"Please quote for 433 gearboxes, Steel, Worm, 10 HP. Location: Delhi. Required by 21 days.",Gearboxes,Steel,Worm,10 HP,433,units,Delhi,21,OEM project,Normal,0.84,158677.64,Low
R03830,B0907,"Need 5131 conveyor belts for oem project, PU Food Grade, 800 mm. Delivery required in Nagpur within 4 days. Please share quotation.",Conveyor Belts,PU,Food Grade,800 mm,5131,units,Nagpur,4,OEM project,Urgent,0.32,307969.23,High
R03831,B1300,"Need 3881 gearboxes for construction, Steel Worm, 5 HP. Delivery required in Nashik within 12 days. Please share quotation.",Gearboxes,Steel,Worm,5 HP,3881,units,Nashik,12,Construction,Normal,0.33,1586528.83,Medium
R03832,B0580,"Please quote for 10592 gearboxes, Cast Iron, Helical, 10 HP. Location: Nashik. Required by 27 days.",Gearboxes,Cast Iron,Helical,10 HP,10592,units,Nashik,27,Industrial plant,Flexible,0.14,1012464.24,Medium
R03833,B0911,"Need 1171 industrial pumps for oem project, Stainless Steel SS316, 5 HP. Delivery required in Chennai within 16 days. Please share quotation.",Industrial Pumps,Stainless Steel,SS316,5 HP,1171,units,Chennai,16,OEM project,Normal,0.74,368822.39,Low
R03834,B1244,"Please quote for 5627 steel brackets, Mild Steel, MS, 3 mm. Location: Nashik. Required by 24 days.",Steel Brackets,Mild Steel,MS,3 mm,5627,units,Nashik,24,OEM project,Normal,0.71,2787891.86,High
R03835,B1045,"Looking for 1709 units of Mild Steel sheet metal parts (MS), size 2 mm, for our general manufacturing plant in Hyderabad. Need delivery in 39 days.",Sheet Metal Parts,Mild Steel,MS,2 mm,1709,units,Hyderabad,39,General manufacturing,Flexible,0.64,476710.56,Low
R03836,B0918,"Please quote for 4756 electric motors, Aluminium, IE3, 5 HP. Location: Delhi. Required by 8 days.",Electric Motors,Aluminium,IE3,5 HP,4756,units,Delhi,8,OEM project,Urgent,0.21,904696.45,High
R03837,B0312,"Please quote for 11239 gearboxes, Steel, Worm, 5 HP. Location: Kolkata. Required by 41 days.",Gearboxes,Steel,Worm,5 HP,11239,units,Kolkata,41,General manufacturing,Flexible,0.13,4160192.09,Medium
R03838,B0480,"Looking for 7812 units of Mild Steel sheet metal parts (SS304), size 5 mm, for our industrial plant plant in Chennai. Need delivery in 44 days.",Sheet Metal Parts,Mild Steel,SS304,5 mm,7812,units,Chennai,44,Industrial plant,Flexible,0.78,1360449.42,Medium
R03839,B0163,"Need 5155 industrial pumps for industrial plant, Cast Iron SS316, 5 HP. Delivery required in Delhi within 37 days. Please share quotation.",Industrial Pumps,Cast Iron,SS316,5 HP,5155,units,Delhi,37,Industrial plant,Flexible,0.87,1221101.23,Medium
R03840,B0911,"Need 6085 electric motors for automotive, Cast Iron IE2, 5 HP. Delivery required in Delhi within 43 days. Please share quotation.",Electric Motors,Cast Iron,IE2,5 HP,6085,units,Delhi,43,Automotive,Flexible,0.9,2239450.4,Medium
R03841,B1161,"Please quote for 10597 gearboxes, Cast Iron, Helical, 5 HP. Location: Nashik. Required by 34 days.",Gearboxes,Cast Iron,Helical,5 HP,10597,units,Nashik,34,Industrial plant,Flexible,0.95,271700.92,Medium
R03842,B0891,"Please quote for 241 gearboxes, Steel, Worm, 5 HP. Location: Chennai. Required by 7 days.",Gearboxes,Steel,Worm,5 HP,241,units,Chennai,7,General manufacturing,Urgent,0.35,46074.09,Medium
R03843,B0733,"Looking for 7294 units of Stainless Steel hydraulic cylinders (SS304), size 100 mm, for our oem project plant in Hyderabad. Need delivery in 45 days.",Hydraulic Cylinders,Stainless Steel,SS304,100 mm,7294,units,Hyderabad,45,OEM project,Flexible,0.84,173024.55,Medium
R03844,B1088,"Looking for 10900 units of Stainless Steel hydraulic cylinders (MS), size 50 mm, for our general manufacturing plant in Ahmedabad. Need delivery in 4 days.",Hydraulic Cylinders,Stainless Steel,MS,50 mm,10900,units,Ahmedabad,4,General manufacturing,Urgent,0.16,3334052.8,High
R03845,B1144,"Looking for 5942 units of Mild Steel sheet metal parts (SS304), size 10 mm, for our industrial plant plant in Nagpur. Need delivery in 16 days.",Sheet Metal Parts,Mild Steel,SS304,10 mm,5942,units,Nagpur,16,Industrial plant,Normal,0.25,595787.31,Medium
R03846,B1412,"Need 9681 steel brackets for general manufacturing, Stainless Steel SS304, 8 mm. Delivery required in Pune within 9 days. Please share quotation.",Steel Brackets,Stainless Steel,SS304,8 mm,9681,units,Pune,9,General manufacturing,Urgent,0.55,4562951.31,High
R03847,B1145,"Looking for 3148 units of Rubber conveyor belts (Food Grade), size 800 mm, for our construction plant in Ahmedabad. Need delivery in 43 days.",Conveyor Belts,Rubber,Food Grade,800 mm,3148,units,Ahmedabad,43,Construction,Flexible,0.06,264897.03,Low
R03848,B0407,"Need 9074 conveyor belts for automotive, PU Grade A, 800 mm. Delivery required in Kolkata within 32 days. Please share quotation.",Conveyor Belts,PU,Grade A,800 mm,9074,units,Kolkata,32,Automotive,Flexible,0.55,584896.59,Medium
R03849,B0505,"Looking for 3167 units of Mild Steel sheet metal parts (MS), size 2 mm, for our oem project plant in Bengaluru. Need delivery in 9 days.",Sheet Metal Parts,Mild Steel,MS,2 mm,3167,units,Bengaluru,9,OEM project,Urgent,0.27,276797.67,Medium
R03850,B0121,"Looking for 3240 units of Steel hydraulic cylinders (MS), size 50 mm, for our oem project plant in Delhi. Need delivery in 31 days.",Hydraulic Cylinders,Steel,MS,50 mm,3240,units,Delhi,31,OEM project,Flexible,0.83,1224012.79,Medium
R03851,B0562,"Looking for 8498 units of Mild Steel steel brackets (SS304), size 5 mm, for our construction plant in Kolkata. Need delivery in 3 days.",Steel Brackets,Mild Steel,SS304,5 mm,8498,units,Kolkata,3,Construction,Urgent,0.3,1844549.1,High
R03852,B0602,"Need 629 steel brackets for general manufacturing, Mild Steel SS304, 3 mm. Delivery required in Hyderabad within 18 days. Please share quotation.",Steel Brackets,Mild Steel,SS304,3 mm,629,units,Hyderabad,18,General manufacturing,Normal,0.53,157157.87,Low
R03853,B0401,"Please quote for 10004 industrial pumps, Cast Iron, CI, 20 HP. Location: Mumbai. Required by 41 days.",Industrial Pumps,Cast Iron,CI,20 HP,10004,units,Mumbai,41,Industrial plant,Flexible,0.66,2226497.47,Medium
R03854,B0554,"Please quote for 7366 sheet metal parts, Mild Steel, MS, 5 mm. Location: Pune. Required by 10 days.",Sheet Metal Parts,Mild Steel,MS,5 mm,7366,units,Pune,10,Industrial plant,Urgent,0.11,3191371.26,High
R03855,B1033,"Need 7686 ball valves for general manufacturing, Carbon Steel CS, 3 inch. Delivery required in Pune within 24 days. Please share quotation.",Ball Valves,Carbon Steel,CS,3 inch,7686,units,Pune,24,General manufacturing,Normal,0.73,521517.65,High
R03856,B0305,"Need 2741 sheet metal parts for construction, Mild Steel MS, 5 mm. Delivery required in Nashik within 23 days. Please share quotation.",Sheet Metal Parts,Mild Steel,MS,5 mm,2741,units,Nashik,23,Construction,Normal,0.13,66996.24,Low
R03857,B1262,"Looking for 8345 units of Stainless Steel ball valves (CS), size 3 inch, for our automotive plant in Hyderabad. Need delivery in 42 days.",Ball Valves,Stainless Steel,CS,3 inch,8345,units,Hyderabad,42,Automotive,Flexible,0.08,2058602.53,Medium
R03858,B0428,"Please quote for 1473 hydraulic cylinders, Stainless Steel, MS, 100 mm. Location: Hyderabad. Required by 38 days.",Hydraulic Cylinders,Stainless Steel,MS,100 mm,1473,units,Hyderabad,38,Construction,Flexible,0.39,277164.76,Low
R03859,B1312,"Need 11976 ball valves for construction, Stainless Steel SS316, 1 inch. Delivery required in Ahmedabad within 3 days. Please share quotation.",Ball Valves,Stainless Steel,SS316,1 inch,11976,units,Ahmedabad,3,Construction,Urgent,0.04,1289739.84,High
R03860,B0055,"Looking for 10214 units of Stainless Steel ball valves (SS316), size 3 inch, for our construction plant in Nagpur. Need delivery in 17 days.",Ball Valves,Stainless Steel,SS316,3 inch,10214,units,Nagpur,17,Construction,Normal,0.96,3095727.89,High
R03861,B0161,"Looking for 10899 units of Mild Steel steel brackets (MS), size 5 mm, for our industrial plant plant in Bengaluru. Need delivery in 18 days.",Steel Brackets,Mild Steel,MS,5 mm,10899,units,Bengaluru,18,Industrial plant,Normal,0.87,3321874.63,High
R03862,B0848,"Need 5219 industrial pumps for general manufacturing, Stainless Steel SS316, 5 HP. Delivery required in Nashik within 11 days. Please share quotation.",Industrial Pumps,Stainless Steel,SS316,5 HP,5219,units,Nashik,11,General manufacturing,Normal,0.9,1934353.36,High
R03863,B1009,"Please quote for 6251 gearboxes, Cast Iron, Worm, 2 HP. Location: Kolkata. Required by 7 days.",Gearboxes,Cast Iron,Worm,2 HP,6251,units,Kolkata,7,Industrial plant,Urgent,0.09,1701851.6,High
R03864,B0147,"Need 5274 hydraulic cylinders for construction, Steel SS304, 150 mm. Delivery required in Pune within 15 days. Please share quotation.",Hydraulic Cylinders,Steel,SS304,150 mm,5274,units,Pune,15,Construction,Normal,0.93,891959.48,High
R03865,B1239,"Please quote for 6490 conveyor belts, PU, Food Grade, 1000 mm. Location: Mumbai. Required by 22 days.",Conveyor Belts,PU,Food Grade,1000 mm,6490,units,Mumbai,22,Construction,Normal,0.3,1902327.03,Medium
R03866,B0083,"Looking for 7970 units of Carbon Steel ball valves (SS304), size 1 inch, for our automotive plant in Nagpur. Need delivery in 8 days.",Ball Valves,Carbon Steel,SS304,1 inch,7970,units,Nagpur,8,Automotive,Urgent,0.37,1463898.04,High
R03867,B0104,"Looking for 130 units of Rubber conveyor belts (Grade A), size 1000 mm, for our oem project plant in Pune. Need delivery in 30 days.",Conveyor Belts,Rubber,Grade A,1000 mm,130,units,Pune,30,OEM project,Flexible,0.14,14375.07,Low
R03868,B0648,"Need 4583 industrial pumps for construction, Cast Iron SS304, 5 HP. Delivery required in Chennai within 3 days. Please share quotation.",Industrial Pumps,Cast Iron,SS304,5 HP,4583,units,Chennai,3,Construction,Urgent,0.99,1193935.84,High
R03869,B0650,"Please quote for 4864 conveyor belts, PU, Food Grade, 500 mm. Location: Bengaluru. Required by 4 days.",Conveyor Belts,PU,Food Grade,500 mm,4864,units,Bengaluru,4,OEM project,Urgent,0.69,148622.8,High
R03870,B0041,"Need 9350 sheet metal parts for general manufacturing, Stainless Steel MS, 2 mm. Delivery required in Delhi within 13 days. Please share quotation.",Sheet Metal Parts,Stainless Steel,MS,2 mm,9350,units,Delhi,13,General manufacturing,Normal,0.59,1173058.48,High
R03871,B0963,"Please quote for 10717 steel brackets, Stainless Steel, MS, 5 mm. Location: Bengaluru. Required by 36 days.",Steel Brackets,Stainless Steel,MS,5 mm,10717,units,Bengaluru,36,Industrial plant,Flexible,0.76,4927158.02,Medium
R03872,B0034,"Looking for 9503 units of Stainless Steel steel brackets (SS304), size 5 mm, for our oem project plant in Nagpur. Need delivery in 34 days.",Steel Brackets,Stainless Steel,SS304,5 mm,9503,units,Nagpur,34,OEM project,Flexible,0.27,1340682.82,Medium
R03873,B1321,"Need 5790 gearboxes for general manufacturing, Cast Iron Helical, 5 HP. Delivery required in Pune within 9 days. Please share quotation.",Gearboxes,Cast Iron,Helical,5 HP,5790,units,Pune,9,General manufacturing,Urgent,1.0,205791.08,High
R03874,B0360,"Need 7022 ball valves for automotive, Carbon Steel SS316, 1 inch. Delivery required in Hyderabad within 22 days. Please share quotation.",Ball Valves,Carbon Steel,SS316,1 inch,7022,units,Hyderabad,22,Automotive,Normal,0.02,162963.95,Medium
R03875,B0592,"Need 7566 industrial pumps for construction, Stainless Steel CI, 20 HP. Delivery required in Pune within 45 days. Please share quotation.",Industrial Pumps,Stainless Steel,CI,20 HP,7566,units,Pune,45,Construction,Flexible,0.56,1229184.18,Medium
R03876,B1338,"Looking for 2683 units of Steel hydraulic cylinders (MS), size 100 mm, for our industrial plant plant in Mumbai. Need delivery in 39 days.",Hydraulic Cylinders,Steel,MS,100 mm,2683,units,Mumbai,39,Industrial plant,Flexible,0.56,75612.59,Low
R03877,B0751,"Looking for 2588 units of Cast Iron gearboxes (Worm), size 5 HP, for our general manufacturing plant in Pune. Need delivery in 38 days.",Gearboxes,Cast Iron,Worm,5 HP,2588,units,Pune,38,General manufacturing,Flexible,0.23,260395.09,Low
R03878,B0970,"Looking for 8274 units of Aluminium electric motors (IE3), size 10 HP, for our construction plant in Nashik. Need delivery in 43 days.",Electric Motors,Aluminium,IE3,10 HP,8274,units,Nashik,43,Construction,Flexible,0.92,3209811.99,Medium
R03879,B0518,"Need 5816 steel brackets for oem project, Mild Steel MS, 5 mm. Delivery required in Bengaluru within 18 days. Please share quotation.",Steel Brackets,Mild Steel,MS,5 mm,5816,units,Bengaluru,18,OEM project,Normal,0.19,2055734.42,Medium
R03880,B0281,"Need 4137 industrial pumps for oem project, Cast Iron CI, 10 HP. Delivery required in Delhi within 11 days. Please share quotation.",Industrial Pumps,Cast Iron,CI,10 HP,4137,units,Delhi,11,OEM project,Normal,0.12,451624.58,Medium
R03881,B0122,"Please quote for 155 steel brackets, Stainless Steel, MS, 8 mm. Location: Delhi. Required by 12 days.",Steel Brackets,Stainless Steel,MS,8 mm,155,units,Delhi,12,Industrial plant,Normal,0.18,38358.88,Low
R03882,B0224,"Need 5789 gearboxes for general manufacturing, Cast Iron Helical, 10 HP. Delivery required in Nashik within 6 days. Please share quotation.",Gearboxes,Cast Iron,Helical,10 HP,5789,units,Nashik,6,General manufacturing,Urgent,0.81,1572514.92,High
R03883,B0992,"Looking for 10551 units of Steel gearboxes (Worm), size 10 HP, for our industrial plant plant in Chennai. Need delivery in 24 days.",Gearboxes,Steel,Worm,10 HP,10551,units,Chennai,24,Industrial plant,Normal,0.21,3576818.34,Medium
R03884,B1482,"Looking for 7265 units of Steel gearboxes (Helical), size 2 HP, for our general manufacturing plant in Kolkata. Need delivery in 24 days.",Gearboxes,Steel,Helical,2 HP,7265,units,Kolkata,24,General manufacturing,Normal,0.7,3426844.37,High
R03885,B0182,"Please quote for 4849 conveyor belts, PU, Grade A, 800 mm. Location: Nashik. Required by 16 days.",Conveyor Belts,PU,Grade A,800 mm,4849,units,Nashik,16,OEM project,Normal,0.99,1111341.27,Medium
R03886,B0050,"Looking for 5248 units of Stainless Steel industrial pumps (SS316), size 10 HP, for our general manufacturing plant in Bengaluru. Need delivery in 11 days.",Industrial Pumps,Stainless Steel,SS316,10 HP,5248,units,Bengaluru,11,General manufacturing,Normal,0.93,129558.37,Medium
R03887,B0258,"Looking for 3611 units of Stainless Steel industrial pumps (CI), size 5 HP, for our oem project plant in Hyderabad. Need delivery in 13 days.",Industrial Pumps,Stainless Steel,CI,5 HP,3611,units,Hyderabad,13,OEM project,Normal,0.47,1599341.43,Medium
R03888,B1192,"Need 3835 industrial pumps for industrial plant, Stainless Steel CI, 20 HP. Delivery required in Mumbai within 45 days. Please share quotation.",Industrial Pumps,Stainless Steel,CI,20 HP,3835,units,Mumbai,45,Industrial plant,Flexible,0.81,1284066.22,Medium
R03889,B0155,"Need 6957 gearboxes for oem project, Steel Worm, 2 HP. Delivery required in Kolkata within 36 days. Please share quotation.",Gearboxes,Steel,Worm,2 HP,6957,units,Kolkata,36,OEM project,Flexible,0.91,2145452.1,Medium
R03890,B0176,"Please quote for 6161 hydraulic cylinders, Stainless Steel, SS304, 50 mm. Location: Chennai. Required by 19 days.",Hydraulic Cylinders,Stainless Steel,SS304,50 mm,6161,units,Chennai,19,Construction,Normal,0.9,2772641.36,High
R03891,B0991,"Need 4785 ball valves for general manufacturing, Carbon Steel SS316, 2 inch. Delivery required in Nagpur within 4 days. Please share quotation.",Ball Valves,Carbon Steel,SS316,2 inch,4785,units,Nagpur,4,General manufacturing,Urgent,0.4,561664.51,High
R03892,B0251,"Please quote for 6594 conveyor belts, Rubber, Food Grade, 800 mm. Location: Nashik. Required by 6 days.",Conveyor Belts,Rubber,Food Grade,800 mm,6594,units,Nashik,6,General manufacturing,Urgent,0.72,2041560.79,High
R03893,B1392,"Please quote for 7153 hydraulic cylinders, Steel, MS, 150 mm. Location: Nashik. Required by 26 days.",Hydraulic Cylinders,Steel,MS,150 mm,7153,units,Nashik,26,Industrial plant,Flexible,0.49,1048976.35,Medium
R03894,B0791,"Please quote for 11957 steel brackets, Stainless Steel, MS, 3 mm. Location: Ahmedabad. Required by 40 days.",Steel Brackets,Stainless Steel,MS,3 mm,11957,units,Ahmedabad,40,Automotive,Flexible,0.78,1696713.25,Medium
R03895,B0691,"Please quote for 4927 gearboxes, Cast Iron, Worm, 5 HP. Location: Kolkata. Required by 16 days.",Gearboxes,Cast Iron,Worm,5 HP,4927,units,Kolkata,16,Automotive,Normal,0.87,2454623.57,Medium
R03896,B0828,"Please quote for 3713 gearboxes, Cast Iron, Helical, 10 HP. Location: Chennai. Required by 34 days.",Gearboxes,Cast Iron,Helical,10 HP,3713,units,Chennai,34,Industrial plant,Flexible,0.54,1420206.15,Medium
R03897,B0663,"Need 5565 industrial pumps for automotive, Cast Iron SS304, 10 HP. Delivery required in Chennai within 10 days. Please share quotation.",Industrial Pumps,Cast Iron,SS304,10 HP,5565,units,Chennai,10,Automotive,Urgent,0.17,2771682.0,High
R03898,B0914,"Looking for 3324 units of Cast Iron electric motors (IE2), size 5 HP, for our general manufacturing plant in Mumbai. Need delivery in 19 days.",Electric Motors,Cast Iron,IE2,5 HP,3324,units,Mumbai,19,General manufacturing,Normal,0.36,86756.32,Low
R03899,B0905,"Please quote for 5738 sheet metal parts, Stainless Steel, SS304, 5 mm. Location: Kolkata. Required by 8 days.",Sheet Metal Parts,Stainless Steel,SS304,5 mm,5738,units,Kolkata,8,Industrial plant,Urgent,0.38,1391469.16,High
R03900,B0373,"Need 11452 steel brackets for general manufacturing, Stainless Steel MS, 8 mm. Delivery required in Nagpur within 27 days. Please share quotation.",Steel Brackets,Stainless Steel,MS,8 mm,11452,units,Nagpur,27,General manufacturing,Flexible,0.84,2578930.99,High
R03901,B1317,"Please quote for 7915 hydraulic cylinders, Stainless Steel, SS304, 100 mm. Location: Ahmedabad. Required by 6 days.",Hydraulic Cylinders,Stainless Steel,SS304,100 mm,7915,units,Ahmedabad,6,Construction,Urgent,0.17,3153526.73,High
R03902,B0933,"Please quote for 10838 ball valves, Stainless Steel, SS304, 2 inch. Location: Bengaluru. Required by 30 days.",Ball Valves,Stainless Steel,SS304,2 inch,10838,units,Bengaluru,30,Construction,Flexible,0.56,4690663.81,Medium
R03903,B1139,"Need 11181 conveyor belts for construction, PU Grade A, 800 mm. Delivery required in Kolkata within 3 days. Please share quotation.",Conveyor Belts,PU,Grade A,800 mm,11181,units,Kolkata,3,Construction,Urgent,0.58,5060411.03,High
R03904,B0542,"Need 9201 industrial pumps for industrial plant, Stainless Steel CI, 10 HP. Delivery required in Hyderabad within 45 days. Please share quotation.",Industrial Pumps,Stainless Steel,CI,10 HP,9201,units,Hyderabad,45,Industrial plant,Flexible,0.23,4020325.42,Medium
R03905,B0152,"Please quote for 7404 industrial pumps, Stainless Steel, CI, 20 HP. Location: Kolkata. Required by 23 days.",Industrial Pumps,Stainless Steel,CI,20 HP,7404,units,Kolkata,23,Automotive,Normal,0.02,3350094.83,Medium
R03906,B0951,"Looking for 8941 units of Stainless Steel sheet metal parts (MS), size 5 mm, for our industrial plant plant in Bengaluru. Need delivery in 14 days.",Sheet Metal Parts,Stainless Steel,MS,5 mm,8941,units,Bengaluru,14,Industrial plant,Normal,0.12,4159138.78,High
R03907,B0128,"Looking for 10952 units of Stainless Steel hydraulic cylinders (SS304), size 150 mm, for our oem project plant in Chennai. Need delivery in 15 days.",Hydraulic Cylinders,Stainless Steel,SS304,150 mm,10952,units,Chennai,15,OEM project,Normal,0.85,613177.7,High
R03908,B0797,"Looking for 10945 units of Stainless Steel ball valves (SS316), size 1 inch, for our general manufacturing plant in Chennai. Need delivery in 30 days.",Ball Valves,Stainless Steel,SS316,1 inch,10945,units,Chennai,30,General manufacturing,Flexible,0.29,3444041.41,Medium
R03909,B0052,"Need 3739 conveyor belts for automotive, Rubber Grade A, 800 mm. Delivery required in Delhi within 10 days. Please share quotation.",Conveyor Belts,Rubber,Grade A,800 mm,3739,units,Delhi,10,Automotive,Urgent,0.09,860753.15,High
R03910,B0338,"Looking for 10591 units of Stainless Steel sheet metal parts (SS304), size 2 mm, for our industrial plant plant in Bengaluru. Need delivery in 18 days.",Sheet Metal Parts,Stainless Steel,SS304,2 mm,10591,units,Bengaluru,18,Industrial plant,Normal,0.79,1781641.85,High
R03911,B0148,"Need 7516 hydraulic cylinders for oem project, Stainless Steel MS, 50 mm. Delivery required in Nashik within 6 days. Please share quotation.",Hydraulic Cylinders,Stainless Steel,MS,50 mm,7516,units,Nashik,6,OEM project,Urgent,0.0,3405091.25,High
R03912,B0204,"Need 6577 sheet metal parts for automotive, Stainless Steel SS304, 5 mm. Delivery required in Chennai within 6 days. Please share quotation.",Sheet Metal Parts,Stainless Steel,SS304,5 mm,6577,units,Chennai,6,Automotive,Urgent,0.79,268327.4,High
R03913,B0410,"Need 4513 industrial pumps for general manufacturing, Cast Iron SS304, 5 HP. Delivery required in Mumbai within 10 days. Please share quotation.",Industrial Pumps,Cast Iron,SS304,5 HP,4513,units,Mumbai,10,General manufacturing,Urgent,0.1,109520.34,Medium
R03914,B1143,"Please quote for 9138 conveyor belts, PU, Grade A, 800 mm. Location: Pune. Required by 5 days.",Conveyor Belts,PU,Grade A,800 mm,9138,units,Pune,5,Construction,Urgent,0.8,1028041.61,High
R03915,B1015,"Please quote for 5128 ball valves, Carbon Steel, SS304, 3 inch. Location: Mumbai. Required by 41 days.",Ball Valves,Carbon Steel,SS304,3 inch,5128,units,Mumbai,41,Construction,Flexible,0.17,1881412.87,Medium
R03916,B0671,"Looking for 5304 units of Stainless Steel steel brackets (SS304), size 8 mm, for our oem project plant in Chennai. Need delivery in 29 days.",Steel Brackets,Stainless Steel,SS304,8 mm,5304,units,Chennai,29,OEM project,Flexible,0.13,696616.39,Medium
R03917,B0779,"Please quote for 7652 electric motors, Aluminium, IE3, 5 HP. Location: Kolkata. Required by 28 days.",Electric Motors,Aluminium,IE3,5 HP,7652,units,Kolkata,28,Industrial plant,Flexible,0.77,1853233.9,High
R03918,B1095,"Please quote for 9339 hydraulic cylinders, Stainless Steel, SS304, 150 mm. Location: Hyderabad. Required by 32 days.",Hydraulic Cylinders,Stainless Steel,SS304,150 mm,9339,units,Hyderabad,32,Industrial plant,Flexible,0.81,1811660.79,Medium
R03919,B0776,"Please quote for 2363 hydraulic cylinders, Stainless Steel, SS304, 100 mm. Location: Mumbai. Required by 27 days.",Hydraulic Cylinders,Stainless Steel,SS304,100 mm,2363,units,Mumbai,27,Industrial plant,Flexible,0.27,587145.66,Medium
R03920,B0624,"Need 1925 industrial pumps for construction, Stainless Steel SS304, 10 HP. Delivery required in Mumbai within 35 days. Please share quotation.",Industrial Pumps,Stainless Steel,SS304,10 HP,1925,units,Mumbai,35,Construction,Flexible,0.74,385137.46,Low
R03921,B0044,"Please quote for 8776 steel brackets, Stainless Steel, SS304, 5 mm. Location: Delhi. Required by 23 days.",Steel Brackets,Stainless Steel,SS304,5 mm,8776,units,Delhi,23,OEM project,Normal,0.53,2504300.42,Medium
R03922,B1423,"Looking for 11920 units of Steel hydraulic cylinders (SS304), size 50 mm, for our oem project plant in Chennai. Need delivery in 18 days.",Hydraulic Cylinders,Steel,SS304,50 mm,11920,units,Chennai,18,OEM project,Normal,0.04,2734833.53,Medium
R03923,B1449,"Please quote for 1339 steel brackets, Mild Steel, SS304, 8 mm. Location: Chennai. Required by 44 days.",Steel Brackets,Mild Steel,SS304,8 mm,1339,units,Chennai,44,OEM project,Flexible,0.71,424144.25,Low
R03924,B0884,"Looking for 1004 units of Cast Iron industrial pumps (SS316), size 20 HP, for our oem project plant in Hyderabad. Need delivery in 44 days.",Industrial Pumps,Cast Iron,SS316,20 HP,1004,units,Hyderabad,44,OEM project,Flexible,0.69,374461.67,Low
R03925,B0349,"Need 4207 conveyor belts for oem project, PU Food Grade, 1000 mm. Delivery required in Pune within 8 days. Please share quotation.",Conveyor Belts,PU,Food Grade,1000 mm,4207,units,Pune,8,OEM project,Urgent,0.84,265419.86,Medium
R03926,B0457,"Please quote for 1880 steel brackets, Mild Steel, SS304, 3 mm. Location: Hyderabad. Required by 18 days.",Steel Brackets,Mild Steel,SS304,3 mm,1880,units,Hyderabad,18,Automotive,Normal,0.57,595613.27,Medium
R03927,B0286,"Looking for 277 units of Mild Steel sheet metal parts (MS), size 5 mm, for our oem project plant in Nagpur. Need delivery in 24 days.",Sheet Metal Parts,Mild Steel,MS,5 mm,277,units,Nagpur,24,OEM project,Normal,0.78,30162.88,Low
R03928,B0270,"Please quote for 9546 gearboxes, Cast Iron, Worm, 2 HP. Location: Nagpur. Required by 30 days.",Gearboxes,Cast Iron,Worm,2 HP,9546,units,Nagpur,30,General manufacturing,Flexible,0.39,2245646.14,Medium
R03929,B1390,"Please quote for 2446 conveyor belts, Rubber, Grade A, 500 mm. Location: Kolkata. Required by 4 days.",Conveyor Belts,Rubber,Grade A,500 mm,2446,units,Kolkata,4,Automotive,Urgent,0.87,791351.9,High
R03930,B0446,"Need 1107 industrial pumps for industrial plant, Stainless Steel SS304, 10 HP. Delivery required in Chennai within 45 days. Please share quotation.",Industrial Pumps,Stainless Steel,SS304,10 HP,1107,units,Chennai,45,Industrial plant,Flexible,0.55,146599.49,Low
R03931,B0494,"Please quote for 10730 electric motors, Cast Iron, IE3, 25 HP. Location: Nagpur. Required by 31 days.",Electric Motors,Cast Iron,IE3,25 HP,10730,units,Nagpur,31,Construction,Flexible,0.68,1948194.74,Medium
R03932,B1442,"Please quote for 6287 sheet metal parts, Mild Steel, SS304, 2 mm. Location: Chennai. Required by 7 days.",Sheet Metal Parts,Mild Steel,SS304,2 mm,6287,units,Chennai,7,Industrial plant,Urgent,0.96,1485105.17,High
R03933,B0465,"Need 5083 industrial pumps for construction, Stainless Steel SS304, 5 HP. Delivery required in Hyderabad within 22 days. Please share quotation.",Industrial Pumps,Stainless Steel,SS304,5 HP,5083,units,Hyderabad,22,Construction,Normal,0.58,904440.29,Medium
R03934,B1035,"Looking for 2208 units of Steel hydraulic cylinders (MS), size 150 mm, for our automotive plant in Hyderabad. Need delivery in 26 days.",Hydraulic Cylinders,Steel,MS,150 mm,2208,units,Hyderabad,26,Automotive,Flexible,0.65,603559.36,Medium
R03935,B1179,"Please quote for 9862 conveyor belts, PU, Food Grade, 800 mm. Location: Pune. Required by 18 days.",Conveyor Belts,PU,Food Grade,800 mm,9862,units,Pune,18,Automotive,Normal,0.07,4648366.0,Medium
R03936,B1010,"Looking for 666 units of PU conveyor belts (Food Grade), size 1000 mm, for our automotive plant in Hyderabad. Need delivery in 43 days.",Conveyor Belts,PU,Food Grade,1000 mm,666,units,Hyderabad,43,Automotive,Flexible,0.47,228355.72,Low
R03937,B0694,"Please quote for 4996 gearboxes, Steel, Helical, 2 HP. Location: Pune. Required by 30 days.",Gearboxes,Steel,Helical,2 HP,4996,units,Pune,30,OEM project,Flexible,0.2,1254366.14,Medium
R03938,B1490,"Please quote for 926 gearboxes, Steel, Worm, 10 HP. Location: Chennai. Required by 16 days.",Gearboxes,Steel,Worm,10 HP,926,units,Chennai,16,Construction,Normal,0.61,460836.51,Low
R03939,B1464,"Looking for 8295 units of Rubber conveyor belts (Food Grade), size 1000 mm, for our general manufacturing plant in Nashik. Need delivery in 15 days.",Conveyor Belts,Rubber,Food Grade,1000 mm,8295,units,Nashik,15,General manufacturing,Normal,0.13,1138967.12,High
R03940,B0796,"Looking for 8253 units of Cast Iron industrial pumps (SS316), size 10 HP, for our industrial plant plant in Pune. Need delivery in 32 days.",Industrial Pumps,Cast Iron,SS316,10 HP,8253,units,Pune,32,Industrial plant,Flexible,0.88,1949511.74,Medium
R03941,B1296,"Need 648 industrial pumps for automotive, Cast Iron SS304, 20 HP. Delivery required in Delhi within 28 days. Please share quotation.",Industrial Pumps,Cast Iron,SS304,20 HP,648,units,Delhi,28,Automotive,Flexible,0.83,148210.09,Low
R03942,B0348,"Looking for 1612 units of Steel hydraulic cylinders (MS), size 50 mm, for our construction plant in Nagpur. Need delivery in 42 days.",Hydraulic Cylinders,Steel,MS,50 mm,1612,units,Nagpur,42,Construction,Flexible,0.27,609475.22,Low
R03943,B1497,"Looking for 6863 units of Cast Iron gearboxes (Worm), size 2 HP, for our industrial plant plant in Chennai. Need delivery in 25 days.",Gearboxes,Cast Iron,Worm,2 HP,6863,units,Chennai,25,Industrial plant,Normal,0.84,2649815.87,High
R03944,B1332,"Looking for 2600 units of Carbon Steel ball valves (SS316), size 3 inch, for our general manufacturing plant in Delhi. Need delivery in 40 days.",Ball Valves,Carbon Steel,SS316,3 inch,2600,units,Delhi,40,General manufacturing,Flexible,0.54,405280.57,Low
R03945,B0433,"Please quote for 5088 ball valves, Carbon Steel, CS, 2 inch. Location: Hyderabad. Required by 23 days.",Ball Valves,Carbon Steel,CS,2 inch,5088,units,Hyderabad,23,Automotive,Normal,0.11,1015966.52,Medium
R03946,B0991,"Please quote for 10554 gearboxes, Cast Iron, Helical, 2 HP. Location: Kolkata. Required by 45 days.",Gearboxes,Cast Iron,Helical,2 HP,10554,units,Kolkata,45,OEM project,Flexible,0.83,5069794.05,Medium
R03947,B1404,"Please quote for 7074 electric motors, Aluminium, IE3, 5 HP. Location: Delhi. Required by 25 days.",Electric Motors,Aluminium,IE3,5 HP,7074,units,Delhi,25,Industrial plant,Normal,0.16,176828.58,Medium
R03948,B1178,"Please quote for 10868 conveyor belts, Rubber, Food Grade, 500 mm. Location: Pune. Required by 45 days.",Conveyor Belts,Rubber,Food Grade,500 mm,10868,units,Pune,45,Industrial plant,Flexible,0.85,4262383.76,Medium
R03949,B0773,"Looking for 6810 units of Cast Iron industrial pumps (SS304), size 20 HP, for our automotive plant in Nagpur. Need delivery in 38 days.",Industrial Pumps,Cast Iron,SS304,20 HP,6810,units,Nagpur,38,Automotive,Flexible,0.66,909249.22,Medium
R03950,B1094,"Please quote for 1178 sheet metal parts, Stainless Steel, MS, 5 mm. Location: Hyderabad. Required by 7 days.",Sheet Metal Parts,Stainless Steel,MS,5 mm,1178,units,Hyderabad,7,Industrial plant,Urgent,0.72,547044.96,High
R03951,B0485,"Need 6447 ball valves for oem project, Carbon Steel CS, 1 inch. Delivery required in Hyderabad within 28 days. Please share quotation.",Ball Valves,Carbon Steel,CS,1 inch,6447,units,Hyderabad,28,OEM project,Flexible,0.92,624712.6,High
R03952,B0939,"Need 1140 electric motors for oem project, Cast Iron IE3, 10 HP. Delivery required in Mumbai within 32 days. Please share quotation.",Electric Motors,Cast Iron,IE3,10 HP,1140,units,Mumbai,32,OEM project,Flexible,0.68,420600.0,Low
R03953,B0250,"Looking for 10114 units of Carbon Steel ball valves (SS304), size 2 inch, for our construction plant in Ahmedabad. Need delivery in 44 days.",Ball Valves,Carbon Steel,SS304,2 inch,10114,units,Ahmedabad,44,Construction,Flexible,0.33,2076949.17,Medium
R03954,B1195,"Need 2496 ball valves for automotive, Stainless Steel SS304, 1 inch. Delivery required in Mumbai within 36 days. Please share quotation.",Ball Valves,Stainless Steel,SS304,1 inch,2496,units,Mumbai,36,Automotive,Flexible,0.91,411412.28,Low
R03955,B0863,"Looking for 7992 units of Cast Iron gearboxes (Helical), size 2 HP, for our automotive plant in Nashik. Need delivery in 30 days.",Gearboxes,Cast Iron,Helical,2 HP,7992,units,Nashik,30,Automotive,Flexible,1.0,1508915.9,High
R03956,B0351,"Looking for 863 units of Cast Iron industrial pumps (SS316), size 5 HP, for our construction plant in Bengaluru. Need delivery in 38 days.",Industrial Pumps,Cast Iron,SS316,5 HP,863,units,Bengaluru,38,Construction,Flexible,0.78,72896.93,Low
R03957,B1224,"Looking for 10195 units of Mild Steel steel brackets (SS304), size 8 mm, for our automotive plant in Kolkata. Need delivery in 7 days.",Steel Brackets,Mild Steel,SS304,8 mm,10195,units,Kolkata,7,Automotive,Urgent,0.16,3936063.84,High
R03958,B0449,"Need 9867 electric motors for construction, Aluminium IE2, 10 HP. Delivery required in Bengaluru within 34 days. Please share quotation.",Electric Motors,Aluminium,IE2,10 HP,9867,units,Bengaluru,34,Construction,Flexible,0.92,4766397.42,Medium
R03959,B0518,"Looking for 6035 units of Steel hydraulic cylinders (MS), size 100 mm, for our industrial plant plant in Kolkata. Need delivery in 14 days.",Hydraulic Cylinders,Steel,MS,100 mm,6035,units,Kolkata,14,Industrial plant,Normal,0.75,1271609.59,High
R03960,B1169,"Looking for 10313 units of Stainless Steel hydraulic cylinders (MS), size 150 mm, for our general manufacturing plant in Nashik. Need delivery in 22 days.",Hydraulic Cylinders,Stainless Steel,MS,150 mm,10313,units,Nashik,22,General manufacturing,Normal,0.36,2527032.2,Medium
R03961,B0889,"Need 4583 ball valves for general manufacturing, Stainless Steel SS304, 2 inch. Delivery required in Hyderabad within 15 days. Please share quotation.",Ball Valves,Stainless Steel,SS304,2 inch,4583,units,Hyderabad,15,General manufacturing,Normal,0.43,569173.28,Medium
R03962,B1197,"Please quote for 10302 electric motors, Cast Iron, IE3, 10 HP. Location: Nashik. Required by 34 days.",Electric Motors,Cast Iron,IE3,10 HP,10302,units,Nashik,34,Industrial plant,Flexible,0.77,3170571.18,Medium
R03963,B0430,"Please quote for 10249 sheet metal parts, Stainless Steel, MS, 2 mm. Location: Ahmedabad. Required by 36 days.",Sheet Metal Parts,Stainless Steel,MS,2 mm,10249,units,Ahmedabad,36,OEM project,Flexible,0.57,2160400.35,Medium
R03964,B1349,"Need 4471 gearboxes for construction, Cast Iron Helical, 5 HP. Delivery required in Chennai within 10 days. Please share quotation.",Gearboxes,Cast Iron,Helical,5 HP,4471,units,Chennai,10,Construction,Urgent,0.58,1073186.51,High
R03965,B0633,"Need 10130 electric motors for construction, Cast Iron IE3, 25 HP. Delivery required in Hyderabad within 8 days. Please share quotation.",Electric Motors,Cast Iron,IE3,25 HP,10130,units,Hyderabad,8,Construction,Urgent,0.92,2408663.84,High
R03966,B0277,"Looking for 4149 units of Aluminium electric motors (IE2), size 10 HP, for our industrial plant plant in Pune. Need delivery in 23 days.",Electric Motors,Aluminium,IE2,10 HP,4149,units,Pune,23,Industrial plant,Normal,0.41,1761179.24,Medium
R03967,B0266,"Please quote for 7473 sheet metal parts, Mild Steel, MS, 5 mm. Location: Nashik. Required by 10 days.",Sheet Metal Parts,Mild Steel,MS,5 mm,7473,units,Nashik,10,OEM project,Urgent,0.44,2584234.66,High
R03968,B1216,"Need 9403 gearboxes for oem project, Cast Iron Worm, 5 HP. Delivery required in Nagpur within 17 days. Please share quotation.",Gearboxes,Cast Iron,Worm,5 HP,9403,units,Nagpur,17,OEM project,Normal,0.52,3389895.7,Medium
R03969,B0485,"Please quote for 8070 industrial pumps, Cast Iron, SS316, 10 HP. Location: Pune. Required by 6 days.",Industrial Pumps,Cast Iron,SS316,10 HP,8070,units,Pune,6,General manufacturing,Urgent,0.0,2038785.03,High
R03970,B0927,"Looking for 5677 units of Mild Steel steel brackets (SS304), size 3 mm, for our industrial plant plant in Hyderabad. Need delivery in 44 days.",Steel Brackets,Mild Steel,SS304,3 mm,5677,units,Hyderabad,44,Industrial plant,Flexible,0.15,2216005.19,Medium
R03971,B1500,"Please quote for 2629 steel brackets, Mild Steel, SS304, 8 mm. Location: Kolkata. Required by 38 days.",Steel Brackets,Mild Steel,SS304,8 mm,2629,units,Kolkata,38,Industrial plant,Flexible,0.41,207479.0,Low
R03972,B0151,"Looking for 782 units of Mild Steel sheet metal parts (SS304), size 5 mm, for our construction plant in Chennai. Need delivery in 34 days.",Sheet Metal Parts,Mild Steel,SS304,5 mm,782,units,Chennai,34,Construction,Flexible,0.86,298812.55,Low
R03973,B0950,"Looking for 2695 units of Stainless Steel steel brackets (MS), size 3 mm, for our industrial plant plant in Kolkata. Need delivery in 8 days.",Steel Brackets,Stainless Steel,MS,3 mm,2695,units,Kolkata,8,Industrial plant,Urgent,0.68,642872.07,High
R03974,B0559,"Need 7854 steel brackets for general manufacturing, Mild Steel MS, 3 mm. Delivery required in Kolkata within 38 days. Please share quotation.",Steel Brackets,Mild Steel,MS,3 mm,7854,units,Kolkata,38,General manufacturing,Flexible,0.69,3102852.64,Medium
R03975,B1252,"Please quote for 151 hydraulic cylinders, Steel, SS304, 150 mm. Location: Nagpur. Required by 43 days.",Hydraulic Cylinders,Steel,SS304,150 mm,151,units,Nagpur,43,Construction,Flexible,0.26,6459.83,Low
R03976,B1048,"Please quote for 4450 sheet metal parts, Stainless Steel, MS, 10 mm. Location: Pune. Required by 33 days.",Sheet Metal Parts,Stainless Steel,MS,10 mm,4450,units,Pune,33,Industrial plant,Flexible,0.57,1849989.55,Medium
R03977,B0549,"Need 7880 steel brackets for oem project, Stainless Steel SS304, 8 mm. Delivery required in Mumbai within 5 days. Please share quotation.",Steel Brackets,Stainless Steel,SS304,8 mm,7880,units,Mumbai,5,OEM project,Urgent,0.21,610464.98,High
R03978,B0578,"Looking for 10472 units of Cast Iron electric motors (IE3), size 10 HP, for our industrial plant plant in Nagpur. Need delivery in 18 days.",Electric Motors,Cast Iron,IE3,10 HP,10472,units,Nagpur,18,Industrial plant,Normal,0.27,2793718.93,Medium
R03979,B0215,"Please quote for 8620 industrial pumps, Cast Iron, SS316, 20 HP. Location: Mumbai. Required by 16 days.",Industrial Pumps,Cast Iron,SS316,20 HP,8620,units,Mumbai,16,OEM project,Normal,0.73,3028612.04,High
R03980,B0777,"Need 4626 gearboxes for oem project, Steel Worm, 10 HP. Delivery required in Chennai within 23 days. Please share quotation.",Gearboxes,Steel,Worm,10 HP,4626,units,Chennai,23,OEM project,Normal,0.52,883249.07,Medium
R03981,B0640,"Need 164 steel brackets for oem project, Stainless Steel SS304, 5 mm. Delivery required in Hyderabad within 43 days. Please share quotation.",Steel Brackets,Stainless Steel,SS304,5 mm,164,units,Hyderabad,43,OEM project,Flexible,0.58,5891.69,Low
R03982,B0866,"Need 658 hydraulic cylinders for general manufacturing, Steel SS304, 100 mm. Delivery required in Nashik within 16 days. Please share quotation.",Hydraulic Cylinders,Steel,SS304,100 mm,658,units,Nashik,16,General manufacturing,Normal,0.39,95037.68,Low
R03983,B0187,"Please quote for 5663 conveyor belts, Rubber, Grade A, 500 mm. Location: Ahmedabad. Required by 27 days.",Conveyor Belts,Rubber,Grade A,500 mm,5663,units,Ahmedabad,27,Automotive,Flexible,0.18,2446964.6,Medium
R03984,B0306,"Please quote for 1722 steel brackets, Mild Steel, MS, 3 mm. Location: Nagpur. Required by 19 days.",Steel Brackets,Mild Steel,MS,3 mm,1722,units,Nagpur,19,Automotive,Normal,0.42,707736.65,Medium
R03985,B1324,"Need 5445 hydraulic cylinders for industrial plant, Steel MS, 150 mm. Delivery required in Kolkata within 6 days. Please share quotation.",Hydraulic Cylinders,Steel,MS,150 mm,5445,units,Kolkata,6,Industrial plant,Urgent,0.1,1757729.62,High
R03986,B0474,"Looking for 5106 units of Cast Iron industrial pumps (SS304), size 5 HP, for our automotive plant in Nagpur. Need delivery in 12 days.",Industrial Pumps,Cast Iron,SS304,5 HP,5106,units,Nagpur,12,Automotive,Normal,0.73,831344.77,High
R03987,B0853,"Please quote for 8551 sheet metal parts, Mild Steel, MS, 10 mm. Location: Pune. Required by 29 days.",Sheet Metal Parts,Mild Steel,MS,10 mm,8551,units,Pune,29,Construction,Flexible,0.34,367000.53,Medium
R03988,B0671,"Looking for 3007 units of Cast Iron electric motors (IE3), size 5 HP, for our construction plant in Ahmedabad. Need delivery in 25 days.",Electric Motors,Cast Iron,IE3,5 HP,3007,units,Ahmedabad,25,Construction,Normal,0.51,61234.86,Low
R03989,B0267,"Need 8549 hydraulic cylinders for automotive, Stainless Steel MS, 150 mm. Delivery required in Bengaluru within 13 days. Please share quotation.",Hydraulic Cylinders,Stainless Steel,MS,150 mm,8549,units,Bengaluru,13,Automotive,Normal,0.58,2493929.49,High
R03990,B0499,"Need 1775 conveyor belts for construction, PU Food Grade, 800 mm. Delivery required in Kolkata within 22 days. Please share quotation.",Conveyor Belts,PU,Food Grade,800 mm,1775,units,Kolkata,22,Construction,Normal,0.66,421090.89,Low
R03991,B1370,"Please quote for 4150 gearboxes, Steel, Worm, 10 HP. Location: Pune. Required by 3 days.",Gearboxes,Steel,Worm,10 HP,4150,units,Pune,3,Automotive,Urgent,0.43,1007716.79,High
R03992,B0110,"Please quote for 9389 gearboxes, Steel, Helical, 5 HP. Location: Hyderabad. Required by 4 days.",Gearboxes,Steel,Helical,5 HP,9389,units,Hyderabad,4,General manufacturing,Urgent,0.99,4294978.28,High
R03993,B0122,"Need 2552 sheet metal parts for general manufacturing, Stainless Steel SS304, 10 mm. Delivery required in Pune within 25 days. Please share quotation.",Sheet Metal Parts,Stainless Steel,SS304,10 mm,2552,units,Pune,25,General manufacturing,Normal,0.97,204142.42,Medium
R03994,B1212,"Looking for 7495 units of Carbon Steel ball valves (CS), size 1 inch, for our construction plant in Mumbai. Need delivery in 6 days.",Ball Valves,Carbon Steel,CS,1 inch,7495,units,Mumbai,6,Construction,Urgent,0.74,1516424.48,High
R03995,B1038,"Need 7551 industrial pumps for construction, Cast Iron SS316, 5 HP. Delivery required in Nagpur within 32 days. Please share quotation.",Industrial Pumps,Cast Iron,SS316,5 HP,7551,units,Nagpur,32,Construction,Flexible,0.41,419380.52,Low
R03996,B0883,"Please quote for 1171 sheet metal parts, Stainless Steel, SS304, 10 mm. Location: Kolkata. Required by 40 days.",Sheet Metal Parts,Stainless Steel,SS304,10 mm,1171,units,Kolkata,40,Industrial plant,Flexible,0.95,411079.96,Low
R03997,B1221,"Please quote for 3490 electric motors, Aluminium, IE3, 5 HP. Location: Hyderabad. Required by 8 days.",Electric Motors,Aluminium,IE3,5 HP,3490,units,Hyderabad,8,OEM project,Urgent,0.44,640516.09,High
R03998,B1483,"Looking for 9031 units of Mild Steel sheet metal parts (SS304), size 2 mm, for our automotive plant in Chennai. Need delivery in 38 days.",Sheet Metal Parts,Mild Steel,SS304,2 mm,9031,units,Chennai,38,Automotive,Flexible,0.86,3102649.98,Medium
R03999,B0873,"Looking for 623 units of Cast Iron gearboxes (Helical), size 10 HP, for our general manufacturing plant in Nashik. Need delivery in 28 days.",Gearboxes,Cast Iron,Helical,10 HP,623,units,Nashik,28,General manufacturing,Flexible,0.68,33297.82,Low
R04000,B0310,"Please quote for 8522 ball valves, Carbon Steel, SS316, 1 inch. Location: Mumbai. Required by 19 days.",Ball Valves,Carbon Steel,SS316,1 inch,8522,units,Mumbai,19,General manufacturing,Normal,0.66,2537337.33,High
R04001,B0150,"Need 2430 conveyor belts for industrial plant, PU Grade A, 500 mm. Delivery required in Kolkata within 4 days. Please share quotation.",Conveyor Belts,PU,Grade A,500 mm,2430,units,Kolkata,4,Industrial plant,Urgent,0.76,963848.29,High
R04002,B0883,"Looking for 7130 units of Mild Steel sheet metal parts (MS), size 10 mm, for our oem project plant in Chennai. Need delivery in 18 days.",Sheet Metal Parts,Mild Steel,MS,10 mm,7130,units,Chennai,18,OEM project,Normal,0.21,373658.48,Medium
R04003,B0486,"Please quote for 10244 gearboxes, Steel, Helical, 2 HP. Location: Nashik. Required by 33 days.",Gearboxes,Steel,Helical,2 HP,10244,units,Nashik,33,Construction,Flexible,0.95,4823257.32,Medium
R04004,B0211,"Looking for 247 units of Steel hydraulic cylinders (SS304), size 50 mm, for our industrial plant plant in Kolkata. Need delivery in 43 days.",Hydraulic Cylinders,Steel,SS304,50 mm,247,units,Kolkata,43,Industrial plant,Flexible,0.43,119878.27,Low
R04005,B0327,"Please quote for 1377 sheet metal parts, Mild Steel, SS304, 2 mm. Location: Kolkata. Required by 38 days.",Sheet Metal Parts,Mild Steel,SS304,2 mm,1377,units,Kolkata,38,OEM project,Flexible,0.83,62201.86,Low
R04006,B1486,"Need 658 electric motors for general manufacturing, Aluminium IE2, 10 HP. Delivery required in Ahmedabad within 15 days. Please share quotation.",Electric Motors,Aluminium,IE2,10 HP,658,units,Ahmedabad,15,General manufacturing,Normal,0.57,150959.7,Low
R04007,B0903,"Looking for 2154 units of Aluminium electric motors (IE2), size 25 HP, for our oem project plant in Chennai. Need delivery in 24 days.",Electric Motors,Aluminium,IE2,25 HP,2154,units,Chennai,24,OEM project,Normal,0.59,205504.88,Low
R04008,B0992,"Please quote for 11001 sheet metal parts, Mild Steel, MS, 5 mm. Location: Pune. Required by 8 days.",Sheet Metal Parts,Mild Steel,MS,5 mm,11001,units,Pune,8,OEM project,Urgent,0.63,3453087.96,High
R04009,B0227,"Looking for 11309 units of Rubber conveyor belts (Food Grade), size 500 mm, for our industrial plant plant in Mumbai. Need delivery in 41 days.",Conveyor Belts,Rubber,Food Grade,500 mm,11309,units,Mumbai,41,Industrial plant,Flexible,0.31,3224056.92,Medium
R04010,B0877,"Please quote for 11169 ball valves, Carbon Steel, SS304, 1 inch. Location: Chennai. Required by 28 days.",Ball Valves,Carbon Steel,SS304,1 inch,11169,units,Chennai,28,Automotive,Flexible,0.88,5413314.13,High
R04011,B0416,"Please quote for 5644 hydraulic cylinders, Steel, SS304, 100 mm. Location: Ahmedabad. Required by 13 days.",Hydraulic Cylinders,Steel,SS304,100 mm,5644,units,Ahmedabad,13,General manufacturing,Normal,0.84,1049696.27,High
R04012,B0369,"Looking for 4646 units of Mild Steel sheet metal parts (MS), size 2 mm, for our oem project plant in Kolkata. Need delivery in 12 days.",Sheet Metal Parts,Mild Steel,MS,2 mm,4646,units,Kolkata,12,OEM project,Normal,0.68,1944372.84,High
R04013,B0817,"Looking for 6237 units of Steel gearboxes (Worm), size 2 HP, for our automotive plant in Hyderabad. Need delivery in 4 days.",Gearboxes,Steel,Worm,2 HP,6237,units,Hyderabad,4,Automotive,Urgent,0.09,1699730.26,High
R04014,B1380,"Need 5986 hydraulic cylinders for automotive, Steel MS, 100 mm. Delivery required in Bengaluru within 38 days. Please share quotation.",Hydraulic Cylinders,Steel,MS,100 mm,5986,units,Bengaluru,38,Automotive,Flexible,0.42,2872533.99,Medium
R04015,B0560,"Please quote for 7942 industrial pumps, Cast Iron, SS316, 20 HP. Location: Chennai. Required by 45 days.",Industrial Pumps,Cast Iron,SS316,20 HP,7942,units,Chennai,45,Industrial plant,Flexible,0.72,311901.37,Medium
R04016,B0500,"Looking for 6984 units of Rubber conveyor belts (Grade A), size 1000 mm, for our oem project plant in Delhi. Need delivery in 41 days.",Conveyor Belts,Rubber,Grade A,1000 mm,6984,units,Delhi,41,OEM project,Flexible,0.59,3312291.67,Medium
R04017,B0786,"Need 10181 ball valves for oem project, Stainless Steel CS, 3 inch. Delivery required in Chennai within 45 days. Please share quotation.",Ball Valves,Stainless Steel,CS,3 inch,10181,units,Chennai,45,OEM project,Flexible,0.67,690076.46,Medium
R04018,B0967,"Please quote for 6884 ball valves, Carbon Steel, SS316, 1 inch. Location: Kolkata. Required by 5 days.",Ball Valves,Carbon Steel,SS316,1 inch,6884,units,Kolkata,5,Automotive,Urgent,0.03,795525.2,High
R04019,B0748,"Need 7963 conveyor belts for automotive, PU Food Grade, 500 mm. Delivery required in Pune within 14 days. Please share quotation.",Conveyor Belts,PU,Food Grade,500 mm,7963,units,Pune,14,Automotive,Normal,0.65,3756166.61,High
R04020,B0269,"Looking for 213 units of Carbon Steel ball valves (CS), size 3 inch, for our construction plant in Pune. Need delivery in 44 days.",Ball Valves,Carbon Steel,CS,3 inch,213,units,Pune,44,Construction,Flexible,0.35,19036.53,Low
R04021,B0015,"Need 10000 electric motors for industrial plant, Aluminium IE2, 10 HP. Delivery required in Nashik within 16 days. Please share quotation.",Electric Motors,Aluminium,IE2,10 HP,10000,units,Nashik,16,Industrial plant,Normal,0.33,1651220.67,Medium
R04022,B0523,"Please quote for 6571 conveyor belts, Rubber, Grade A, 500 mm. Location: Mumbai. Required by 18 days.",Conveyor Belts,Rubber,Grade A,500 mm,6571,units,Mumbai,18,Industrial plant,Normal,0.67,1959642.99,High
R04023,B0912,"Please quote for 10742 sheet metal parts, Stainless Steel, SS304, 5 mm. Location: Delhi. Required by 3 days.",Sheet Metal Parts,Stainless Steel,SS304,5 mm,10742,units,Delhi,3,OEM project,Urgent,0.72,372958.99,High
R04024,B1494,"Need 7892 industrial pumps for construction, Cast Iron SS316, 10 HP. Delivery required in Kolkata within 22 days. Please share quotation.",Industrial Pumps,Cast Iron,SS316,10 HP,7892,units,Kolkata,22,Construction,Normal,0.35,2622562.34,Medium
R04025,B0817,"Need 665 sheet metal parts for oem project, Stainless Steel MS, 5 mm. Delivery required in Mumbai within 7 days. Please share quotation.",Sheet Metal Parts,Stainless Steel,MS,5 mm,665,units,Mumbai,7,OEM project,Urgent,0.2,249997.24,Medium
R04026,B0231,"Looking for 6927 units of PU conveyor belts (Food Grade), size 500 mm, for our automotive plant in Pune. Need delivery in 23 days.",Conveyor Belts,PU,Food Grade,500 mm,6927,units,Pune,23,Automotive,Normal,0.24,462781.73,Medium
R04027,B1332,"Need 7409 sheet metal parts for industrial plant, Stainless Steel SS304, 10 mm. Delivery required in Delhi within 29 days. Please share quotation.",Sheet Metal Parts,Stainless Steel,SS304,10 mm,7409,units,Delhi,29,Industrial plant,Flexible,0.81,1099102.19,High
R04028,B0951,"Need 3076 industrial pumps for oem project, Stainless Steel SS316, 5 HP. Delivery required in Nashik within 28 days. Please share quotation.",Industrial Pumps,Stainless Steel,SS316,5 HP,3076,units,Nashik,28,OEM project,Flexible,0.13,1001483.26,Medium
R04029,B1240,"Please quote for 11748 electric motors, Aluminium, IE2, 25 HP. Location: Chennai. Required by 24 days.",Electric Motors,Aluminium,IE2,25 HP,11748,units,Chennai,24,Automotive,Normal,0.85,3441076.82,High
R04030,B1242,"Please quote for 6868 electric motors, Aluminium, IE3, 10 HP. Location: Chennai. Required by 38 days.",Electric Motors,Aluminium,IE3,10 HP,6868,units,Chennai,38,OEM project,Flexible,0.94,2577906.49,Medium
R04031,B0220,"Need 637 ball valves for oem project, Carbon Steel SS304, 1 inch. Delivery required in Delhi within 13 days. Please share quotation.",Ball Valves,Carbon Steel,SS304,1 inch,637,units,Delhi,13,OEM project,Normal,0.54,232918.66,Low
R04032,B0769,"Need 3999 conveyor belts for automotive, Rubber Grade A, 500 mm. Delivery required in Delhi within 5 days. Please share quotation.",Conveyor Belts,Rubber,Grade A,500 mm,3999,units,Delhi,5,Automotive,Urgent,0.19,1272570.45,High
R04033,B0041,"Please quote for 5560 steel brackets, Stainless Steel, SS304, 8 mm. Location: Kolkata. Required by 34 days.",Steel Brackets,Stainless Steel,SS304,8 mm,5560,units,Kolkata,34,Industrial plant,Flexible,0.17,520049.76,Medium
R04034,B0496,"Please quote for 8399 hydraulic cylinders, Stainless Steel, MS, 50 mm. Location: Hyderabad. Required by 3 days.",Hydraulic Cylinders,Stainless Steel,MS,50 mm,8399,units,Hyderabad,3,General manufacturing,Urgent,0.48,639953.56,High
R04035,B0072,"Please quote for 134 electric motors, Aluminium, IE3, 5 HP. Location: Bengaluru. Required by 17 days.",Electric Motors,Aluminium,IE3,5 HP,134,units,Bengaluru,17,Construction,Normal,0.59,17874.95,Low
R04036,B0530,"Please quote for 3075 sheet metal parts, Stainless Steel, MS, 10 mm. Location: Bengaluru. Required by 11 days.",Sheet Metal Parts,Stainless Steel,MS,10 mm,3075,units,Bengaluru,11,General manufacturing,Normal,0.55,778513.11,Medium
R04037,B0509,"Need 148 conveyor belts for construction, Rubber Food Grade, 500 mm. Delivery required in Delhi within 34 days. Please share quotation.",Conveyor Belts,Rubber,Food Grade,500 mm,148,units,Delhi,34,Construction,Flexible,0.84,59452.54,Low
R04038,B0414,"Please quote for 8672 industrial pumps, Stainless Steel, SS304, 20 HP. Location: Kolkata. Required by 33 days.",Industrial Pumps,Stainless Steel,SS304,20 HP,8672,units,Kolkata,33,OEM project,Flexible,0.92,3130189.41,Medium
R04039,B0455,"Please quote for 4639 ball valves, Carbon Steel, SS304, 3 inch. Location: Pune. Required by 37 days.",Ball Valves,Carbon Steel,SS304,3 inch,4639,units,Pune,37,OEM project,Flexible,0.01,1009276.95,Medium
R04040,B1453,"Need 856 hydraulic cylinders for automotive, Steel MS, 50 mm. Delivery required in Pune within 21 days. Please share quotation.",Hydraulic Cylinders,Steel,MS,50 mm,856,units,Pune,21,Automotive,Normal,0.86,304730.17,Low
R04041,B0490,"Please quote for 8873 hydraulic cylinders, Stainless Steel, SS304, 100 mm. Location: Chennai. Required by 5 days.",Hydraulic Cylinders,Stainless Steel,SS304,100 mm,8873,units,Chennai,5,Industrial plant,Urgent,0.37,2150323.66,High
R04042,B1422,"Need 10955 industrial pumps for construction, Cast Iron SS304, 5 HP. Delivery required in Bengaluru within 42 days. Please share quotation.",Industrial Pumps,Cast Iron,SS304,5 HP,10955,units,Bengaluru,42,Construction,Flexible,0.91,3243999.48,Medium
R04043,B0879,"Looking for 6402 units of Stainless Steel ball valves (SS316), size 3 inch, for our industrial plant plant in Delhi. Need delivery in 27 days.",Ball Valves,Stainless Steel,SS316,3 inch,6402,units,Delhi,27,Industrial plant,Flexible,0.36,692338.03,Medium
R04044,B0945,"Looking for 10781 units of Carbon Steel ball valves (CS), size 2 inch, for our industrial plant plant in Chennai. Need delivery in 11 days.",Ball Valves,Carbon Steel,CS,2 inch,10781,units,Chennai,11,Industrial plant,Normal,0.95,2698386.55,High
R04045,B0459,"Looking for 722 units of Cast Iron electric motors (IE2), size 10 HP, for our oem project plant in Bengaluru. Need delivery in 40 days.",Electric Motors,Cast Iron,IE2,10 HP,722,units,Bengaluru,40,OEM project,Flexible,0.23,48620.04,Low
R04046,B0130,"Please quote for 4721 industrial pumps, Cast Iron, CI, 20 HP. Location: Ahmedabad. Required by 34 days.",Industrial Pumps,Cast Iron,CI,20 HP,4721,units,Ahmedabad,34,Automotive,Flexible,0.16,1473783.6,Medium
R04047,B0109,"Need 7478 industrial pumps for general manufacturing, Stainless Steel CI, 20 HP. Delivery required in Pune within 4 days. Please share quotation.",Industrial Pumps,Stainless Steel,CI,20 HP,7478,units,Pune,4,General manufacturing,Urgent,0.78,1213027.54,High
R04048,B1076,"Looking for 10200 units of Mild Steel steel brackets (MS), size 8 mm, for our automotive plant in Kolkata. Need delivery in 4 days.",Steel Brackets,Mild Steel,MS,8 mm,10200,units,Kolkata,4,Automotive,Urgent,0.54,687260.97,High
R04049,B0122,"Looking for 1227 units of Cast Iron electric motors (IE3), size 10 HP, for our construction plant in Mumbai. Need delivery in 14 days.",Electric Motors,Cast Iron,IE3,10 HP,1227,units,Mumbai,14,Construction,Normal,0.77,266702.95,Medium
R04050,B1144,"Looking for 11995 units of Stainless Steel ball valves (CS), size 1 inch, for our industrial plant plant in Mumbai. Need delivery in 33 days.",Ball Valves,Stainless Steel,CS,1 inch,11995,units,Mumbai,33,Industrial plant,Flexible,0.43,4198572.76,Medium
R04051,B0460,"Looking for 5313 units of Stainless Steel steel brackets (MS), size 5 mm, for our general manufacturing plant in Hyderabad. Need delivery in 32 days.",Steel Brackets,Stainless Steel,MS,5 mm,5313,units,Hyderabad,32,General manufacturing,Flexible,0.56,1525770.44,Medium
R04052,B1499,"Looking for 1339 units of Stainless Steel hydraulic cylinders (SS304), size 50 mm, for our general manufacturing plant in Kolkata. Need delivery in 42 days.",Hydraulic Cylinders,Stainless Steel,SS304,50 mm,1339,units,Kolkata,42,General manufacturing,Flexible,0.02,99895.16,Low
R04053,B1478,"Need 10334 gearboxes for construction, Cast Iron Helical, 5 HP. Delivery required in Kolkata within 32 days. Please share quotation.",Gearboxes,Cast Iron,Helical,5 HP,10334,units,Kolkata,32,Construction,Flexible,0.16,4050085.12,Medium
R04054,B0095,"Please quote for 1095 gearboxes, Cast Iron, Helical, 5 HP. Location: Bengaluru. Required by 45 days.",Gearboxes,Cast Iron,Helical,5 HP,1095,units,Bengaluru,45,OEM project,Flexible,0.98,227833.09,Low
R04055,B0293,"Looking for 5057 units of Stainless Steel steel brackets (SS304), size 5 mm, for our oem project plant in Nagpur. Need delivery in 23 days.",Steel Brackets,Stainless Steel,SS304,5 mm,5057,units,Nagpur,23,OEM project,Normal,0.34,1656566.03,Medium
R04056,B0523,"Looking for 1214 units of Stainless Steel ball valves (SS304), size 3 inch, for our automotive plant in Ahmedabad. Need delivery in 45 days.",Ball Valves,Stainless Steel,SS304,3 inch,1214,units,Ahmedabad,45,Automotive,Flexible,0.74,110633.41,Low
R04057,B1238,"Please quote for 3588 ball valves, Carbon Steel, SS304, 2 inch. Location: Kolkata. Required by 12 days.",Ball Valves,Carbon Steel,SS304,2 inch,3588,units,Kolkata,12,Construction,Normal,0.13,1702607.02,Medium
R04058,B0281,"Please quote for 3186 industrial pumps, Cast Iron, SS304, 5 HP. Location: Ahmedabad. Required by 7 days.",Industrial Pumps,Cast Iron,SS304,5 HP,3186,units,Ahmedabad,7,Construction,Urgent,0.99,1269320.32,High
R04059,B1330,"Need 8493 conveyor belts for industrial plant, PU Food Grade, 500 mm. Delivery required in Delhi within 25 days. Please share quotation.",Conveyor Belts,PU,Food Grade,500 mm,8493,units,Delhi,25,Industrial plant,Normal,0.28,2807517.66,Medium
R04060,B0270,"Looking for 3815 units of Stainless Steel sheet metal parts (SS304), size 2 mm, for our automotive plant in Hyderabad. Need delivery in 42 days.",Sheet Metal Parts,Stainless Steel,SS304,2 mm,3815,units,Hyderabad,42,Automotive,Flexible,0.17,1506117.1,Medium
R04061,B0122,"Need 10737 conveyor belts for industrial plant, PU Grade A, 800 mm. Delivery required in Chennai within 40 days. Please share quotation.",Conveyor Belts,PU,Grade A,800 mm,10737,units,Chennai,40,Industrial plant,Flexible,0.37,757133.87,Medium
R04062,B1154,"Please quote for 10198 electric motors, Cast Iron, IE3, 5 HP. Location: Pune. Required by 9 days.",Electric Motors,Cast Iron,IE3,5 HP,10198,units,Pune,9,Industrial plant,Urgent,0.54,4318133.12,High
R04063,B1245,"Please quote for 10554 industrial pumps, Stainless Steel, SS316, 5 HP. Location: Nagpur. Required by 20 days.",Industrial Pumps,Stainless Steel,SS316,5 HP,10554,units,Nagpur,20,Industrial plant,Normal,0.83,4047990.43,High
R04064,B1112,"Looking for 11834 units of Carbon Steel ball valves (CS), size 2 inch, for our general manufacturing plant in Nashik. Need delivery in 25 days.",Ball Valves,Carbon Steel,CS,2 inch,11834,units,Nashik,25,General manufacturing,Normal,0.27,2638039.09,Medium
R04065,B0718,"Need 5328 gearboxes for general manufacturing, Steel Helical, 5 HP. Delivery required in Hyderabad within 39 days. Please share quotation.",Gearboxes,Steel,Helical,5 HP,5328,units,Hyderabad,39,General manufacturing,Flexible,0.39,515784.95,Medium
R04066,B1450,"Looking for 10330 units of Stainless Steel sheet metal parts (MS), size 10 mm, for our general manufacturing plant in Mumbai. Need delivery in 36 days.",Sheet Metal Parts,Stainless Steel,MS,10 mm,10330,units,Mumbai,36,General manufacturing,Flexible,0.23,3653490.67,Medium
R04067,B0586,"Looking for 4011 units of Aluminium electric motors (IE2), size 5 HP, for our industrial plant plant in Mumbai. Need delivery in 8 days.",Electric Motors,Aluminium,IE2,5 HP,4011,units,Mumbai,8,Industrial plant,Urgent,0.31,1467827.08,High
R04068,B1248,"Need 7784 conveyor belts for automotive, Rubber Food Grade, 1000 mm. Delivery required in Nagpur within 8 days. Please share quotation.",Conveyor Belts,Rubber,Food Grade,1000 mm,7784,units,Nagpur,8,Automotive,Urgent,0.4,1929230.41,High
R04069,B0061,"Please quote for 7602 hydraulic cylinders, Steel, MS, 150 mm. Location: Hyderabad. Required by 31 days.",Hydraulic Cylinders,Steel,MS,150 mm,7602,units,Hyderabad,31,Automotive,Flexible,0.75,2332365.88,Medium
R04070,B0583,"Need 10646 sheet metal parts for automotive, Stainless Steel SS304, 10 mm. Delivery required in Mumbai within 21 days. Please share quotation.",Sheet Metal Parts,Stainless Steel,SS304,10 mm,10646,units,Mumbai,21,Automotive,Normal,0.56,435737.7,Medium
R04071,B0499,"Please quote for 647 conveyor belts, PU, Food Grade, 800 mm. Location: Kolkata. Required by 35 days.",Conveyor Belts,PU,Food Grade,800 mm,647,units,Kolkata,35,Construction,Flexible,0.93,311479.74,Low
R04072,B0786,"Need 4040 steel brackets for industrial plant, Mild Steel SS304, 8 mm. Delivery required in Bengaluru within 24 days. Please share quotation.",Steel Brackets,Mild Steel,SS304,8 mm,4040,units,Bengaluru,24,Industrial plant,Normal,0.5,1565795.36,Medium
R04073,B0721,"Need 11383 industrial pumps for automotive, Cast Iron SS304, 20 HP. Delivery required in Mumbai within 6 days. Please share quotation.",Industrial Pumps,Cast Iron,SS304,20 HP,11383,units,Mumbai,6,Automotive,Urgent,0.46,3485118.53,High
R04074,B0986,"Need 11015 gearboxes for general manufacturing, Cast Iron Worm, 2 HP. Delivery required in Ahmedabad within 35 days. Please share quotation.",Gearboxes,Cast Iron,Worm,2 HP,11015,units,Ahmedabad,35,General manufacturing,Flexible,0.99,3372185.55,Medium
R04075,B0283,"Need 9853 conveyor belts for automotive, Rubber Grade A, 500 mm. Delivery required in Nashik within 6 days. Please share quotation.",Conveyor Belts,Rubber,Grade A,500 mm,9853,units,Nashik,6,Automotive,Urgent,0.69,2682987.77,High
R04076,B0801,"Please quote for 10212 hydraulic cylinders, Steel, SS304, 100 mm. Location: Delhi. Required by 42 days.",Hydraulic Cylinders,Steel,SS304,100 mm,10212,units,Delhi,42,OEM project,Flexible,0.01,4967768.88,Medium
R04077,B0430,"Please quote for 7021 gearboxes, Cast Iron, Helical, 10 HP. Location: Pune. Required by 17 days.",Gearboxes,Cast Iron,Helical,10 HP,7021,units,Pune,17,Industrial plant,Normal,0.63,637962.47,Medium
R04078,B1254,"Need 3491 steel brackets for construction, Stainless Steel SS304, 5 mm. Delivery required in Chennai within 23 days. Please share quotation.",Steel Brackets,Stainless Steel,SS304,5 mm,3491,units,Chennai,23,Construction,Normal,0.75,132048.24,Medium
R04079,B0904,"Looking for 10339 units of Steel hydraulic cylinders (MS), size 150 mm, for our industrial plant plant in Kolkata. Need delivery in 31 days.",Hydraulic Cylinders,Steel,MS,150 mm,10339,units,Kolkata,31,Industrial plant,Flexible,0.41,4031489.99,Medium
R04080,B0081,"Looking for 182 units of Stainless Steel sheet metal parts (MS), size 2 mm, for our construction plant in Kolkata. Need delivery in 43 days.",Sheet Metal Parts,Stainless Steel,MS,2 mm,182,units,Kolkata,43,Construction,Flexible,0.7,15090.1,Low
R04081,B0497,"Looking for 8345 units of Rubber conveyor belts (Food Grade), size 800 mm, for our general manufacturing plant in Nagpur. Need delivery in 37 days.",Conveyor Belts,Rubber,Food Grade,800 mm,8345,units,Nagpur,37,General manufacturing,Flexible,0.47,2514461.3,Medium
R04082,B1328,"Need 9314 industrial pumps for automotive, Cast Iron CI, 5 HP. Delivery required in Chennai within 25 days. Please share quotation.",Industrial Pumps,Cast Iron,CI,5 HP,9314,units,Chennai,25,Automotive,Normal,0.26,4126856.68,Medium
R04083,B0620,"Please quote for 1168 industrial pumps, Stainless Steel, SS316, 5 HP. Location: Bengaluru. Required by 3 days.",Industrial Pumps,Stainless Steel,SS316,5 HP,1168,units,Bengaluru,3,Automotive,Urgent,0.54,399159.2,Medium
R04084,B0925,"Looking for 6535 units of Aluminium electric motors (IE3), size 10 HP, for our automotive plant in Mumbai. Need delivery in 20 days.",Electric Motors,Aluminium,IE3,10 HP,6535,units,Mumbai,20,Automotive,Normal,0.03,816224.56,Medium
R04085,B0474,"Please quote for 11149 conveyor belts, Rubber, Food Grade, 800 mm. Location: Nagpur. Required by 35 days.",Conveyor Belts,Rubber,Food Grade,800 mm,11149,units,Nagpur,35,Automotive,Flexible,0.82,3792575.46,Medium
R04086,B0529,"Please quote for 3135 steel brackets, Mild Steel, MS, 8 mm. Location: Hyderabad. Required by 6 days.",Steel Brackets,Mild Steel,MS,8 mm,3135,units,Hyderabad,6,Construction,Urgent,0.8,938036.89,High
R04087,B1465,"Need 9413 industrial pumps for oem project, Stainless Steel CI, 5 HP. Delivery required in Bengaluru within 38 days. Please share quotation.",Industrial Pumps,Stainless Steel,CI,5 HP,9413,units,Bengaluru,38,OEM project,Flexible,0.28,1502912.46,Medium
R04088,B1141,"Looking for 5109 units of Cast Iron electric motors (IE3), size 25 HP, for our industrial plant plant in Delhi. Need delivery in 22 days.",Electric Motors,Cast Iron,IE3,25 HP,5109,units,Delhi,22,Industrial plant,Normal,0.76,2409204.38,High
R04089,B0710,"Need 11917 hydraulic cylinders for automotive, Steel MS, 150 mm. Delivery required in Kolkata within 13 days. Please share quotation.",Hydraulic Cylinders,Steel,MS,150 mm,11917,units,Kolkata,13,Automotive,Normal,0.1,3399022.94,High
R04090,B0946,"Need 3690 industrial pumps for automotive, Stainless Steel CI, 10 HP. Delivery required in Bengaluru within 41 days. Please share quotation.",Industrial Pumps,Stainless Steel,CI,10 HP,3690,units,Bengaluru,41,Automotive,Flexible,0.65,697580.38,Medium
R04091,B1259,"Looking for 8371 units of Cast Iron electric motors (IE2), size 10 HP, for our construction plant in Nashik. Need delivery in 12 days.",Electric Motors,Cast Iron,IE2,10 HP,8371,units,Nashik,12,Construction,Normal,0.5,3705515.49,High
R04092,B0727,"Need 9752 hydraulic cylinders for general manufacturing, Stainless Steel SS304, 50 mm. Delivery required in Delhi within 41 days. Please share quotation.",Hydraulic Cylinders,Stainless Steel,SS304,50 mm,9752,units,Delhi,41,General manufacturing,Flexible,0.14,2739432.98,Medium
R04093,B1220,"Looking for 10042 units of Cast Iron gearboxes (Worm), size 10 HP, for our industrial plant plant in Mumbai. Need delivery in 20 days.",Gearboxes,Cast Iron,Worm,10 HP,10042,units,Mumbai,20,Industrial plant,Normal,0.41,4145948.29,Medium
R04094,B0417,"Looking for 7740 units of Carbon Steel ball valves (SS304), size 1 inch, for our general manufacturing plant in Pune. Need delivery in 18 days.",Ball Valves,Carbon Steel,SS304,1 inch,7740,units,Pune,18,General manufacturing,Normal,0.19,2025795.97,Medium
R04095,B0191,"Need 10704 conveyor belts for general manufacturing, Rubber Grade A, 800 mm. Delivery required in Nashik within 33 days. Please share quotation.",Conveyor Belts,Rubber,Grade A,800 mm,10704,units,Nashik,33,General manufacturing,Flexible,0.53,4285767.62,Medium
R04096,B0344,"Looking for 2479 units of Cast Iron electric motors (IE2), size 10 HP, for our oem project plant in Nagpur. Need delivery in 9 days.",Electric Motors,Cast Iron,IE2,10 HP,2479,units,Nagpur,9,OEM project,Urgent,0.8,122210.04,Medium
R04097,B0504,"Please quote for 3281 sheet metal parts, Mild Steel, SS304, 5 mm. Location: Mumbai. Required by 16 days.",Sheet Metal Parts,Mild Steel,SS304,5 mm,3281,units,Mumbai,16,Automotive,Normal,0.35,430297.7,Low
R04098,B1113,"Please quote for 3313 industrial pumps, Cast Iron, CI, 5 HP. Location: Ahmedabad. Required by 3 days.",Industrial Pumps,Cast Iron,CI,5 HP,3313,units,Ahmedabad,3,Automotive,Urgent,0.36,1155495.88,High
R04099,B0146,"Need 11823 industrial pumps for general manufacturing, Cast Iron SS304, 20 HP. Delivery required in Delhi within 15 days. Please share quotation.",Industrial Pumps,Cast Iron,SS304,20 HP,11823,units,Delhi,15,General manufacturing,Normal,0.13,5462448.68,High
R04100,B0046,"Looking for 4282 units of Carbon Steel ball valves (SS316), size 2 inch, for our oem project plant in Kolkata. Need delivery in 9 days.",Ball Valves,Carbon Steel,SS316,2 inch,4282,units,Kolkata,9,OEM project,Urgent,0.93,1749855.63,High
R04101,B0906,"Please quote for 5205 ball valves, Carbon Steel, SS304, 3 inch. Location: Pune. Required by 8 days.",Ball Valves,Carbon Steel,SS304,3 inch,5205,units,Pune,8,OEM project,Urgent,0.31,1378798.09,High
R04102,B1011,"Looking for 6579 units of Cast Iron electric motors (IE2), size 5 HP, for our construction plant in Nashik. Need delivery in 11 days.",Electric Motors,Cast Iron,IE2,5 HP,6579,units,Nashik,11,Construction,Normal,0.61,1557774.38,High
R04103,B0037,"Looking for 2934 units of Stainless Steel sheet metal parts (MS), size 10 mm, for our industrial plant plant in Delhi. Need delivery in 39 days.",Sheet Metal Parts,Stainless Steel,MS,10 mm,2934,units,Delhi,39,Industrial plant,Flexible,0.97,453749.49,Low
R04104,B1142,"Need 11936 industrial pumps for oem project, Cast Iron SS316, 5 HP. Delivery required in Bengaluru within 34 days. Please share quotation.",Industrial Pumps,Cast Iron,SS316,5 HP,11936,units,Bengaluru,34,OEM project,Flexible,0.97,3548140.42,Medium
R04105,B0018,"Need 9729 ball valves for industrial plant, Stainless Steel CS, 2 inch. Delivery required in Kolkata within 13 days. Please share quotation.",Ball Valves,Stainless Steel,CS,2 inch,9729,units,Kolkata,13,Industrial plant,Normal,0.43,2697181.29,High
R04106,B0061,"Please quote for 5653 steel brackets, Mild Steel, MS, 5 mm. Location: Mumbai. Required by 28 days.",Steel Brackets,Mild Steel,MS,5 mm,5653,units,Mumbai,28,OEM project,Flexible,0.67,774234.88,High
R04107,B0238,"Please quote for 5225 sheet metal parts, Stainless Steel, MS, 2 mm. Location: Pune. Required by 11 days.",Sheet Metal Parts,Stainless Steel,MS,2 mm,5225,units,Pune,11,General manufacturing,Normal,0.1,1623540.64,High
R04108,B1014,"Please quote for 9713 gearboxes, Steel, Worm, 5 HP. Location: Ahmedabad. Required by 37 days.",Gearboxes,Steel,Worm,5 HP,9713,units,Ahmedabad,37,Automotive,Flexible,0.33,3918402.71,Medium
R04109,B0045,"Need 5816 gearboxes for industrial plant, Cast Iron Worm, 2 HP. Delivery required in Pune within 41 days. Please share quotation.",Gearboxes,Cast Iron,Worm,2 HP,5816,units,Pune,41,Industrial plant,Flexible,0.05,2317023.56,Medium
R04110,B0960,"Please quote for 5282 gearboxes, Cast Iron, Helical, 2 HP. Location: Delhi. Required by 35 days.",Gearboxes,Cast Iron,Helical,2 HP,5282,units,Delhi,35,Construction,Flexible,0.32,740153.91,Medium
R04111,B0846,"Need 2392 sheet metal parts for automotive, Stainless Steel MS, 2 mm. Delivery required in Hyderabad within 27 days. Please share quotation.",Sheet Metal Parts,Stainless Steel,MS,2 mm,2392,units,Hyderabad,27,Automotive,Flexible,0.01,184354.68,Low
R04112,B0354,"Please quote for 5247 hydraulic cylinders, Steel, MS, 100 mm. Location: Mumbai. Required by 18 days.",Hydraulic Cylinders,Steel,MS,100 mm,5247,units,Mumbai,18,Automotive,Normal,0.3,1092644.64,Medium
R04113,B0280,"Looking for 291 units of Steel gearboxes (Worm), size 5 HP, for our industrial plant plant in Chennai. Need delivery in 4 days.",Gearboxes,Steel,Worm,5 HP,291,units,Chennai,4,Industrial plant,Urgent,0.9,56009.24,Medium
R04114,B1164,"Please quote for 1707 steel brackets, Stainless Steel, MS, 8 mm. Location: Nagpur. Required by 25 days.",Steel Brackets,Stainless Steel,MS,8 mm,1707,units,Nagpur,25,General manufacturing,Normal,0.02,128073.22,Low
R04115,B1260,"Please quote for 5298 hydraulic cylinders, Stainless Steel, MS, 100 mm. Location: Ahmedabad. Required by 34 days.",Hydraulic Cylinders,Stainless Steel,MS,100 mm,5298,units,Ahmedabad,34,OEM project,Flexible,0.52,248535.55,Low
R04116,B1244,"Need 1789 gearboxes for automotive, Steel Helical, 10 HP. Delivery required in Kolkata within 31 days. Please share quotation.",Gearboxes,Steel,Helical,10 HP,1789,units,Kolkata,31,Automotive,Flexible,0.01,689787.79,Low
R04117,B0236,"Looking for 3126 units of Stainless Steel ball valves (SS304), size 1 inch, for our construction plant in Mumbai. Need delivery in 26 days.",Ball Valves,Stainless Steel,SS304,1 inch,3126,units,Mumbai,26,Construction,Flexible,0.2,538139.33,Medium
R04118,B1183,"Need 5842 steel brackets for general manufacturing, Mild Steel MS, 5 mm. Delivery required in Pune within 31 days. Please share quotation.",Steel Brackets,Mild Steel,MS,5 mm,5842,units,Pune,31,General manufacturing,Flexible,0.8,2627958.76,Medium
R04119,B0298,"Need 5960 hydraulic cylinders for industrial plant, Steel SS304, 100 mm. Delivery required in Mumbai within 22 days. Please share quotation.",Hydraulic Cylinders,Steel,SS304,100 mm,5960,units,Mumbai,22,Industrial plant,Normal,0.11,2246705.0,Medium
R04120,B0269,"Please quote for 3517 industrial pumps, Stainless Steel, SS316, 20 HP. Location: Hyderabad. Required by 3 days.",Industrial Pumps,Stainless Steel,SS316,20 HP,3517,units,Hyderabad,3,Automotive,Urgent,0.11,368933.87,Medium
R04121,B0991,"Need 1667 electric motors for industrial plant, Aluminium IE2, 10 HP. Delivery required in Chennai within 40 days. Please share quotation.",Electric Motors,Aluminium,IE2,10 HP,1667,units,Chennai,40,Industrial plant,Flexible,0.69,187134.83,Low
R04122,B0477,"Need 9959 electric motors for construction, Cast Iron IE3, 5 HP. Delivery required in Pune within 18 days. Please share quotation.",Electric Motors,Cast Iron,IE3,5 HP,9959,units,Pune,18,Construction,Normal,0.25,1194848.23,Medium
R04123,B1470,"Looking for 11450 units of PU conveyor belts (Grade A), size 800 mm, for our automotive plant in Chennai. Need delivery in 12 days.",Conveyor Belts,PU,Grade A,800 mm,11450,units,Chennai,12,Automotive,Normal,0.49,4831953.38,High
R04124,B0159,"Please quote for 7023 gearboxes, Cast Iron, Helical, 10 HP. Location: Bengaluru. Required by 37 days.",Gearboxes,Cast Iron,Helical,10 HP,7023,units,Bengaluru,37,Industrial plant,Flexible,0.06,2525983.52,Medium
R04125,B1010,"Looking for 9534 units of Stainless Steel industrial pumps (CI), size 10 HP, for our general manufacturing plant in Ahmedabad. Need delivery in 13 days.",Industrial Pumps,Stainless Steel,CI,10 HP,9534,units,Ahmedabad,13,General manufacturing,Normal,0.37,1812357.34,High
R04126,B1287,"Need 3090 hydraulic cylinders for automotive, Stainless Steel MS, 50 mm. Delivery required in Nagpur within 40 days. Please share quotation.",Hydraulic Cylinders,Stainless Steel,MS,50 mm,3090,units,Nagpur,40,Automotive,Flexible,0.61,813629.23,Medium
R04127,B0237,"Looking for 11450 units of Stainless Steel ball valves (SS316), size 2 inch, for our oem project plant in Pune. Need delivery in 8 days.",Ball Valves,Stainless Steel,SS316,2 inch,11450,units,Pune,8,OEM project,Urgent,0.59,2773941.26,High
R04128,B0580,"Please quote for 9211 gearboxes, Steel, Worm, 10 HP. Location: Chennai. Required by 28 days.",Gearboxes,Steel,Worm,10 HP,9211,units,Chennai,28,General manufacturing,Flexible,0.26,3342875.91,Medium
R04129,B0377,"Looking for 7388 units of Carbon Steel ball valves (SS316), size 2 inch, for our general manufacturing plant in Ahmedabad. Need delivery in 16 days.",Ball Valves,Carbon Steel,SS316,2 inch,7388,units,Ahmedabad,16,General manufacturing,Normal,0.94,2275536.09,High
R04130,B1368,"Looking for 1927 units of Stainless Steel ball valves (SS304), size 3 inch, for our automotive plant in Kolkata. Need delivery in 3 days.",Ball Valves,Stainless Steel,SS304,3 inch,1927,units,Kolkata,3,Automotive,Urgent,0.32,502886.84,High
R04131,B0172,"Need 4338 conveyor belts for automotive, PU Grade A, 800 mm. Delivery required in Pune within 31 days. Please share quotation.",Conveyor Belts,PU,Grade A,800 mm,4338,units,Pune,31,Automotive,Flexible,0.11,2019370.52,Medium
R04132,B1298,"Need 8184 electric motors for construction, Cast Iron IE3, 5 HP. Delivery required in Ahmedabad within 6 days. Please share quotation.",Electric Motors,Cast Iron,IE3,5 HP,8184,units,Ahmedabad,6,Construction,Urgent,0.57,992776.07,High
R04133,B0400,"Looking for 1645 units of Rubber conveyor belts (Food Grade), size 800 mm, for our construction plant in Nashik. Need delivery in 40 days.",Conveyor Belts,Rubber,Food Grade,800 mm,1645,units,Nashik,40,Construction,Flexible,0.03,641537.05,Low
R04134,B0203,"Looking for 3596 units of Cast Iron industrial pumps (SS304), size 5 HP, for our industrial plant plant in Nagpur. Need delivery in 8 days.",Industrial Pumps,Cast Iron,SS304,5 HP,3596,units,Nagpur,8,Industrial plant,Urgent,0.55,1780603.2,High
R04135,B0180,"Please quote for 8889 steel brackets, Mild Steel, SS304, 3 mm. Location: Chennai. Required by 21 days.",Steel Brackets,Mild Steel,SS304,3 mm,8889,units,Chennai,21,Industrial plant,Normal,0.76,1098747.36,High
R04136,B0192,"Looking for 450 units of Mild Steel steel brackets (MS), size 5 mm, for our automotive plant in Delhi. Need delivery in 21 days.",Steel Brackets,Mild Steel,MS,5 mm,450,units,Delhi,21,Automotive,Normal,0.83,195242.24,Low
R04137,B0238,"Looking for 2398 units of Stainless Steel hydraulic cylinders (MS), size 100 mm, for our construction plant in Chennai. Need delivery in 44 days.",Hydraulic Cylinders,Stainless Steel,MS,100 mm,2398,units,Chennai,44,Construction,Flexible,0.72,582730.51,Medium
R04138,B0314,"Looking for 4781 units of Steel hydraulic cylinders (SS304), size 100 mm, for our construction plant in Nashik. Need delivery in 35 days.",Hydraulic Cylinders,Steel,SS304,100 mm,4781,units,Nashik,35,Construction,Flexible,0.07,380768.0,Low
R04139,B0804,"Need 11518 hydraulic cylinders for oem project, Stainless Steel MS, 100 mm. Delivery required in Ahmedabad within 13 days. Please share quotation.",Hydraulic Cylinders,Stainless Steel,MS,100 mm,11518,units,Ahmedabad,13,OEM project,Normal,0.04,4933053.05,High
R04140,B0962,"Need 8046 ball valves for automotive, Stainless Steel SS304, 1 inch. Delivery required in Pune within 22 days. Please share quotation.",Ball Valves,Stainless Steel,SS304,1 inch,8046,units,Pune,22,Automotive,Normal,0.48,2702430.55,Medium
R04141,B0116,"Please quote for 11907 industrial pumps, Cast Iron, SS304, 5 HP. Location: Chennai. Required by 3 days.",Industrial Pumps,Cast Iron,SS304,5 HP,11907,units,Chennai,3,Industrial plant,Urgent,0.08,2998846.34,High
R04142,B0811,"Please quote for 9504 conveyor belts, Rubber, Food Grade, 500 mm. Location: Bengaluru. Required by 35 days.",Conveyor Belts,Rubber,Food Grade,500 mm,9504,units,Bengaluru,35,Automotive,Flexible,0.92,700441.99,Medium
R04143,B1073,"Please quote for 11261 gearboxes, Steel, Worm, 2 HP. Location: Hyderabad. Required by 27 days.",Gearboxes,Steel,Worm,2 HP,11261,units,Hyderabad,27,Automotive,Flexible,0.65,5520311.11,High
R04144,B1029,"Looking for 5610 units of Cast Iron electric motors (IE2), size 10 HP, for our oem project plant in Pune. Need delivery in 20 days.",Electric Motors,Cast Iron,IE2,10 HP,5610,units,Pune,20,OEM project,Normal,0.56,1065549.82,Medium
R04145,B0487,"Need 6850 electric motors for general manufacturing, Cast Iron IE2, 5 HP. Delivery required in Bengaluru within 14 days. Please share quotation.",Electric Motors,Cast Iron,IE2,5 HP,6850,units,Bengaluru,14,General manufacturing,Normal,0.34,3230044.51,High
R04146,B0224,"Please quote for 11410 steel brackets, Mild Steel, MS, 3 mm. Location: Chennai. Required by 37 days.",Steel Brackets,Mild Steel,MS,3 mm,11410,units,Chennai,37,Industrial plant,Flexible,0.41,5443476.19,Medium
R04147,B0003,"Looking for 4906 units of Steel hydraulic cylinders (SS304), size 50 mm, for our construction plant in Bengaluru. Need delivery in 36 days.",Hydraulic Cylinders,Steel,SS304,50 mm,4906,units,Bengaluru,36,Construction,Flexible,0.37,1239842.31,Medium
R04148,B1308,"Looking for 3890 units of Cast Iron gearboxes (Worm), size 10 HP, for our construction plant in Ahmedabad. Need delivery in 14 days.",Gearboxes,Cast Iron,Worm,10 HP,3890,units,Ahmedabad,14,Construction,Normal,0.01,1711185.9,Medium
R04149,B0826,"Need 1364 industrial pumps for industrial plant, Cast Iron SS304, 10 HP. Delivery required in Delhi within 28 days. Please share quotation.",Industrial Pumps,Cast Iron,SS304,10 HP,1364,units,Delhi,28,Industrial plant,Flexible,0.51,377008.89,Low
R04150,B0639,"Looking for 190 units of Stainless Steel ball valves (CS), size 2 inch, for our oem project plant in Kolkata. Need delivery in 20 days.",Ball Valves,Stainless Steel,CS,2 inch,190,units,Kolkata,20,OEM project,Normal,0.12,61447.31,Low
R04151,B0195,"Need 7756 steel brackets for industrial plant, Stainless Steel MS, 3 mm. Delivery required in Bengaluru within 32 days. Please share quotation.",Steel Brackets,Stainless Steel,MS,3 mm,7756,units,Bengaluru,32,Industrial plant,Flexible,0.87,246438.93,Medium
R04152,B0735,"Need 10073 conveyor belts for oem project, PU Food Grade, 500 mm. Delivery required in Chennai within 21 days. Please share quotation.",Conveyor Belts,PU,Food Grade,500 mm,10073,units,Chennai,21,OEM project,Normal,0.24,3271689.67,Medium
R04153,B0806,"Please quote for 9170 electric motors, Cast Iron, IE3, 5 HP. Location: Delhi. Required by 45 days.",Electric Motors,Cast Iron,IE3,5 HP,9170,units,Delhi,45,OEM project,Flexible,0.97,4456576.74,Medium
R04154,B1324,"Looking for 7157 units of Carbon Steel ball valves (SS316), size 2 inch, for our oem project plant in Mumbai. Need delivery in 15 days.",Ball Valves,Carbon Steel,SS316,2 inch,7157,units,Mumbai,15,OEM project,Normal,0.91,1211003.71,High
R04155,B0410,"Need 4423 ball valves for oem project, Stainless Steel SS316, 1 inch. Delivery required in Nashik within 23 days. Please share quotation.",Ball Valves,Stainless Steel,SS316,1 inch,4423,units,Nashik,23,OEM project,Normal,0.79,1322282.6,Medium
R04156,B0554,"Need 7110 hydraulic cylinders for industrial plant, Stainless Steel MS, 100 mm. Delivery required in Kolkata within 26 days. Please share quotation.",Hydraulic Cylinders,Stainless Steel,MS,100 mm,7110,units,Kolkata,26,Industrial plant,Flexible,0.52,2243565.84,Medium
R04157,B0151,"Looking for 7701 units of Cast Iron electric motors (IE3), size 5 HP, for our industrial plant plant in Nagpur. Need delivery in 31 days.",Electric Motors,Cast Iron,IE3,5 HP,7701,units,Nagpur,31,Industrial plant,Flexible,0.0,3763603.36,Medium
R04158,B1076,"Looking for 880 units of Cast Iron industrial pumps (SS316), size 10 HP, for our oem project plant in Kolkata. Need delivery in 34 days.",Industrial Pumps,Cast Iron,SS316,10 HP,880,units,Kolkata,34,OEM project,Flexible,0.45,64028.27,Low
R04159,B0228,"Please quote for 2663 hydraulic cylinders, Steel, SS304, 100 mm. Location: Mumbai. Required by 27 days.",Hydraulic Cylinders,Steel,SS304,100 mm,2663,units,Mumbai,27,Construction,Flexible,0.52,1290362.64,Medium
R04160,B1421,"Looking for 9227 units of Mild Steel steel brackets (MS), size 8 mm, for our automotive plant in Bengaluru. Need delivery in 11 days.",Steel Brackets,Mild Steel,MS,8 mm,9227,units,Bengaluru,11,Automotive,Normal,0.58,682800.99,High
R04161,B0861,"Please quote for 4071 electric motors, Cast Iron, IE2, 5 HP. Location: Kolkata. Required by 9 days.",Electric Motors,Cast Iron,IE2,5 HP,4071,units,Kolkata,9,General manufacturing,Urgent,0.91,936933.38,High
R04162,B0126,"Please quote for 6171 ball valves, Carbon Steel, SS316, 1 inch. Location: Nagpur. Required by 44 days.",Ball Valves,Carbon Steel,SS316,1 inch,6171,units,Nagpur,44,Automotive,Flexible,0.12,705762.64,Medium
R04163,B0444,"Looking for 10019 units of PU conveyor belts (Grade A), size 1000 mm, for our construction plant in Kolkata. Need delivery in 29 days.",Conveyor Belts,PU,Grade A,1000 mm,10019,units,Kolkata,29,Construction,Flexible,0.25,4540304.96,Medium
R04164,B0383,"Looking for 5132 units of Mild Steel steel brackets (SS304), size 5 mm, for our automotive plant in Bengaluru. Need delivery in 14 days.",Steel Brackets,Mild Steel,SS304,5 mm,5132,units,Bengaluru,14,Automotive,Normal,0.54,1270763.67,High
R04165,B0861,"Need 6815 electric motors for industrial plant, Aluminium IE3, 10 HP. Delivery required in Pune within 35 days. Please share quotation.",Electric Motors,Aluminium,IE3,10 HP,6815,units,Pune,35,Industrial plant,Flexible,0.02,3089802.64,Medium
R04166,B1415,"Need 10413 sheet metal parts for oem project, Stainless Steel SS304, 2 mm. Delivery required in Chennai within 30 days. Please share quotation.",Sheet Metal Parts,Stainless Steel,SS304,2 mm,10413,units,Chennai,30,OEM project,Flexible,0.31,3988592.61,Medium
R04167,B0031,"Please quote for 8743 hydraulic cylinders, Steel, MS, 100 mm. Location: Kolkata. Required by 27 days.",Hydraulic Cylinders,Steel,MS,100 mm,8743,units,Kolkata,27,OEM project,Flexible,0.61,701275.9,Medium
R04168,B1375,"Please quote for 3319 gearboxes, Steel, Worm, 5 HP. Location: Mumbai. Required by 34 days.",Gearboxes,Steel,Worm,5 HP,3319,units,Mumbai,34,Construction,Flexible,0.47,278384.94,Low
R04169,B0964,"Need 10817 steel brackets for oem project, Stainless Steel SS304, 5 mm. Delivery required in Mumbai within 12 days. Please share quotation.",Steel Brackets,Stainless Steel,SS304,5 mm,10817,units,Mumbai,12,OEM project,Normal,0.24,3522689.26,High
R04170,B0213,"Need 6849 hydraulic cylinders for general manufacturing, Steel SS304, 150 mm. Delivery required in Kolkata within 26 days. Please share quotation.",Hydraulic Cylinders,Steel,SS304,150 mm,6849,units,Kolkata,26,General manufacturing,Flexible,0.62,2250332.26,Medium
R04171,B0247,"Looking for 7955 units of Cast Iron gearboxes (Helical), size 2 HP, for our automotive plant in Hyderabad. Need delivery in 28 days.",Gearboxes,Cast Iron,Helical,2 HP,7955,units,Hyderabad,28,Automotive,Flexible,0.15,2157987.55,Medium
R04172,B1299,"Need 5344 steel brackets for oem project, Mild Steel SS304, 3 mm. Delivery required in Chennai within 22 days. Please share quotation.",Steel Brackets,Mild Steel,SS304,3 mm,5344,units,Chennai,22,OEM project,Normal,0.64,896046.82,Medium
R04173,B0512,"Please quote for 5440 conveyor belts, Rubber, Grade A, 1000 mm. Location: Bengaluru. Required by 20 days.",Conveyor Belts,Rubber,Grade A,1000 mm,5440,units,Bengaluru,20,Industrial plant,Normal,0.8,1690004.35,High
R04174,B0822,"Need 7975 gearboxes for construction, Cast Iron Helical, 10 HP. Delivery required in Kolkata within 39 days. Please share quotation.",Gearboxes,Cast Iron,Helical,10 HP,7975,units,Kolkata,39,Construction,Flexible,0.89,3870676.6,Medium
R04175,B0924,"Please quote for 2212 sheet metal parts, Mild Steel, MS, 10 mm. Location: Pune. Required by 32 days.",Sheet Metal Parts,Mild Steel,MS,10 mm,2212,units,Pune,32,Construction,Flexible,0.42,501273.34,Medium
R04176,B0654,"Please quote for 1012 ball valves, Stainless Steel, SS304, 1 inch. Location: Nashik. Required by 13 days.",Ball Valves,Stainless Steel,SS304,1 inch,1012,units,Nashik,13,Construction,Normal,0.69,291862.04,Medium
R04177,B0014,"Looking for 2357 units of Stainless Steel hydraulic cylinders (MS), size 50 mm, for our general manufacturing plant in Ahmedabad. Need delivery in 43 days.",Hydraulic Cylinders,Stainless Steel,MS,50 mm,2357,units,Ahmedabad,43,General manufacturing,Flexible,0.24,746245.47,Medium
R04178,B0845,"Please quote for 9585 ball valves, Carbon Steel, SS304, 1 inch. Location: Bengaluru. Required by 36 days.",Ball Valves,Carbon Steel,SS304,1 inch,9585,units,Bengaluru,36,General manufacturing,Flexible,0.86,423062.21,Medium
R04179,B0927,"Please quote for 1323 conveyor belts, PU, Grade A, 800 mm. Location: Delhi. Required by 5 days.",Conveyor Belts,PU,Grade A,800 mm,1323,units,Delhi,5,Automotive,Urgent,0.11,157311.14,Medium
R04180,B1428,"Please quote for 6720 steel brackets, Stainless Steel, SS304, 3 mm. Location: Chennai. Required by 10 days.",Steel Brackets,Stainless Steel,SS304,3 mm,6720,units,Chennai,10,General manufacturing,Urgent,0.07,3281371.51,High
R04181,B0319,"Please quote for 1551 sheet metal parts, Stainless Steel, SS304, 10 mm. Location: Ahmedabad. Required by 21 days.",Sheet Metal Parts,Stainless Steel,SS304,10 mm,1551,units,Ahmedabad,21,Industrial plant,Normal,0.1,700945.66,Medium
R04182,B0984,"Please quote for 11019 gearboxes, Cast Iron, Helical, 2 HP. Location: Nashik. Required by 22 days.",Gearboxes,Cast Iron,Helical,2 HP,11019,units,Nashik,22,General manufacturing,Normal,0.13,5214210.23,Medium
R04183,B1228,"Looking for 1188 units of Mild Steel sheet metal parts (SS304), size 5 mm, for our automotive plant in Delhi. Need delivery in 32 days.",Sheet Metal Parts,Mild Steel,SS304,5 mm,1188,units,Delhi,32,Automotive,Flexible,0.87,355207.69,Low
R04184,B0459,"Please quote for 4769 industrial pumps, Cast Iron, CI, 20 HP. Location: Mumbai. Required by 32 days.",Industrial Pumps,Cast Iron,CI,20 HP,4769,units,Mumbai,32,OEM project,Flexible,0.77,1582196.09,Medium
R04185,B0649,"Need 4950 conveyor belts for construction, PU Grade A, 1000 mm. Delivery required in Nagpur within 40 days. Please share quotation.",Conveyor Belts,PU,Grade A,1000 mm,4950,units,Nagpur,40,Construction,Flexible,0.12,588307.01,Medium
R04186,B1488,"Need 6858 electric motors for automotive, Aluminium IE2, 10 HP. Delivery required in Kolkata within 43 days. Please share quotation.",Electric Motors,Aluminium,IE2,10 HP,6858,units,Kolkata,43,Automotive,Flexible,0.24,3298034.02,Medium
R04187,B0571,"Please quote for 10832 conveyor belts, PU, Grade A, 1000 mm. Location: Ahmedabad. Required by 39 days.",Conveyor Belts,PU,Grade A,1000 mm,10832,units,Ahmedabad,39,Industrial plant,Flexible,0.2,4205314.73,Medium
R04188,B0014,"Need 7635 ball valves for oem project, Stainless Steel SS316, 1 inch. Delivery required in Hyderabad within 14 days. Please share quotation.",Ball Valves,Stainless Steel,SS316,1 inch,7635,units,Hyderabad,14,OEM project,Normal,0.65,3751350.14,High
R04189,B0227,"Please quote for 4399 ball valves, Carbon Steel, SS316, 1 inch. Location: Pune. Required by 17 days.",Ball Valves,Carbon Steel,SS316,1 inch,4399,units,Pune,17,OEM project,Normal,0.91,361199.65,Medium
R04190,B1181,"Need 4551 industrial pumps for oem project, Cast Iron CI, 5 HP. Delivery required in Delhi within 35 days. Please share quotation.",Industrial Pumps,Cast Iron,CI,5 HP,4551,units,Delhi,35,OEM project,Flexible,0.17,243782.72,Low
R04191,B1371,"Need 1064 gearboxes for automotive, Cast Iron Worm, 5 HP. Delivery required in Kolkata within 23 days. Please share quotation.",Gearboxes,Cast Iron,Worm,5 HP,1064,units,Kolkata,23,Automotive,Normal,0.34,394879.5,Low
R04192,B0377,"Please quote for 5428 industrial pumps, Cast Iron, SS316, 20 HP. Location: Hyderabad. Required by 36 days.",Industrial Pumps,Cast Iron,SS316,20 HP,5428,units,Hyderabad,36,Automotive,Flexible,0.22,989761.67,Medium
R04193,B0497,"Looking for 9924 units of Carbon Steel ball valves (CS), size 1 inch, for our industrial plant plant in Nashik. Need delivery in 36 days.",Ball Valves,Carbon Steel,CS,1 inch,9924,units,Nashik,36,Industrial plant,Flexible,0.89,4246884.72,Medium
R04194,B0651,"Need 11986 sheet metal parts for automotive, Mild Steel SS304, 2 mm. Delivery required in Ahmedabad within 31 days. Please share quotation.",Sheet Metal Parts,Mild Steel,SS304,2 mm,11986,units,Ahmedabad,31,Automotive,Flexible,0.44,783637.94,Medium
R04195,B1410,"Need 7808 sheet metal parts for automotive, Mild Steel MS, 10 mm. Delivery required in Nashik within 19 days. Please share quotation.",Sheet Metal Parts,Mild Steel,MS,10 mm,7808,units,Nashik,19,Automotive,Normal,0.66,307480.22,Medium
R04196,B0299,"Looking for 11643 units of Stainless Steel hydraulic cylinders (MS), size 100 mm, for our general manufacturing plant in Ahmedabad. Need delivery in 43 days.",Hydraulic Cylinders,Stainless Steel,MS,100 mm,11643,units,Ahmedabad,43,General manufacturing,Flexible,0.74,593859.67,Medium
R04197,B1202,"Need 1870 hydraulic cylinders for general manufacturing, Steel MS, 150 mm. Delivery required in Nashik within 16 days. Please share quotation.",Hydraulic Cylinders,Steel,MS,150 mm,1870,units,Nashik,16,General manufacturing,Normal,0.0,134778.78,Low
R04198,B1379,"Please quote for 3603 ball valves, Carbon Steel, CS, 1 inch. Location: Kolkata. Required by 14 days.",Ball Valves,Carbon Steel,CS,1 inch,3603,units,Kolkata,14,Construction,Normal,0.22,310955.38,Medium
R04199,B0776,"Looking for 4944 units of Aluminium electric motors (IE3), size 10 HP, for our general manufacturing plant in Bengaluru. Need delivery in 27 days.",Electric Motors,Aluminium,IE3,10 HP,4944,units,Bengaluru,27,General manufacturing,Flexible,0.57,1641452.01,Medium
R04200,B0995,"Please quote for 329 industrial pumps, Cast Iron, CI, 10 HP. Location: Hyderabad. Required by 29 days.",Industrial Pumps,Cast Iron,CI,10 HP,329,units,Hyderabad,29,Construction,Flexible,0.58,79709.12,Low
R04201,B0608,"Looking for 8633 units of Rubber conveyor belts (Grade A), size 500 mm, for our construction plant in Kolkata. Need delivery in 15 days.",Conveyor Belts,Rubber,Grade A,500 mm,8633,units,Kolkata,15,Construction,Normal,0.33,1278355.78,High
R04202,B1402,"Looking for 2828 units of Cast Iron industrial pumps (SS316), size 20 HP, for our industrial plant plant in Nagpur. Need delivery in 35 days.",Industrial Pumps,Cast Iron,SS316,20 HP,2828,units,Nagpur,35,Industrial plant,Flexible,0.27,1370572.37,Medium
R04203,B1482,"Looking for 5409 units of Stainless Steel industrial pumps (SS304), size 5 HP, for our oem project plant in Hyderabad. Need delivery in 36 days.",Industrial Pumps,Stainless Steel,SS304,5 HP,5409,units,Hyderabad,36,OEM project,Flexible,0.83,2545052.51,Medium
R04204,B1424,"Please quote for 10989 gearboxes, Steel, Worm, 2 HP. Location: Nashik. Required by 10 days.",Gearboxes,Steel,Worm,2 HP,10989,units,Nashik,10,General manufacturing,Urgent,0.43,4417806.26,High
R04205,B1364,"Need 8212 sheet metal parts for general manufacturing, Stainless Steel MS, 5 mm. Delivery required in Bengaluru within 42 days. Please share quotation.",Sheet Metal Parts,Stainless Steel,MS,5 mm,8212,units,Bengaluru,42,General manufacturing,Flexible,0.72,657917.53,Medium
R04206,B0049,"Need 5920 hydraulic cylinders for construction, Steel SS304, 50 mm. Delivery required in Chennai within 40 days. Please share quotation.",Hydraulic Cylinders,Steel,SS304,50 mm,5920,units,Chennai,40,Construction,Flexible,0.08,458086.64,Low
R04207,B1108,"Looking for 5914 units of Stainless Steel hydraulic cylinders (SS304), size 100 mm, for our construction plant in Mumbai. Need delivery in 14 days.",Hydraulic Cylinders,Stainless Steel,SS304,100 mm,5914,units,Mumbai,14,Construction,Normal,0.51,1736574.5,High
R04208,B1184,"Looking for 11216 units of Stainless Steel industrial pumps (SS304), size 5 HP, for our oem project plant in Delhi. Need delivery in 13 days.",Industrial Pumps,Stainless Steel,SS304,5 HP,11216,units,Delhi,13,OEM project,Normal,0.71,5324126.35,High
R04209,B0927,"Need 2200 sheet metal parts for automotive, Mild Steel MS, 10 mm. Delivery required in Bengaluru within 45 days. Please share quotation.",Sheet Metal Parts,Mild Steel,MS,10 mm,2200,units,Bengaluru,45,Automotive,Flexible,0.16,912494.23,Medium
R04210,B1490,"Please quote for 2230 steel brackets, Stainless Steel, SS304, 8 mm. Location: Hyderabad. Required by 5 days.",Steel Brackets,Stainless Steel,SS304,8 mm,2230,units,Hyderabad,5,Automotive,Urgent,0.53,711613.25,High
R04211,B0078,"Please quote for 9432 conveyor belts, Rubber, Grade A, 1000 mm. Location: Mumbai. Required by 11 days.",Conveyor Belts,Rubber,Grade A,1000 mm,9432,units,Mumbai,11,Construction,Normal,0.42,2999763.65,High
R04212,B1466,"Need 11542 electric motors for general manufacturing, Cast Iron IE3, 25 HP. Delivery required in Chennai within 12 days. Please share quotation.",Electric Motors,Cast Iron,IE3,25 HP,11542,units,Chennai,12,General manufacturing,Normal,0.66,4148768.28,High
R04213,B1276,"Need 7260 electric motors for general manufacturing, Cast Iron IE3, 25 HP. Delivery required in Mumbai within 20 days. Please share quotation.",Electric Motors,Cast Iron,IE3,25 HP,7260,units,Mumbai,20,General manufacturing,Normal,0.12,2669525.79,Medium
R04214,B1209,"Looking for 3499 units of Mild Steel sheet metal parts (MS), size 10 mm, for our construction plant in Nashik. Need delivery in 34 days.",Sheet Metal Parts,Mild Steel,MS,10 mm,3499,units,Nashik,34,Construction,Flexible,0.64,266195.87,Low
R04215,B0879,"Please quote for 1427 sheet metal parts, Stainless Steel, MS, 5 mm. Location: Kolkata. Required by 36 days.",Sheet Metal Parts,Stainless Steel,MS,5 mm,1427,units,Kolkata,36,Automotive,Flexible,0.76,334535.19,Low
R04216,B1178,"Looking for 2350 units of Steel hydraulic cylinders (SS304), size 50 mm, for our general manufacturing plant in Mumbai. Need delivery in 35 days.",Hydraulic Cylinders,Steel,SS304,50 mm,2350,units,Mumbai,35,General manufacturing,Flexible,0.12,203610.17,Low
R04217,B1292,"Need 8402 ball valves for oem project, Carbon Steel SS316, 1 inch. Delivery required in Hyderabad within 8 days. Please share quotation.",Ball Valves,Carbon Steel,SS316,1 inch,8402,units,Hyderabad,8,OEM project,Urgent,0.89,3877577.33,High
R04218,B1447,"Please quote for 6083 conveyor belts, Rubber, Food Grade, 500 mm. Location: Bengaluru. Required by 24 days.",Conveyor Belts,Rubber,Food Grade,500 mm,6083,units,Bengaluru,24,OEM project,Normal,0.32,650298.63,Medium
R04219,B0506,"Please quote for 6862 gearboxes, Cast Iron, Helical, 10 HP. Location: Ahmedabad. Required by 11 days.",Gearboxes,Cast Iron,Helical,10 HP,6862,units,Ahmedabad,11,Automotive,Normal,0.82,2007614.71,High
R04220,B0459,"Need 719 sheet metal parts for automotive, Mild Steel SS304, 2 mm. Delivery required in Hyderabad within 4 days. Please share quotation.",Sheet Metal Parts,Mild Steel,SS304,2 mm,719,units,Hyderabad,4,Automotive,Urgent,0.16,294086.85,Medium
R04221,B0687,"Looking for 5013 units of Stainless Steel steel brackets (MS), size 8 mm, for our general manufacturing plant in Delhi. Need delivery in 15 days.",Steel Brackets,Stainless Steel,MS,8 mm,5013,units,Delhi,15,General manufacturing,Normal,0.04,1134238.84,High
R04222,B1196,"Looking for 5129 units of Mild Steel steel brackets (MS), size 8 mm, for our automotive plant in Mumbai. Need delivery in 14 days.",Steel Brackets,Mild Steel,MS,8 mm,5129,units,Mumbai,14,Automotive,Normal,0.92,720273.55,High
R04223,B1206,"Looking for 4580 units of Stainless Steel steel brackets (MS), size 3 mm, for our industrial plant plant in Kolkata. Need delivery in 19 days.",Steel Brackets,Stainless Steel,MS,3 mm,4580,units,Kolkata,19,Industrial plant,Normal,0.7,200263.67,Medium
R04224,B1088,"Need 5752 sheet metal parts for automotive, Mild Steel MS, 2 mm. Delivery required in Mumbai within 25 days. Please share quotation.",Sheet Metal Parts,Mild Steel,MS,2 mm,5752,units,Mumbai,25,Automotive,Normal,0.41,2700922.76,Medium
R04225,B0127,"Please quote for 11581 hydraulic cylinders, Steel, SS304, 150 mm. Location: Kolkata. Required by 26 days.",Hydraulic Cylinders,Steel,SS304,150 mm,11581,units,Kolkata,26,Automotive,Flexible,0.62,4971707.64,Medium
R04226,B1468,"Please quote for 2490 conveyor belts, PU, Grade A, 800 mm. Location: Ahmedabad. Required by 43 days.",Conveyor Belts,PU,Grade A,800 mm,2490,units,Ahmedabad,43,OEM project,Flexible,0.68,1204255.42,Medium
R04227,B1192,"Need 4329 industrial pumps for automotive, Stainless Steel CI, 10 HP. Delivery required in Kolkata within 29 days. Please share quotation.",Industrial Pumps,Stainless Steel,CI,10 HP,4329,units,Kolkata,29,Automotive,Flexible,0.91,1736626.88,Medium
R04228,B1082,"Please quote for 10208 steel brackets, Mild Steel, MS, 8 mm. Location: Hyderabad. Required by 20 days.",Steel Brackets,Mild Steel,MS,8 mm,10208,units,Hyderabad,20,OEM project,Normal,0.65,2328088.63,High
R04229,B0914,"Looking for 11659 units of Cast Iron gearboxes (Helical), size 2 HP, for our oem project plant in Hyderabad. Need delivery in 27 days.",Gearboxes,Cast Iron,Helical,2 HP,11659,units,Hyderabad,27,OEM project,Flexible,0.28,2025246.2,Medium
R04230,B0169,"Need 2345 steel brackets for oem project, Mild Steel MS, 5 mm. Delivery required in Kolkata within 14 days. Please share quotation.",Steel Brackets,Mild Steel,MS,5 mm,2345,units,Kolkata,14,OEM project,Normal,0.38,426544.26,Medium
R04231,B0046,"Please quote for 3001 ball valves, Carbon Steel, CS, 3 inch. Location: Chennai. Required by 13 days.",Ball Valves,Carbon Steel,CS,3 inch,3001,units,Chennai,13,OEM project,Normal,0.39,946952.76,Medium
R04232,B0123,"Looking for 6611 units of Stainless Steel industrial pumps (SS304), size 20 HP, for our general manufacturing plant in Delhi. Need delivery in 7 days.",Industrial Pumps,Stainless Steel,SS304,20 HP,6611,units,Delhi,7,General manufacturing,Urgent,0.98,1005048.39,High
R04233,B1277,"Need 7884 industrial pumps for oem project, Stainless Steel SS316, 5 HP. Delivery required in Hyderabad within 3 days. Please share quotation.",Industrial Pumps,Stainless Steel,SS316,5 HP,7884,units,Hyderabad,3,OEM project,Urgent,0.52,1975428.32,High
R04234,B0609,"Looking for 521 units of Aluminium electric motors (IE3), size 10 HP, for our automotive plant in Ahmedabad. Need delivery in 12 days.",Electric Motors,Aluminium,IE3,10 HP,521,units,Ahmedabad,12,Automotive,Normal,0.74,111519.31,Medium
R04235,B0617,"Need 9744 gearboxes for automotive, Cast Iron Worm, 10 HP. Delivery required in Ahmedabad within 18 days. Please share quotation.",Gearboxes,Cast Iron,Worm,10 HP,9744,units,Ahmedabad,18,Automotive,Normal,0.32,2007898.29,Medium
R04236,B0134,"Looking for 8284 units of Stainless Steel hydraulic cylinders (MS), size 50 mm, for our construction plant in Chennai. Need delivery in 3 days.",Hydraulic Cylinders,Stainless Steel,MS,50 mm,8284,units,Chennai,3,Construction,Urgent,0.86,3765343.49,High
R04237,B1088,"Need 4521 hydraulic cylinders for construction, Steel MS, 50 mm. Delivery required in Pune within 36 days. Please share quotation.",Hydraulic Cylinders,Steel,MS,50 mm,4521,units,Pune,36,Construction,Flexible,0.26,1336475.63,Medium
R04238,B1167,"Need 2404 ball valves for industrial plant, Carbon Steel SS304, 1 inch. Delivery required in Bengaluru within 44 days. Please share quotation.",Ball Valves,Carbon Steel,SS304,1 inch,2404,units,Bengaluru,44,Industrial plant,Flexible,0.95,77741.83,Low
R04239,B0842,"Looking for 6950 units of Rubber conveyor belts (Grade A), size 800 mm, for our oem project plant in Pune. Need delivery in 16 days.",Conveyor Belts,Rubber,Grade A,800 mm,6950,units,Pune,16,OEM project,Normal,0.5,3431246.43,Medium
R04240,B1439,"Need 10270 industrial pumps for construction, Cast Iron SS316, 5 HP. Delivery required in Kolkata within 26 days. Please share quotation.",Industrial Pumps,Cast Iron,SS316,5 HP,10270,units,Kolkata,26,Construction,Flexible,0.85,2296906.95,High
R04241,B0648,"Need 157 industrial pumps for general manufacturing, Cast Iron CI, 5 HP. Delivery required in Nagpur within 31 days. Please share quotation.",Industrial Pumps,Cast Iron,CI,5 HP,157,units,Nagpur,31,General manufacturing,Flexible,0.5,31449.15,Low
R04242,B0092,"Please quote for 3885 conveyor belts, Rubber, Food Grade, 1000 mm. Location: Chennai. Required by 32 days.",Conveyor Belts,Rubber,Food Grade,1000 mm,3885,units,Chennai,32,Construction,Flexible,0.98,558427.74,Medium
R04243,B0806,"Please quote for 10587 hydraulic cylinders, Steel, MS, 50 mm. Location: Ahmedabad. Required by 43 days.",Hydraulic Cylinders,Steel,MS,50 mm,10587,units,Ahmedabad,43,Industrial plant,Flexible,0.75,4647230.07,Medium
R04244,B0361,"Looking for 8499 units of Cast Iron electric motors (IE2), size 5 HP, for our industrial plant plant in Nagpur. Need delivery in 4 days.",Electric Motors,Cast Iron,IE2,5 HP,8499,units,Nagpur,4,Industrial plant,Urgent,0.98,2878490.05,High
R04245,B1224,"Need 5086 industrial pumps for general manufacturing, Cast Iron SS316, 10 HP. Delivery required in Kolkata within 26 days. Please share quotation.",Industrial Pumps,Cast Iron,SS316,10 HP,5086,units,Kolkata,26,General manufacturing,Flexible,0.4,1021687.1,Medium
R04246,B0464,"Please quote for 7888 hydraulic cylinders, Stainless Steel, MS, 50 mm. Location: Pune. Required by 9 days.",Hydraulic Cylinders,Stainless Steel,MS,50 mm,7888,units,Pune,9,Automotive,Urgent,0.5,3897753.35,High
R04247,B1431,"Please quote for 6729 hydraulic cylinders, Stainless Steel, SS304, 100 mm. Location: Bengaluru. Required by 9 days.",Hydraulic Cylinders,Stainless Steel,SS304,100 mm,6729,units,Bengaluru,9,Construction,Urgent,0.42,3111441.16,High
R04248,B1457,"Need 5015 electric motors for oem project, Cast Iron IE2, 25 HP. Delivery required in Mumbai within 17 days. Please share quotation.",Electric Motors,Cast Iron,IE2,25 HP,5015,units,Mumbai,17,OEM project,Normal,0.08,255060.05,Medium
R04249,B0209,"Looking for 9475 units of Stainless Steel industrial pumps (CI), size 5 HP, for our automotive plant in Pune. Need delivery in 25 days.",Industrial Pumps,Stainless Steel,CI,5 HP,9475,units,Pune,25,Automotive,Normal,0.31,3229659.64,Medium
R04250,B0598,"Please quote for 10389 hydraulic cylinders, Steel, MS, 50 mm. Location: Hyderabad. Required by 17 days.",Hydraulic Cylinders,Steel,MS,50 mm,10389,units,Hyderabad,17,Construction,Normal,0.27,2196678.34,Medium
R04251,B0519,"Looking for 2618 units of Stainless Steel hydraulic cylinders (SS304), size 150 mm, for our general manufacturing plant in Ahmedabad. Need delivery in 34 days.",Hydraulic Cylinders,Stainless Steel,SS304,150 mm,2618,units,Ahmedabad,34,General manufacturing,Flexible,0.59,1227301.07,Medium
R04252,B1198,"Looking for 731 units of Stainless Steel steel brackets (SS304), size 5 mm, for our general manufacturing plant in Mumbai. Need delivery in 8 days.",Steel Brackets,Stainless Steel,SS304,5 mm,731,units,Mumbai,8,General manufacturing,Urgent,0.48,120499.4,Medium
R04253,B0740,"Please quote for 2916 sheet metal parts, Stainless Steel, MS, 10 mm. Location: Pune. Required by 11 days.",Sheet Metal Parts,Stainless Steel,MS,10 mm,2916,units,Pune,11,OEM project,Normal,0.78,536194.73,High
R04254,B0734,"Need 11232 electric motors for general manufacturing, Aluminium IE2, 25 HP. Delivery required in Nagpur within 15 days. Please share quotation.",Electric Motors,Aluminium,IE2,25 HP,11232,units,Nagpur,15,General manufacturing,Normal,0.34,2382651.97,High
R04255,B0957,"Looking for 9431 units of Stainless Steel steel brackets (MS), size 3 mm, for our general manufacturing plant in Mumbai. Need delivery in 37 days.",Steel Brackets,Stainless Steel,MS,3 mm,9431,units,Mumbai,37,General manufacturing,Flexible,0.61,3092529.21,Medium
R04256,B0048,"Looking for 5825 units of PU conveyor belts (Grade A), size 800 mm, for our automotive plant in Mumbai. Need delivery in 16 days.",Conveyor Belts,PU,Grade A,800 mm,5825,units,Mumbai,16,Automotive,Normal,0.07,1177033.17,Medium
R04257,B0505,"Please quote for 7653 conveyor belts, PU, Food Grade, 1000 mm. Location: Kolkata. Required by 24 days.",Conveyor Belts,PU,Food Grade,1000 mm,7653,units,Kolkata,24,Construction,Normal,0.21,3491856.82,Medium
R04258,B0935,"Please quote for 6704 ball valves, Stainless Steel, SS304, 1 inch. Location: Ahmedabad. Required by 29 days.",Ball Valves,Stainless Steel,SS304,1 inch,6704,units,Ahmedabad,29,Industrial plant,Flexible,0.16,1979160.94,Medium
R04259,B0839,"Need 5059 industrial pumps for construction, Cast Iron SS316, 10 HP. Delivery required in Pune within 24 days. Please share quotation.",Industrial Pumps,Cast Iron,SS316,10 HP,5059,units,Pune,24,Construction,Normal,0.32,402431.56,Medium
R04260,B1139,"Looking for 8348 units of Mild Steel sheet metal parts (SS304), size 5 mm, for our automotive plant in Chennai. Need delivery in 45 days.",Sheet Metal Parts,Mild Steel,SS304,5 mm,8348,units,Chennai,45,Automotive,Flexible,0.71,3150266.38,Medium
R04261,B1188,"Please quote for 5881 hydraulic cylinders, Stainless Steel, SS304, 150 mm. Location: Hyderabad. Required by 19 days.",Hydraulic Cylinders,Stainless Steel,SS304,150 mm,5881,units,Hyderabad,19,Industrial plant,Normal,0.59,1863338.44,Medium
R04262,B1158,"Please quote for 8157 hydraulic cylinders, Stainless Steel, SS304, 50 mm. Location: Chennai. Required by 19 days.",Hydraulic Cylinders,Stainless Steel,SS304,50 mm,8157,units,Chennai,19,Automotive,Normal,0.39,1250671.95,Medium
R04263,B0704,"Please quote for 304 hydraulic cylinders, Steel, SS304, 50 mm. Location: Kolkata. Required by 3 days.",Hydraulic Cylinders,Steel,SS304,50 mm,304,units,Kolkata,3,Construction,Urgent,1.0,39358.26,Medium
R04264,B0751,"Need 10984 ball valves for general manufacturing, Stainless Steel SS304, 2 inch. Delivery required in Chennai within 5 days. Please share quotation.",Ball Valves,Stainless Steel,SS304,2 inch,10984,units,Chennai,5,General manufacturing,Urgent,0.02,3836092.45,High
R04265,B0249,"Need 5912 sheet metal parts for construction, Mild Steel SS304, 2 mm. Delivery required in Nashik within 33 days. Please share quotation.",Sheet Metal Parts,Mild Steel,SS304,2 mm,5912,units,Nashik,33,Construction,Flexible,0.2,519599.86,Medium
R04266,B0930,"Looking for 917 units of Cast Iron industrial pumps (SS304), size 20 HP, for our automotive plant in Mumbai. Need delivery in 38 days.",Industrial Pumps,Cast Iron,SS304,20 HP,917,units,Mumbai,38,Automotive,Flexible,0.11,357562.5,Low
R04267,B1070,"Please quote for 2664 steel brackets, Mild Steel, SS304, 3 mm. Location: Hyderabad. Required by 43 days.",Steel Brackets,Mild Steel,SS304,3 mm,2664,units,Hyderabad,43,General manufacturing,Flexible,0.64,147415.13,Low
R04268,B0330,"Please quote for 2485 electric motors, Aluminium, IE2, 10 HP. Location: Ahmedabad. Required by 37 days.",Electric Motors,Aluminium,IE2,10 HP,2485,units,Ahmedabad,37,OEM project,Flexible,0.14,86559.12,Low
R04269,B0017,"Need 2466 conveyor belts for construction, PU Food Grade, 800 mm. Delivery required in Nashik within 4 days. Please share quotation.",Conveyor Belts,PU,Food Grade,800 mm,2466,units,Nashik,4,Construction,Urgent,0.95,122884.6,High
R04270,B1345,"Looking for 6434 units of Carbon Steel ball valves (SS316), size 1 inch, for our construction plant in Mumbai. Need delivery in 41 days.",Ball Valves,Carbon Steel,SS316,1 inch,6434,units,Mumbai,41,Construction,Flexible,0.96,1973942.91,Medium
R04271,B0533,"Looking for 7298 units of Carbon Steel ball valves (CS), size 1 inch, for our industrial plant plant in Mumbai. Need delivery in 7 days.",Ball Valves,Carbon Steel,CS,1 inch,7298,units,Mumbai,7,Industrial plant,Urgent,0.25,1353860.46,High
R04272,B0939,"Looking for 8799 units of Cast Iron electric motors (IE3), size 10 HP, for our oem project plant in Ahmedabad. Need delivery in 37 days.",Electric Motors,Cast Iron,IE3,10 HP,8799,units,Ahmedabad,37,OEM project,Flexible,0.18,3164861.88,Medium
R04273,B0803,"Need 6412 gearboxes for general manufacturing, Cast Iron Worm, 10 HP. Delivery required in Chennai within 16 days. Please share quotation.",Gearboxes,Cast Iron,Worm,10 HP,6412,units,Chennai,16,General manufacturing,Normal,0.48,1964973.57,Medium
R04274,B1134,"Please quote for 4990 electric motors, Aluminium, IE2, 10 HP. Location: Mumbai. Required by 33 days.",Electric Motors,Aluminium,IE2,10 HP,4990,units,Mumbai,33,Industrial plant,Flexible,0.33,801073.53,Medium
R04275,B1194,"Please quote for 9362 ball valves, Stainless Steel, CS, 3 inch. Location: Pune. Required by 42 days.",Ball Valves,Stainless Steel,CS,3 inch,9362,units,Pune,42,Automotive,Flexible,0.04,1289760.59,Medium
R04276,B0075,"Looking for 3837 units of Stainless Steel ball valves (SS316), size 3 inch, for our oem project plant in Nagpur. Need delivery in 20 days.",Ball Valves,Stainless Steel,SS316,3 inch,3837,units,Nagpur,20,OEM project,Normal,0.68,467948.27,Medium
R04277,B1290,"Please quote for 7585 sheet metal parts, Stainless Steel, MS, 10 mm. Location: Nashik. Required by 41 days.",Sheet Metal Parts,Stainless Steel,MS,10 mm,7585,units,Nashik,41,General manufacturing,Flexible,0.74,1507809.54,Medium
R04278,B0305,"Looking for 6570 units of Stainless Steel industrial pumps (SS316), size 10 HP, for our industrial plant plant in Nagpur. Need delivery in 21 days.",Industrial Pumps,Stainless Steel,SS316,10 HP,6570,units,Nagpur,21,Industrial plant,Normal,0.49,1047559.9,Medium
R04279,B0186,"Need 2167 conveyor belts for construction, Rubber Food Grade, 1000 mm. Delivery required in Mumbai within 20 days. Please share quotation.",Conveyor Belts,Rubber,Food Grade,1000 mm,2167,units,Mumbai,20,Construction,Normal,0.72,292893.17,Medium
R04280,B0704,"Looking for 9016 units of Stainless Steel industrial pumps (CI), size 5 HP, for our oem project plant in Hyderabad. Need delivery in 43 days.",Industrial Pumps,Stainless Steel,CI,5 HP,9016,units,Hyderabad,43,OEM project,Flexible,0.1,929228.84,Medium
R04281,B0695,"Need 4653 electric motors for general manufacturing, Aluminium IE3, 5 HP. Delivery required in Chennai within 23 days. Please share quotation.",Electric Motors,Aluminium,IE3,5 HP,4653,units,Chennai,23,General manufacturing,Normal,0.96,645126.48,Medium
R04282,B1001,"Need 6414 electric motors for construction, Cast Iron IE3, 25 HP. Delivery required in Nagpur within 5 days. Please share quotation.",Electric Motors,Cast Iron,IE3,25 HP,6414,units,Nagpur,5,Construction,Urgent,0.81,3048298.36,High
R04283,B0811,"Looking for 7518 units of Cast Iron gearboxes (Helical), size 5 HP, for our oem project plant in Mumbai. Need delivery in 6 days.",Gearboxes,Cast Iron,Helical,5 HP,7518,units,Mumbai,6,OEM project,Urgent,0.93,1089786.36,High
R04284,B0294,"Need 6618 industrial pumps for construction, Stainless Steel SS304, 10 HP. Delivery required in Ahmedabad within 8 days. Please share quotation.",Industrial Pumps,Stainless Steel,SS304,10 HP,6618,units,Ahmedabad,8,Construction,Urgent,0.71,933645.31,High
R04285,B1211,"Please quote for 5441 industrial pumps, Cast Iron, SS316, 5 HP. Location: Mumbai. Required by 15 days.",Industrial Pumps,Cast Iron,SS316,5 HP,5441,units,Mumbai,15,General manufacturing,Normal,0.49,2490921.85,High
R04286,B0663,"Please quote for 11794 steel brackets, Stainless Steel, SS304, 3 mm. Location: Kolkata. Required by 5 days.",Steel Brackets,Stainless Steel,SS304,3 mm,11794,units,Kolkata,5,General manufacturing,Urgent,0.8,3107189.36,High
R04287,B0119,"Need 11084 ball valves for general manufacturing, Stainless Steel CS, 3 inch. Delivery required in Nashik within 10 days. Please share quotation.",Ball Valves,Stainless Steel,CS,3 inch,11084,units,Nashik,10,General manufacturing,Urgent,0.97,2504048.42,High
R04288,B1326,"Need 7072 conveyor belts for construction, PU Food Grade, 1000 mm. Delivery required in Nashik within 29 days. Please share quotation.",Conveyor Belts,PU,Food Grade,1000 mm,7072,units,Nashik,29,Construction,Flexible,0.07,1268101.87,Medium
R04289,B0198,"Please quote for 3904 gearboxes, Cast Iron, Worm, 2 HP. Location: Bengaluru. Required by 5 days.",Gearboxes,Cast Iron,Worm,2 HP,3904,units,Bengaluru,5,OEM project,Urgent,0.96,838908.8,High
R04290,B0392,"Looking for 7423 units of Aluminium electric motors (IE3), size 10 HP, for our construction plant in Pune. Need delivery in 17 days.",Electric Motors,Aluminium,IE3,10 HP,7423,units,Pune,17,Construction,Normal,0.94,615988.6,High
R04291,B1176,"Please quote for 2244 gearboxes, Steel, Worm, 2 HP. Location: Bengaluru. Required by 5 days.",Gearboxes,Steel,Worm,2 HP,2244,units,Bengaluru,5,General manufacturing,Urgent,0.24,634767.6,High
R04292,B0741,"Looking for 1248 units of PU conveyor belts (Grade A), size 500 mm, for our construction plant in Hyderabad. Need delivery in 35 days.",Conveyor Belts,PU,Grade A,500 mm,1248,units,Hyderabad,35,Construction,Flexible,0.33,376593.09,Low
R04293,B0906,"Need 4863 ball valves for construction, Carbon Steel SS304, 2 inch. Delivery required in Pune within 15 days. Please share quotation.",Ball Valves,Carbon Steel,SS304,2 inch,4863,units,Pune,15,Construction,Normal,0.91,1572407.86,High
R04294,B0849,"Need 7640 ball valves for automotive, Stainless Steel SS304, 1 inch. Delivery required in Hyderabad within 27 days. Please share quotation.",Ball Valves,Stainless Steel,SS304,1 inch,7640,units,Hyderabad,27,Automotive,Flexible,0.34,2652442.91,Medium
R04295,B0392,"Looking for 1379 units of Cast Iron industrial pumps (SS316), size 20 HP, for our oem project plant in Pune. Need delivery in 17 days.",Industrial Pumps,Cast Iron,SS316,20 HP,1379,units,Pune,17,OEM project,Normal,0.64,66634.01,Low
R04296,B0740,"Please quote for 7815 conveyor belts, Rubber, Grade A, 1000 mm. Location: Ahmedabad. Required by 11 days.",Conveyor Belts,Rubber,Grade A,1000 mm,7815,units,Ahmedabad,11,Industrial plant,Normal,0.74,518651.35,High
R04297,B1243,"Need 11073 sheet metal parts for oem project, Mild Steel MS, 5 mm. Delivery required in Chennai within 45 days. Please share quotation.",Sheet Metal Parts,Mild Steel,MS,5 mm,11073,units,Chennai,45,OEM project,Flexible,0.98,4836237.15,Medium
R04298,B0382,"Please quote for 6281 industrial pumps, Cast Iron, SS304, 20 HP. Location: Kolkata. Required by 11 days.",Industrial Pumps,Cast Iron,SS304,20 HP,6281,units,Kolkata,11,Construction,Normal,0.49,2676008.41,High
R04299,B0192,"Please quote for 5385 conveyor belts, Rubber, Grade A, 1000 mm. Location: Kolkata. Required by 13 days.",Conveyor Belts,Rubber,Grade A,1000 mm,5385,units,Kolkata,13,Construction,Normal,0.12,1827354.88,High
R04300,B1354,"Looking for 8622 units of Stainless Steel steel brackets (SS304), size 8 mm, for our automotive plant in Nashik. Need delivery in 40 days.",Steel Brackets,Stainless Steel,SS304,8 mm,8622,units,Nashik,40,Automotive,Flexible,0.92,353792.4,Medium
R04301,B1426,"Looking for 1549 units of Aluminium electric motors (IE2), size 5 HP, for our oem project plant in Nashik. Need delivery in 23 days.",Electric Motors,Aluminium,IE2,5 HP,1549,units,Nashik,23,OEM project,Normal,0.29,173949.42,Low
R04302,B1196,"Please quote for 7663 conveyor belts, Rubber, Grade A, 500 mm. Location: Kolkata. Required by 44 days.",Conveyor Belts,Rubber,Grade A,500 mm,7663,units,Kolkata,44,Automotive,Flexible,0.69,3237698.82,Medium
R04303,B0205,"Please quote for 10309 electric motors, Aluminium, IE2, 10 HP. Location: Chennai. Required by 13 days.",Electric Motors,Aluminium,IE2,10 HP,10309,units,Chennai,13,Industrial plant,Normal,0.94,1416263.75,High
R04304,B0707,"Looking for 5219 units of Mild Steel sheet metal parts (SS304), size 2 mm, for our industrial plant plant in Delhi. Need delivery in 21 days.",Sheet Metal Parts,Mild Steel,SS304,2 mm,5219,units,Delhi,21,Industrial plant,Normal,0.89,819502.65,High
R04305,B1066,"Looking for 7300 units of Cast Iron industrial pumps (SS316), size 5 HP, for our construction plant in Ahmedabad. Need delivery in 26 days.",Industrial Pumps,Cast Iron,SS316,5 HP,7300,units,Ahmedabad,26,Construction,Flexible,0.97,281155.03,Medium
R04306,B1322,"Please quote for 106 hydraulic cylinders, Steel, MS, 50 mm. Location: Hyderabad. Required by 15 days.",Hydraulic Cylinders,Steel,MS,50 mm,106,units,Hyderabad,15,Construction,Normal,0.95,11014.42,Low
R04307,B0589,"Need 3753 steel brackets for oem project, Mild Steel SS304, 8 mm. Delivery required in Hyderabad within 10 days. Please share quotation.",Steel Brackets,Mild Steel,SS304,8 mm,3753,units,Hyderabad,10,OEM project,Urgent,0.2,872803.81,High
R04308,B0499,"Need 11591 hydraulic cylinders for construction, Steel SS304, 150 mm. Delivery required in Pune within 44 days. Please share quotation.",Hydraulic Cylinders,Steel,SS304,150 mm,11591,units,Pune,44,Construction,Flexible,0.69,4585029.67,Medium
R04309,B0546,"Please quote for 3749 hydraulic cylinders, Steel, MS, 50 mm. Location: Nashik. Required by 39 days.",Hydraulic Cylinders,Steel,MS,50 mm,3749,units,Nashik,39,Automotive,Flexible,0.24,1344115.75,Medium
R04310,B1130,"Please quote for 2495 ball valves, Carbon Steel, CS, 3 inch. Location: Nashik. Required by 8 days.",Ball Valves,Carbon Steel,CS,3 inch,2495,units,Nashik,8,Industrial plant,Urgent,0.89,173866.41,Medium
R04311,B0050,"Please quote for 6691 industrial pumps, Cast Iron, SS304, 10 HP. Location: Bengaluru. Required by 41 days.",Industrial Pumps,Cast Iron,SS304,10 HP,6691,units,Bengaluru,41,Industrial plant,Flexible,0.72,2918806.85,Medium
R04312,B0537,"Looking for 9052 units of Cast Iron electric motors (IE2), size 25 HP, for our general manufacturing plant in Hyderabad. Need delivery in 3 days.",Electric Motors,Cast Iron,IE2,25 HP,9052,units,Hyderabad,3,General manufacturing,Urgent,0.72,3391193.66,High
R04313,B0470,"Please quote for 2294 sheet metal parts, Stainless Steel, SS304, 2 mm. Location: Ahmedabad. Required by 41 days.",Sheet Metal Parts,Stainless Steel,SS304,2 mm,2294,units,Ahmedabad,41,OEM project,Flexible,0.12,533501.69,Medium
R04314,B0714,"Need 9339 industrial pumps for general manufacturing, Stainless Steel SS316, 10 HP. Delivery required in Ahmedabad within 8 days. Please share quotation.",Industrial Pumps,Stainless Steel,SS316,10 HP,9339,units,Ahmedabad,8,General manufacturing,Urgent,0.93,4187192.65,High
R04315,B0624,"Looking for 5526 units of Steel hydraulic cylinders (SS304), size 50 mm, for our general manufacturing plant in Ahmedabad. Need delivery in 10 days.",Hydraulic Cylinders,Steel,SS304,50 mm,5526,units,Ahmedabad,10,General manufacturing,Urgent,0.39,179967.19,Medium
R04316,B0184,"Need 2247 hydraulic cylinders for industrial plant, Steel SS304, 50 mm. Delivery required in Ahmedabad within 16 days. Please share quotation.",Hydraulic Cylinders,Steel,SS304,50 mm,2247,units,Ahmedabad,16,Industrial plant,Normal,0.13,1101400.16,Medium
R04317,B0848,"Need 2356 sheet metal parts for oem project, Stainless Steel MS, 5 mm. Delivery required in Hyderabad within 42 days. Please share quotation.",Sheet Metal Parts,Stainless Steel,MS,5 mm,2356,units,Hyderabad,42,OEM project,Flexible,0.33,530701.57,Medium
R04318,B0838,"Please quote for 7588 conveyor belts, Rubber, Grade A, 1000 mm. Location: Ahmedabad. Required by 28 days.",Conveyor Belts,Rubber,Grade A,1000 mm,7588,units,Ahmedabad,28,Construction,Flexible,0.05,690728.72,Medium
R04319,B0239,"Need 10207 sheet metal parts for oem project, Stainless Steel MS, 10 mm. Delivery required in Chennai within 29 days. Please share quotation.",Sheet Metal Parts,Stainless Steel,MS,10 mm,10207,units,Chennai,29,OEM project,Flexible,0.13,4476260.98,Medium
R04320,B0087,"Please quote for 553 industrial pumps, Cast Iron, CI, 10 HP. Location: Nashik. Required by 37 days.",Industrial Pumps,Cast Iron,CI,10 HP,553,units,Nashik,37,OEM project,Flexible,0.67,203329.27,Low
R04321,B1050,"Please quote for 5198 conveyor belts, Rubber, Grade A, 1000 mm. Location: Chennai. Required by 38 days.",Conveyor Belts,Rubber,Grade A,1000 mm,5198,units,Chennai,38,OEM project,Flexible,0.38,563640.66,Medium
R04322,B1042,"Need 4819 steel brackets for automotive, Stainless Steel MS, 5 mm. Delivery required in Kolkata within 27 days. Please share quotation.",Steel Brackets,Stainless Steel,MS,5 mm,4819,units,Kolkata,27,Automotive,Flexible,0.09,1195283.6,Medium
R04323,B0975,"Looking for 7256 units of Cast Iron gearboxes (Worm), size 2 HP, for our oem project plant in Delhi. Need delivery in 14 days.",Gearboxes,Cast Iron,Worm,2 HP,7256,units,Delhi,14,OEM project,Normal,0.56,1753128.06,High
R04324,B0014,"Looking for 2972 units of Aluminium electric motors (IE3), size 5 HP, for our automotive plant in Kolkata. Need delivery in 29 days.",Electric Motors,Aluminium,IE3,5 HP,2972,units,Kolkata,29,Automotive,Flexible,0.34,642305.95,Medium
R04325,B1279,"Looking for 2425 units of Cast Iron gearboxes (Worm), size 5 HP, for our construction plant in Kolkata. Need delivery in 14 days.",Gearboxes,Cast Iron,Worm,5 HP,2425,units,Kolkata,14,Construction,Normal,0.5,1123363.16,Medium
R04326,B0902,"Please quote for 8651 gearboxes, Cast Iron, Worm, 2 HP. Location: Kolkata. Required by 34 days.",Gearboxes,Cast Iron,Worm,2 HP,8651,units,Kolkata,34,OEM project,Flexible,0.15,2352844.36,Medium
R04327,B0360,"Please quote for 2046 electric motors, Aluminium, IE3, 10 HP. Location: Bengaluru. Required by 33 days.",Electric Motors,Aluminium,IE3,10 HP,2046,units,Bengaluru,33,Automotive,Flexible,0.99,495396.63,Low
R04328,B0134,"Looking for 5722 units of Mild Steel steel brackets (MS), size 5 mm, for our automotive plant in Bengaluru. Need delivery in 24 days.",Steel Brackets,Mild Steel,MS,5 mm,5722,units,Bengaluru,24,Automotive,Normal,0.2,1503000.12,Medium
R04329,B0096,"Looking for 1704 units of Cast Iron industrial pumps (SS304), size 5 HP, for our industrial plant plant in Kolkata. Need delivery in 39 days.",Industrial Pumps,Cast Iron,SS304,5 HP,1704,units,Kolkata,39,Industrial plant,Flexible,0.66,595583.68,Medium
R04330,B0583,"Need 3439 gearboxes for oem project, Steel Worm, 10 HP. Delivery required in Delhi within 45 days. Please share quotation.",Gearboxes,Steel,Worm,10 HP,3439,units,Delhi,45,OEM project,Flexible,0.36,239996.07,Low
R04331,B0257,"Looking for 5396 units of Carbon Steel ball valves (CS), size 2 inch, for our general manufacturing plant in Hyderabad. Need delivery in 27 days.",Ball Valves,Carbon Steel,CS,2 inch,5396,units,Hyderabad,27,General manufacturing,Flexible,0.86,1051919.62,High
R04332,B0964,"Looking for 8490 units of Cast Iron industrial pumps (CI), size 10 HP, for our industrial plant plant in Hyderabad. Need delivery in 9 days.",Industrial Pumps,Cast Iron,CI,10 HP,8490,units,Hyderabad,9,Industrial plant,Urgent,0.67,1107407.45,High
R04333,B0017,"Looking for 5030 units of Steel hydraulic cylinders (MS), size 100 mm, for our construction plant in Mumbai. Need delivery in 37 days.",Hydraulic Cylinders,Steel,MS,100 mm,5030,units,Mumbai,37,Construction,Flexible,0.94,188260.59,Medium
R04334,B1234,"Need 4550 electric motors for automotive, Aluminium IE3, 5 HP. Delivery required in Kolkata within 28 days. Please share quotation.",Electric Motors,Aluminium,IE3,5 HP,4550,units,Kolkata,28,Automotive,Flexible,0.29,2193461.73,Medium
R04335,B0964,"Need 9927 industrial pumps for construction, Cast Iron CI, 10 HP. Delivery required in Delhi within 37 days. Please share quotation.",Industrial Pumps,Cast Iron,CI,10 HP,9927,units,Delhi,37,Construction,Flexible,0.23,2306783.16,Medium
R04336,B0796,"Please quote for 1105 conveyor belts, Rubber, Grade A, 800 mm. Location: Mumbai. Required by 35 days.",Conveyor Belts,Rubber,Grade A,800 mm,1105,units,Mumbai,35,Industrial plant,Flexible,0.17,45068.38,Low
R04337,B0612,"Need 6894 ball valves for general manufacturing, Carbon Steel CS, 2 inch. Delivery required in Ahmedabad within 44 days. Please share quotation.",Ball Valves,Carbon Steel,CS,2 inch,6894,units,Ahmedabad,44,General manufacturing,Flexible,0.0,1783913.85,Medium
R04338,B0128,"Need 171 industrial pumps for oem project, Stainless Steel CI, 5 HP. Delivery required in Pune within 7 days. Please share quotation.",Industrial Pumps,Stainless Steel,CI,5 HP,171,units,Pune,7,OEM project,Urgent,0.12,36202.81,Medium
R04339,B0838,"Please quote for 7885 industrial pumps, Cast Iron, CI, 20 HP. Location: Pune. Required by 41 days.",Industrial Pumps,Cast Iron,CI,20 HP,7885,units,Pune,41,Automotive,Flexible,0.64,724165.59,Medium
R04340,B1394,"Looking for 6588 units of Cast Iron gearboxes (Worm), size 5 HP, for our automotive plant in Ahmedabad. Need delivery in 24 days.",Gearboxes,Cast Iron,Worm,5 HP,6588,units,Ahmedabad,24,Automotive,Normal,0.8,1645578.84,High
R04341,B0847,"Looking for 2748 units of Steel hydraulic cylinders (MS), size 50 mm, for our oem project plant in Mumbai. Need delivery in 17 days.",Hydraulic Cylinders,Steel,MS,50 mm,2748,units,Mumbai,17,OEM project,Normal,0.95,678081.91,Medium
R04342,B0255,"Looking for 6005 units of PU conveyor belts (Grade A), size 500 mm, for our oem project plant in Hyderabad. Need delivery in 10 days.",Conveyor Belts,PU,Grade A,500 mm,6005,units,Hyderabad,10,OEM project,Urgent,0.45,1474106.59,High
R04343,B1392,"Please quote for 10488 sheet metal parts, Stainless Steel, SS304, 2 mm. Location: Hyderabad. Required by 30 days.",Sheet Metal Parts,Stainless Steel,SS304,2 mm,10488,units,Hyderabad,30,Industrial plant,Flexible,0.52,2800297.44,Medium
R04344,B0350,"Please quote for 10514 electric motors, Cast Iron, IE2, 10 HP. Location: Nagpur. Required by 17 days.",Electric Motors,Cast Iron,IE2,10 HP,10514,units,Nagpur,17,General manufacturing,Normal,0.84,2105762.83,High
R04345,B0025,"Looking for 1937 units of Cast Iron gearboxes (Worm), size 10 HP, for our automotive plant in Bengaluru. Need delivery in 24 days.",Gearboxes,Cast Iron,Worm,10 HP,1937,units,Bengaluru,24,Automotive,Normal,0.67,462015.98,Low
R04346,B1433,"Need 3743 ball valves for oem project, Carbon Steel SS304, 3 inch. Delivery required in Chennai within 24 days. Please share quotation.",Ball Valves,Carbon Steel,SS304,3 inch,3743,units,Chennai,24,OEM project,Normal,0.23,1199104.95,Medium
R04347,B1482,"Looking for 607 units of PU conveyor belts (Food Grade), size 800 mm, for our automotive plant in Mumbai. Need delivery in 29 days.",Conveyor Belts,PU,Food Grade,800 mm,607,units,Mumbai,29,Automotive,Flexible,0.82,229117.5,Low
R04348,B1450,"Looking for 4109 units of Aluminium electric motors (IE3), size 25 HP, for our construction plant in Bengaluru. Need delivery in 11 days.",Electric Motors,Aluminium,IE3,25 HP,4109,units,Bengaluru,11,Construction,Normal,0.36,138949.9,Medium
R04349,B0237,"Please quote for 9018 hydraulic cylinders, Stainless Steel, SS304, 50 mm. Location: Pune. Required by 40 days.",Hydraulic Cylinders,Stainless Steel,SS304,50 mm,9018,units,Pune,40,OEM project,Flexible,0.33,2424388.35,Medium
R04350,B1110,"Please quote for 8288 electric motors, Cast Iron, IE2, 5 HP. Location: Delhi. Required by 41 days.",Electric Motors,Cast Iron,IE2,5 HP,8288,units,Delhi,41,General manufacturing,Flexible,0.23,617143.01,Medium
R04351,B0754,"Looking for 1307 units of Steel hydraulic cylinders (SS304), size 150 mm, for our general manufacturing plant in Pune. Need delivery in 14 days.",Hydraulic Cylinders,Steel,SS304,150 mm,1307,units,Pune,14,General manufacturing,Normal,0.26,397655.61,Low
R04352,B0557,"Need 5247 sheet metal parts for industrial plant, Mild Steel SS304, 5 mm. Delivery required in Ahmedabad within 26 days. Please share quotation.",Sheet Metal Parts,Mild Steel,SS304,5 mm,5247,units,Ahmedabad,26,Industrial plant,Flexible,0.57,1735471.26,Medium
R04353,B1189,"Please quote for 5021 sheet metal parts, Mild Steel, SS304, 5 mm. Location: Delhi. Required by 36 days.",Sheet Metal Parts,Mild Steel,SS304,5 mm,5021,units,Delhi,36,Industrial plant,Flexible,0.93,1162865.14,Medium
R04354,B0324,"Please quote for 9102 gearboxes, Cast Iron, Worm, 10 HP. Location: Mumbai. Required by 5 days.",Gearboxes,Cast Iron,Worm,10 HP,9102,units,Mumbai,5,Construction,Urgent,0.83,2726512.86,High
R04355,B0769,"Need 11063 conveyor belts for construction, Rubber Food Grade, 1000 mm. Delivery required in Delhi within 19 days. Please share quotation.",Conveyor Belts,Rubber,Food Grade,1000 mm,11063,units,Delhi,19,Construction,Normal,0.53,1538580.41,Medium
R04356,B1118,"Please quote for 4246 electric motors, Aluminium, IE2, 25 HP. Location: Bengaluru. Required by 34 days.",Electric Motors,Aluminium,IE2,25 HP,4246,units,Bengaluru,34,Construction,Flexible,0.03,1886891.61,Medium
R04357,B0174,"Need 1599 industrial pumps for industrial plant, Cast Iron SS316, 10 HP. Delivery required in Mumbai within 24 days. Please share quotation.",Industrial Pumps,Cast Iron,SS316,10 HP,1599,units,Mumbai,24,Industrial plant,Normal,0.65,600485.06,Medium
R04358,B0354,"Please quote for 4040 industrial pumps, Stainless Steel, SS304, 5 HP. Location: Bengaluru. Required by 45 days.",Industrial Pumps,Stainless Steel,SS304,5 HP,4040,units,Bengaluru,45,Industrial plant,Flexible,0.39,980194.04,Medium
R04359,B0303,"Please quote for 8086 steel brackets, Mild Steel, MS, 8 mm. Location: Kolkata. Required by 18 days.",Steel Brackets,Mild Steel,MS,8 mm,8086,units,Kolkata,18,General manufacturing,Normal,0.51,323702.91,Medium
R04360,B0064,"Need 1178 hydraulic cylinders for automotive, Stainless Steel MS, 150 mm. Delivery required in Ahmedabad within 28 days. Please share quotation.",Hydraulic Cylinders,Stainless Steel,MS,150 mm,1178,units,Ahmedabad,28,Automotive,Flexible,0.56,507615.59,Medium
R04361,B1244,"Looking for 8125 units of Stainless Steel ball valves (CS), size 3 inch, for our general manufacturing plant in Nashik. Need delivery in 10 days.",Ball Valves,Stainless Steel,CS,3 inch,8125,units,Nashik,10,General manufacturing,Urgent,0.42,170500.7,Medium
R04362,B0360,"Looking for 4735 units of Cast Iron electric motors (IE3), size 25 HP, for our automotive plant in Nagpur. Need delivery in 18 days.",Electric Motors,Cast Iron,IE3,25 HP,4735,units,Nagpur,18,Automotive,Normal,0.98,160852.63,Medium
R04363,B0262,"Please quote for 4677 industrial pumps, Cast Iron, SS304, 10 HP. Location: Delhi. Required by 24 days.",Industrial Pumps,Cast Iron,SS304,10 HP,4677,units,Delhi,24,OEM project,Normal,0.97,1878871.28,Medium
R04364,B1146,"Please quote for 875 electric motors, Aluminium, IE3, 5 HP. Location: Bengaluru. Required by 4 days.",Electric Motors,Aluminium,IE3,5 HP,875,units,Bengaluru,4,Industrial plant,Urgent,0.21,165764.08,Medium
R04365,B1164,"Need 7422 electric motors for automotive, Cast Iron IE2, 5 HP. Delivery required in Delhi within 26 days. Please share quotation.",Electric Motors,Cast Iron,IE2,5 HP,7422,units,Delhi,26,Automotive,Flexible,0.34,3393028.97,Medium
R04366,B0365,"Please quote for 6106 steel brackets, Mild Steel, SS304, 5 mm. Location: Mumbai. Required by 26 days.",Steel Brackets,Mild Steel,SS304,5 mm,6106,units,Mumbai,26,Construction,Flexible,0.51,2716445.51,Medium
R04367,B0444,"Please quote for 3586 industrial pumps, Stainless Steel, SS304, 5 HP. Location: Hyderabad. Required by 44 days.",Industrial Pumps,Stainless Steel,SS304,5 HP,3586,units,Hyderabad,44,Automotive,Flexible,0.68,430374.48,Low
R04368,B0924,"Please quote for 1574 sheet metal parts, Stainless Steel, SS304, 5 mm. Location: Nashik. Required by 12 days.",Sheet Metal Parts,Stainless Steel,SS304,5 mm,1574,units,Nashik,12,General manufacturing,Normal,0.42,681100.09,Medium
R04369,B0474,"Please quote for 4781 industrial pumps, Cast Iron, CI, 10 HP. Location: Ahmedabad. Required by 44 days.",Industrial Pumps,Cast Iron,CI,10 HP,4781,units,Ahmedabad,44,Industrial plant,Flexible,0.37,1218196.52,Medium
R04370,B1388,"Need 2886 steel brackets for oem project, Stainless Steel SS304, 3 mm. Delivery required in Kolkata within 42 days. Please share quotation.",Steel Brackets,Stainless Steel,SS304,3 mm,2886,units,Kolkata,42,OEM project,Flexible,0.35,653172.82,Medium
R04371,B0576,"Looking for 10748 units of Stainless Steel steel brackets (SS304), size 3 mm, for our industrial plant plant in Nashik. Need delivery in 27 days.",Steel Brackets,Stainless Steel,SS304,3 mm,10748,units,Nashik,27,Industrial plant,Flexible,0.4,5218541.89,Medium
R04372,B0262,"Looking for 5352 units of Stainless Steel sheet metal parts (SS304), size 10 mm, for our construction plant in Bengaluru. Need delivery in 4 days.",Sheet Metal Parts,Stainless Steel,SS304,10 mm,5352,units,Bengaluru,4,Construction,Urgent,0.28,703468.33,High
R04373,B0766,"Please quote for 5991 steel brackets, Mild Steel, SS304, 8 mm. Location: Mumbai. Required by 8 days.",Steel Brackets,Mild Steel,SS304,8 mm,5991,units,Mumbai,8,Construction,Urgent,0.9,2107333.47,High
R04374,B1340,"Need 4212 electric motors for construction, Cast Iron IE3, 5 HP. Delivery required in Nashik within 24 days. Please share quotation.",Electric Motors,Cast Iron,IE3,5 HP,4212,units,Nashik,24,Construction,Normal,0.71,1219646.26,Medium
R04375,B1304,"Please quote for 7883 gearboxes, Cast Iron, Helical, 10 HP. Location: Ahmedabad. Required by 38 days.",Gearboxes,Cast Iron,Helical,10 HP,7883,units,Ahmedabad,38,Automotive,Flexible,0.45,3274654.96,Medium
R04376,B1227,"Looking for 607 units of Rubber conveyor belts (Food Grade), size 500 mm, for our oem project plant in Mumbai. Need delivery in 36 days.",Conveyor Belts,Rubber,Food Grade,500 mm,607,units,Mumbai,36,OEM project,Flexible,0.84,27234.73,Low
R04377,B1186,"Please quote for 6945 conveyor belts, Rubber, Grade A, 1000 mm. Location: Hyderabad. Required by 44 days.",Conveyor Belts,Rubber,Grade A,1000 mm,6945,units,Hyderabad,44,Construction,Flexible,0.35,394349.97,Low
R04378,B0732,"Looking for 1338 units of Mild Steel sheet metal parts (SS304), size 2 mm, for our general manufacturing plant in Ahmedabad. Need delivery in 36 days.",Sheet Metal Parts,Mild Steel,SS304,2 mm,1338,units,Ahmedabad,36,General manufacturing,Flexible,0.12,481172.78,Low
R04379,B0014,"Looking for 9590 units of Steel hydraulic cylinders (MS), size 150 mm, for our general manufacturing plant in Delhi. Need delivery in 19 days.",Hydraulic Cylinders,Steel,MS,150 mm,9590,units,Delhi,19,General manufacturing,Normal,0.54,2681478.51,Medium
R04380,B0892,"Looking for 7957 units of Stainless Steel industrial pumps (SS304), size 20 HP, for our construction plant in Nashik. Need delivery in 34 days.",Industrial Pumps,Stainless Steel,SS304,20 HP,7957,units,Nashik,34,Construction,Flexible,0.24,499414.95,Low
R04381,B1235,"Please quote for 8370 ball valves, Stainless Steel, SS304, 3 inch. Location: Ahmedabad. Required by 37 days.",Ball Valves,Stainless Steel,SS304,3 inch,8370,units,Ahmedabad,37,Construction,Flexible,0.79,940300.03,Medium
R04382,B0884,"Need 336 conveyor belts for general manufacturing, Rubber Grade A, 800 mm. Delivery required in Mumbai within 21 days. Please share quotation.",Conveyor Belts,Rubber,Grade A,800 mm,336,units,Mumbai,21,General manufacturing,Normal,0.83,95131.34,Low
R04383,B0561,"Need 5263 ball valves for general manufacturing, Stainless Steel SS304, 2 inch. Delivery required in Nashik within 39 days. Please share quotation.",Ball Valves,Stainless Steel,SS304,2 inch,5263,units,Nashik,39,General manufacturing,Flexible,0.67,1972466.44,Medium
R04384,B0215,"Looking for 7315 units of Stainless Steel ball valves (SS304), size 3 inch, for our oem project plant in Bengaluru. Need delivery in 3 days.",Ball Valves,Stainless Steel,SS304,3 inch,7315,units,Bengaluru,3,OEM project,Urgent,0.23,2655154.46,High
R04385,B0797,"Need 7839 hydraulic cylinders for automotive, Stainless Steel MS, 100 mm. Delivery required in Chennai within 13 days. Please share quotation.",Hydraulic Cylinders,Stainless Steel,MS,100 mm,7839,units,Chennai,13,Automotive,Normal,0.32,3140943.72,High
R04386,B1223,"Need 4434 hydraulic cylinders for general manufacturing, Steel SS304, 100 mm. Delivery required in Chennai within 42 days. Please share quotation.",Hydraulic Cylinders,Steel,SS304,100 mm,4434,units,Chennai,42,General manufacturing,Flexible,0.49,1156832.88,Medium
R04387,B1134,"Need 6438 hydraulic cylinders for oem project, Stainless Steel SS304, 50 mm. Delivery required in Kolkata within 41 days. Please share quotation.",Hydraulic Cylinders,Stainless Steel,SS304,50 mm,6438,units,Kolkata,41,OEM project,Flexible,0.75,455955.26,Medium
R04388,B1290,"Need 11196 industrial pumps for construction, Stainless Steel SS316, 5 HP. Delivery required in Delhi within 28 days. Please share quotation.",Industrial Pumps,Stainless Steel,SS316,5 HP,11196,units,Delhi,28,Construction,Flexible,0.36,2362694.38,Medium
R04389,B1401,"Need 11213 steel brackets for construction, Mild Steel SS304, 3 mm. Delivery required in Chennai within 25 days. Please share quotation.",Steel Brackets,Mild Steel,SS304,3 mm,11213,units,Chennai,25,Construction,Normal,0.12,2819495.29,Medium
R04390,B1169,"Looking for 4882 units of Mild Steel steel brackets (SS304), size 5 mm, for our oem project plant in Kolkata. Need delivery in 27 days.",Steel Brackets,Mild Steel,SS304,5 mm,4882,units,Kolkata,27,OEM project,Flexible,0.72,1320888.26,Medium
R04391,B0464,"Need 11228 electric motors for construction, Cast Iron IE2, 25 HP. Delivery required in Hyderabad within 28 days. Please share quotation.",Electric Motors,Cast Iron,IE2,25 HP,11228,units,Hyderabad,28,Construction,Flexible,0.71,2125109.32,High
R04392,B1036,"Please quote for 8375 ball valves, Stainless Steel, SS316, 3 inch. Location: Nagpur. Required by 10 days.",Ball Valves,Stainless Steel,SS316,3 inch,8375,units,Nagpur,10,Construction,Urgent,0.1,2901242.97,High
R04393,B0894,"Please quote for 11149 gearboxes, Steel, Worm, 5 HP. Location: Kolkata. Required by 12 days.",Gearboxes,Steel,Worm,5 HP,11149,units,Kolkata,12,General manufacturing,Normal,0.81,1604372.44,High
R04394,B0809,"Looking for 1972 units of PU conveyor belts (Grade A), size 800 mm, for our automotive plant in Kolkata. Need delivery in 23 days.",Conveyor Belts,PU,Grade A,800 mm,1972,units,Kolkata,23,Automotive,Normal,0.01,406281.43,Low
R04395,B1380,"Please quote for 525 sheet metal parts, Stainless Steel, MS, 5 mm. Location: Kolkata. Required by 11 days.",Sheet Metal Parts,Stainless Steel,MS,5 mm,525,units,Kolkata,11,OEM project,Normal,0.18,23706.38,Low
R04396,B1017,"Need 9165 conveyor belts for construction, Rubber Food Grade, 500 mm. Delivery required in Nagpur within 14 days. Please share quotation.",Conveyor Belts,Rubber,Food Grade,500 mm,9165,units,Nagpur,14,Construction,Normal,0.07,1943951.32,High
R04397,B0465,"Please quote for 5917 steel brackets, Mild Steel, MS, 3 mm. Location: Chennai. Required by 34 days.",Steel Brackets,Mild Steel,MS,3 mm,5917,units,Chennai,34,Industrial plant,Flexible,0.44,2372172.68,Medium
R04398,B1056,"Please quote for 1928 gearboxes, Cast Iron, Helical, 5 HP. Location: Kolkata. Required by 20 days.",Gearboxes,Cast Iron,Helical,5 HP,1928,units,Kolkata,20,Industrial plant,Normal,0.19,782375.14,Medium
R04399,B0058,"Please quote for 5524 conveyor belts, PU, Grade A, 1000 mm. Location: Chennai. Required by 9 days.",Conveyor Belts,PU,Grade A,1000 mm,5524,units,Chennai,9,General manufacturing,Urgent,0.37,1945858.41,High
R04400,B1345,"Please quote for 9084 electric motors, Cast Iron, IE2, 10 HP. Location: Nagpur. Required by 28 days.",Electric Motors,Cast Iron,IE2,10 HP,9084,units,Nagpur,28,OEM project,Flexible,0.45,2453898.15,Medium
R04401,B1447,"Looking for 10752 units of Rubber conveyor belts (Grade A), size 1000 mm, for our oem project plant in Delhi. Need delivery in 45 days.",Conveyor Belts,Rubber,Grade A,1000 mm,10752,units,Delhi,45,OEM project,Flexible,0.24,662425.8,Medium
R04402,B0179,"Need 6744 steel brackets for industrial plant, Stainless Steel SS304, 8 mm. Delivery required in Mumbai within 27 days. Please share quotation.",Steel Brackets,Stainless Steel,SS304,8 mm,6744,units,Mumbai,27,Industrial plant,Flexible,0.86,889099.16,High
R04403,B0757,"Looking for 1851 units of Stainless Steel steel brackets (MS), size 8 mm, for our automotive plant in Hyderabad. Need delivery in 9 days.",Steel Brackets,Stainless Steel,MS,8 mm,1851,units,Hyderabad,9,Automotive,Urgent,0.79,525075.94,High
R04404,B1442,"Need 9927 industrial pumps for automotive, Stainless Steel SS316, 20 HP. Delivery required in Hyderabad within 33 days. Please share quotation.",Industrial Pumps,Stainless Steel,SS316,20 HP,9927,units,Hyderabad,33,Automotive,Flexible,0.17,3311084.27,Medium
R04405,B0365,"Please quote for 2291 gearboxes, Steel, Helical, 2 HP. Location: Chennai. Required by 16 days.",Gearboxes,Steel,Helical,2 HP,2291,units,Chennai,16,OEM project,Normal,0.02,523651.45,Medium
R04406,B1368,"Looking for 1121 units of Stainless Steel ball valves (SS316), size 2 inch, for our industrial plant plant in Nashik. Need delivery in 37 days.",Ball Valves,Stainless Steel,SS316,2 inch,1121,units,Nashik,37,Industrial plant,Flexible,0.49,260226.47,Low
R04407,B0268,"Looking for 11386 units of Steel hydraulic cylinders (MS), size 50 mm, for our general manufacturing plant in Pune. Need delivery in 20 days.",Hydraulic Cylinders,Steel,MS,50 mm,11386,units,Pune,20,General manufacturing,Normal,0.58,747675.87,Medium
R04408,B0859,"Looking for 8712 units of Cast Iron industrial pumps (SS316), size 20 HP, for our automotive plant in Nashik. Need delivery in 20 days.",Industrial Pumps,Cast Iron,SS316,20 HP,8712,units,Nashik,20,Automotive,Normal,0.15,1079216.23,Medium
R04409,B0102,"Please quote for 4453 sheet metal parts, Mild Steel, MS, 2 mm. Location: Chennai. Required by 17 days.",Sheet Metal Parts,Mild Steel,MS,2 mm,4453,units,Chennai,17,Construction,Normal,0.57,1967572.97,Medium
R04410,B0840,"Need 1745 hydraulic cylinders for general manufacturing, Steel MS, 150 mm. Delivery required in Bengaluru within 7 days. Please share quotation.",Hydraulic Cylinders,Steel,MS,150 mm,1745,units,Bengaluru,7,General manufacturing,Urgent,0.13,531774.65,High
R04411,B1206,"Please quote for 6739 gearboxes, Steel, Worm, 2 HP. Location: Ahmedabad. Required by 18 days.",Gearboxes,Steel,Worm,2 HP,6739,units,Ahmedabad,18,OEM project,Normal,0.77,939729.51,High
R04412,B0949,"Looking for 10388 units of Stainless Steel steel brackets (SS304), size 8 mm, for our general manufacturing plant in Pune. Need delivery in 7 days.",Steel Brackets,Stainless Steel,SS304,8 mm,10388,units,Pune,7,General manufacturing,Urgent,0.49,2016855.08,High
R04413,B1296,"Looking for 11229 units of Stainless Steel steel brackets (MS), size 3 mm, for our general manufacturing plant in Hyderabad. Need delivery in 28 days.",Steel Brackets,Stainless Steel,MS,3 mm,11229,units,Hyderabad,28,General manufacturing,Flexible,0.91,3767539.09,High
R04414,B1417,"Need 333 industrial pumps for oem project, Stainless Steel SS304, 10 HP. Delivery required in Ahmedabad within 27 days. Please share quotation.",Industrial Pumps,Stainless Steel,SS304,10 HP,333,units,Ahmedabad,27,OEM project,Flexible,0.45,23003.88,Low
R04415,B0837,"Please quote for 6458 gearboxes, Steel, Helical, 10 HP. Location: Pune. Required by 18 days.",Gearboxes,Steel,Helical,10 HP,6458,units,Pune,18,Automotive,Normal,0.67,1682617.63,High
R04416,B0772,"Need 2858 conveyor belts for automotive, PU Grade A, 500 mm. Delivery required in Nagpur within 42 days. Please share quotation.",Conveyor Belts,PU,Grade A,500 mm,2858,units,Nagpur,42,Automotive,Flexible,0.65,1006323.09,Medium
R04417,B0458,"Looking for 9550 units of Aluminium electric motors (IE2), size 25 HP, for our industrial plant plant in Chennai. Need delivery in 7 days.",Electric Motors,Aluminium,IE2,25 HP,9550,units,Chennai,7,Industrial plant,Urgent,0.72,730346.02,High
R04418,B1383,"Need 10075 sheet metal parts for oem project, Mild Steel SS304, 2 mm. Delivery required in Kolkata within 33 days. Please share quotation.",Sheet Metal Parts,Mild Steel,SS304,2 mm,10075,units,Kolkata,33,OEM project,Flexible,0.41,2856080.62,Medium
R04419,B0923,"Looking for 1458 units of Cast Iron gearboxes (Worm), size 10 HP, for our construction plant in Pune. Need delivery in 24 days.",Gearboxes,Cast Iron,Worm,10 HP,1458,units,Pune,24,Construction,Normal,0.13,118781.51,Low
R04420,B0626,"Please quote for 7594 sheet metal parts, Stainless Steel, MS, 10 mm. Location: Mumbai. Required by 32 days.",Sheet Metal Parts,Stainless Steel,MS,10 mm,7594,units,Mumbai,32,Automotive,Flexible,0.97,1609188.99,Medium
R04421,B1225,"Need 6784 sheet metal parts for oem project, Mild Steel SS304, 2 mm. Delivery required in Ahmedabad within 37 days. Please share quotation.",Sheet Metal Parts,Mild Steel,SS304,2 mm,6784,units,Ahmedabad,37,OEM project,Flexible,0.88,1636876.75,Medium
R04422,B0343,"Looking for 6060 units of Mild Steel sheet metal parts (MS), size 2 mm, for our oem project plant in Mumbai. Need delivery in 36 days.",Sheet Metal Parts,Mild Steel,MS,2 mm,6060,units,Mumbai,36,OEM project,Flexible,0.91,1268772.19,Medium
R04423,B1295,"Please quote for 1894 conveyor belts, PU, Food Grade, 500 mm. Location: Pune. Required by 13 days.",Conveyor Belts,PU,Food Grade,500 mm,1894,units,Pune,13,Industrial plant,Normal,0.93,411735.68,Medium
R04424,B0455,"Please quote for 9800 steel brackets, Stainless Steel, MS, 3 mm. Location: Nagpur. Required by 34 days.",Steel Brackets,Stainless Steel,MS,3 mm,9800,units,Nagpur,34,Industrial plant,Flexible,0.9,1116984.84,Medium
R04425,B0555,"Need 8913 industrial pumps for automotive, Stainless Steel SS304, 5 HP. Delivery required in Bengaluru within 13 days. Please share quotation.",Industrial Pumps,Stainless Steel,SS304,5 HP,8913,units,Bengaluru,13,Automotive,Normal,0.48,768448.64,High
R04426,B0052,"Please quote for 6589 electric motors, Cast Iron, IE2, 5 HP. Location: Ahmedabad. Required by 40 days.",Electric Motors,Cast Iron,IE2,5 HP,6589,units,Ahmedabad,40,OEM project,Flexible,0.86,1505452.87,Medium
R04427,B1378,"Please quote for 6591 steel brackets, Stainless Steel, SS304, 5 mm. Location: Nagpur. Required by 41 days.",Steel Brackets,Stainless Steel,SS304,5 mm,6591,units,Nagpur,41,OEM project,Flexible,0.19,1129350.71,Medium
R04428,B0388,"Please quote for 9048 steel brackets, Mild Steel, SS304, 5 mm. Location: Nashik. Required by 42 days.",Steel Brackets,Mild Steel,SS304,5 mm,9048,units,Nashik,42,General manufacturing,Flexible,0.9,2685565.7,Medium
R04429,B1099,"Looking for 4387 units of Cast Iron electric motors (IE2), size 10 HP, for our industrial plant plant in Pune. Need delivery in 7 days.",Electric Motors,Cast Iron,IE2,10 HP,4387,units,Pune,7,Industrial plant,Urgent,0.42,2012263.51,High
R04430,B0363,"Looking for 5455 units of Rubber conveyor belts (Grade A), size 800 mm, for our automotive plant in Nagpur. Need delivery in 17 days.",Conveyor Belts,Rubber,Grade A,800 mm,5455,units,Nagpur,17,Automotive,Normal,0.61,2120157.08,Medium
R04431,B0478,"Looking for 7413 units of Steel gearboxes (Worm), size 5 HP, for our oem project plant in Delhi. Need delivery in 19 days.",Gearboxes,Steel,Worm,5 HP,7413,units,Delhi,19,OEM project,Normal,0.38,3287990.53,Medium
R04432,B1443,"Please quote for 3004 ball valves, Carbon Steel, SS304, 2 inch. Location: Delhi. Required by 5 days.",Ball Valves,Carbon Steel,SS304,2 inch,3004,units,Delhi,5,OEM project,Urgent,0.26,1138298.67,High
R04433,B1008,"Need 4145 electric motors for construction, Cast Iron IE2, 5 HP. Delivery required in Bengaluru within 12 days. Please share quotation.",Electric Motors,Cast Iron,IE2,5 HP,4145,units,Bengaluru,12,Construction,Normal,0.52,905732.29,Medium
R04434,B1249,"Looking for 1882 units of Cast Iron industrial pumps (SS316), size 20 HP, for our oem project plant in Delhi. Need delivery in 10 days.",Industrial Pumps,Cast Iron,SS316,20 HP,1882,units,Delhi,10,OEM project,Urgent,0.29,752250.54,Medium
R04435,B0322,"Looking for 163 units of Stainless Steel industrial pumps (SS304), size 5 HP, for our general manufacturing plant in Nashik. Need delivery in 30 days.",Industrial Pumps,Stainless Steel,SS304,5 HP,163,units,Nashik,30,General manufacturing,Flexible,0.74,31410.7,Low
R04436,B0376,"Need 11678 industrial pumps for industrial plant, Cast Iron SS316, 5 HP. Delivery required in Nashik within 33 days. Please share quotation.",Industrial Pumps,Cast Iron,SS316,5 HP,11678,units,Nashik,33,Industrial plant,Flexible,0.05,3145234.02,Medium
R04437,B0345,"Need 1482 industrial pumps for oem project, Stainless Steel CI, 5 HP. Delivery required in Mumbai within 6 days. Please share quotation.",Industrial Pumps,Stainless Steel,CI,5 HP,1482,units,Mumbai,6,OEM project,Urgent,0.77,427355.71,Medium
R04438,B0329,"Looking for 7901 units of Stainless Steel industrial pumps (CI), size 20 HP, for our construction plant in Kolkata. Need delivery in 9 days.",Industrial Pumps,Stainless Steel,CI,20 HP,7901,units,Kolkata,9,Construction,Urgent,0.37,2359664.44,High
R04439,B0988,"Need 4629 industrial pumps for construction, Stainless Steel SS316, 5 HP. Delivery required in Nashik within 41 days. Please share quotation.",Industrial Pumps,Stainless Steel,SS316,5 HP,4629,units,Nashik,41,Construction,Flexible,0.57,586000.36,Medium
R04440,B0962,"Need 2623 ball valves for construction, Carbon Steel CS, 2 inch. Delivery required in Nashik within 6 days. Please share quotation.",Ball Valves,Carbon Steel,CS,2 inch,2623,units,Nashik,6,Construction,Urgent,0.7,707372.22,High
R04441,B0830,"Need 10014 sheet metal parts for industrial plant, Stainless Steel SS304, 5 mm. Delivery required in Hyderabad within 16 days. Please share quotation.",Sheet Metal Parts,Stainless Steel,SS304,5 mm,10014,units,Hyderabad,16,Industrial plant,Normal,0.31,4558859.51,Medium
R04442,B0082,"Need 3030 steel brackets for automotive, Mild Steel MS, 3 mm. Delivery required in Pune within 42 days. Please share quotation.",Steel Brackets,Mild Steel,MS,3 mm,3030,units,Pune,42,Automotive,Flexible,0.43,1494038.44,Medium
R04443,B1262,"Need 7077 industrial pumps for automotive, Cast Iron CI, 5 HP. Delivery required in Chennai within 44 days. Please share quotation.",Industrial Pumps,Cast Iron,CI,5 HP,7077,units,Chennai,44,Automotive,Flexible,0.93,512806.75,Medium
R04444,B0252,"Need 2886 industrial pumps for construction, Stainless Steel SS316, 10 HP. Delivery required in Delhi within 17 days. Please share quotation.",Industrial Pumps,Stainless Steel,SS316,10 HP,2886,units,Delhi,17,Construction,Normal,0.94,819571.46,Medium
R04445,B1188,"Please quote for 1393 electric motors, Aluminium, IE2, 10 HP. Location: Ahmedabad. Required by 31 days.",Electric Motors,Aluminium,IE2,10 HP,1393,units,Ahmedabad,31,Industrial plant,Flexible,0.72,177387.92,Low
R04446,B0210,"Looking for 8121 units of Carbon Steel ball valves (CS), size 2 inch, for our general manufacturing plant in Nashik. Need delivery in 38 days.",Ball Valves,Carbon Steel,CS,2 inch,8121,units,Nashik,38,General manufacturing,Flexible,0.13,2196514.16,Medium
R04447,B1374,"Please quote for 3276 steel brackets, Mild Steel, SS304, 8 mm. Location: Hyderabad. Required by 12 days.",Steel Brackets,Mild Steel,SS304,8 mm,3276,units,Hyderabad,12,Construction,Normal,0.2,198632.76,Medium
R04448,B1405,"Need 5926 hydraulic cylinders for automotive, Steel MS, 150 mm. Delivery required in Ahmedabad within 20 days. Please share quotation.",Hydraulic Cylinders,Steel,MS,150 mm,5926,units,Ahmedabad,20,Automotive,Normal,0.09,1216098.99,Medium
R04449,B0613,"Looking for 6421 units of Mild Steel steel brackets (SS304), size 3 mm, for our oem project plant in Nashik. Need delivery in 30 days.",Steel Brackets,Mild Steel,SS304,3 mm,6421,units,Nashik,30,OEM project,Flexible,0.87,2989956.72,High
R04450,B0597,"Need 9871 gearboxes for oem project, Cast Iron Worm, 5 HP. Delivery required in Kolkata within 40 days. Please share quotation.",Gearboxes,Cast Iron,Worm,5 HP,9871,units,Kolkata,40,OEM project,Flexible,0.23,2156991.16,Medium
R04451,B1483,"Looking for 8404 units of Steel hydraulic cylinders (SS304), size 150 mm, for our oem project plant in Pune. Need delivery in 22 days.",Hydraulic Cylinders,Steel,SS304,150 mm,8404,units,Pune,22,OEM project,Normal,0.88,1598263.94,High
R04452,B0730,"Need 5383 industrial pumps for construction, Stainless Steel CI, 5 HP. Delivery required in Delhi within 41 days. Please share quotation.",Industrial Pumps,Stainless Steel,CI,5 HP,5383,units,Delhi,41,Construction,Flexible,0.07,298390.47,Low
R04453,B0161,"Please quote for 7393 hydraulic cylinders, Stainless Steel, SS304, 50 mm. Location: Ahmedabad. Required by 18 days.",Hydraulic Cylinders,Stainless Steel,SS304,50 mm,7393,units,Ahmedabad,18,Automotive,Normal,0.94,1604933.28,High
R04454,B0805,"Need 7423 conveyor belts for construction, Rubber Food Grade, 800 mm. Delivery required in Nashik within 30 days. Please share quotation.",Conveyor Belts,Rubber,Food Grade,800 mm,7423,units,Nashik,30,Construction,Flexible,0.82,1660245.49,High
R04455,B0727,"Looking for 6962 units of Cast Iron electric motors (IE2), size 5 HP, for our automotive plant in Pune. Need delivery in 37 days.",Electric Motors,Cast Iron,IE2,5 HP,6962,units,Pune,37,Automotive,Flexible,0.64,3168494.89,Medium
R04456,B0037,"Need 8710 gearboxes for automotive, Cast Iron Worm, 2 HP. Delivery required in Bengaluru within 23 days. Please share quotation.",Gearboxes,Cast Iron,Worm,2 HP,8710,units,Bengaluru,23,Automotive,Normal,0.01,2422729.02,Medium
R04457,B0215,"Need 1552 ball valves for general manufacturing, Carbon Steel SS316, 2 inch. Delivery required in Pune within 23 days. Please share quotation.",Ball Valves,Carbon Steel,SS316,2 inch,1552,units,Pune,23,General manufacturing,Normal,0.75,497945.83,Low
R04458,B0019,"Looking for 11375 units of Carbon Steel ball valves (CS), size 1 inch, for our automotive plant in Chennai. Need delivery in 7 days.",Ball Valves,Carbon Steel,CS,1 inch,11375,units,Chennai,7,Automotive,Urgent,0.21,2581142.85,High
R04459,B1470,"Please quote for 4491 sheet metal parts, Mild Steel, SS304, 10 mm. Location: Bengaluru. Required by 30 days.",Sheet Metal Parts,Mild Steel,SS304,10 mm,4491,units,Bengaluru,30,Automotive,Flexible,0.57,788708.69,Medium
R04460,B0404,"Please quote for 2974 ball valves, Carbon Steel, SS304, 2 inch. Location: Chennai. Required by 23 days.",Ball Valves,Carbon Steel,SS304,2 inch,2974,units,Chennai,23,Automotive,Normal,0.68,208249.51,Medium
R04461,B1381,"Looking for 1101 units of Steel gearboxes (Worm), size 2 HP, for our industrial plant plant in Hyderabad. Need delivery in 13 days.",Gearboxes,Steel,Worm,2 HP,1101,units,Hyderabad,13,Industrial plant,Normal,0.78,37674.98,Medium
R04462,B1496,"Need 5140 steel brackets for general manufacturing, Stainless Steel SS304, 3 mm. Delivery required in Pune within 42 days. Please share quotation.",Steel Brackets,Stainless Steel,SS304,3 mm,5140,units,Pune,42,General manufacturing,Flexible,0.07,2352143.74,Medium
R04463,B0308,"Need 8356 electric motors for general manufacturing, Cast Iron IE2, 25 HP. Delivery required in Hyderabad within 34 days. Please share quotation.",Electric Motors,Cast Iron,IE2,25 HP,8356,units,Hyderabad,34,General manufacturing,Flexible,0.87,431467.36,Medium
R04464,B0846,"Please quote for 2441 ball valves, Carbon Steel, SS304, 2 inch. Location: Nashik. Required by 43 days.",Ball Valves,Carbon Steel,SS304,2 inch,2441,units,Nashik,43,Automotive,Flexible,0.0,1109443.63,Medium
R04465,B0638,"Please quote for 3488 steel brackets, Stainless Steel, SS304, 8 mm. Location: Nagpur. Required by 4 days.",Steel Brackets,Stainless Steel,SS304,8 mm,3488,units,Nagpur,4,Industrial plant,Urgent,0.15,658712.67,High
R04466,B0535,"Please quote for 1905 conveyor belts, Rubber, Grade A, 500 mm. Location: Pune. Required by 24 days.",Conveyor Belts,Rubber,Grade A,500 mm,1905,units,Pune,24,OEM project,Normal,0.28,208648.0,Low
R04467,B0252,"Looking for 11473 units of Stainless Steel steel brackets (MS), size 3 mm, for our general manufacturing plant in Nashik. Need delivery in 23 days.",Steel Brackets,Stainless Steel,MS,3 mm,11473,units,Nashik,23,General manufacturing,Normal,0.1,1158322.69,Medium
R04468,B1046,"Please quote for 11810 conveyor belts, Rubber, Grade A, 1000 mm. Location: Bengaluru. Required by 24 days.",Conveyor Belts,Rubber,Grade A,1000 mm,11810,units,Bengaluru,24,Construction,Normal,0.78,2372724.05,High
R04469,B0408,"Need 927 gearboxes for general manufacturing, Cast Iron Worm, 10 HP. Delivery required in Delhi within 4 days. Please share quotation.",Gearboxes,Cast Iron,Worm,10 HP,927,units,Delhi,4,General manufacturing,Urgent,0.73,324239.17,Medium
R04470,B0480,"Looking for 7900 units of Stainless Steel industrial pumps (CI), size 20 HP, for our construction plant in Bengaluru. Need delivery in 44 days.",Industrial Pumps,Stainless Steel,CI,20 HP,7900,units,Bengaluru,44,Construction,Flexible,0.18,3513958.5,Medium
R04471,B0024,"Looking for 4446 units of Stainless Steel steel brackets (SS304), size 5 mm, for our construction plant in Delhi. Need delivery in 4 days.",Steel Brackets,Stainless Steel,SS304,5 mm,4446,units,Delhi,4,Construction,Urgent,0.08,1639504.6,High
R04472,B0524,"Need 4783 conveyor belts for general manufacturing, PU Food Grade, 500 mm. Delivery required in Nagpur within 10 days. Please share quotation.",Conveyor Belts,PU,Food Grade,500 mm,4783,units,Nagpur,10,General manufacturing,Urgent,0.32,439387.54,Medium
R04473,B0959,"Looking for 3975 units of Cast Iron gearboxes (Worm), size 2 HP, for our general manufacturing plant in Nashik. Need delivery in 43 days.",Gearboxes,Cast Iron,Worm,2 HP,3975,units,Nashik,43,General manufacturing,Flexible,0.14,1680297.02,Medium
R04474,B0545,"Looking for 5876 units of Cast Iron gearboxes (Worm), size 5 HP, for our oem project plant in Nagpur. Need delivery in 3 days.",Gearboxes,Cast Iron,Worm,5 HP,5876,units,Nagpur,3,OEM project,Urgent,0.41,728121.24,High
R04475,B0831,"Please quote for 4642 electric motors, Aluminium, IE2, 10 HP. Location: Nagpur. Required by 35 days.",Electric Motors,Aluminium,IE2,10 HP,4642,units,Nagpur,35,Industrial plant,Flexible,0.07,2216451.75,Medium
R04476,B0105,"Looking for 10537 units of Mild Steel steel brackets (SS304), size 3 mm, for our general manufacturing plant in Nashik. Need delivery in 12 days.",Steel Brackets,Mild Steel,SS304,3 mm,10537,units,Nashik,12,General manufacturing,Normal,0.17,4650516.0,High
R04477,B0210,"Need 6086 electric motors for industrial plant, Cast Iron IE2, 5 HP. Delivery required in Nashik within 4 days. Please share quotation.",Electric Motors,Cast Iron,IE2,5 HP,6086,units,Nashik,4,Industrial plant,Urgent,0.56,2720049.03,High
R04478,B0632,"Please quote for 4748 hydraulic cylinders, Steel, MS, 150 mm. Location: Kolkata. Required by 4 days.",Hydraulic Cylinders,Steel,MS,150 mm,4748,units,Kolkata,4,OEM project,Urgent,0.29,1918501.47,High
R04479,B0603,"Looking for 2909 units of Aluminium electric motors (IE2), size 10 HP, for our oem project plant in Bengaluru. Need delivery in 19 days.",Electric Motors,Aluminium,IE2,10 HP,2909,units,Bengaluru,19,OEM project,Normal,0.46,835355.57,Medium
R04480,B0039,"Looking for 6999 units of Cast Iron gearboxes (Helical), size 10 HP, for our oem project plant in Nashik. Need delivery in 25 days.",Gearboxes,Cast Iron,Helical,10 HP,6999,units,Nashik,25,OEM project,Normal,0.69,2280779.65,High
R04481,B0456,"Need 10454 ball valves for construction, Carbon Steel SS316, 3 inch. Delivery required in Nagpur within 40 days. Please share quotation.",Ball Valves,Carbon Steel,SS316,3 inch,10454,units,Nagpur,40,Construction,Flexible,0.64,1553871.37,Medium
R04482,B0911,"Looking for 4068 units of Stainless Steel sheet metal parts (MS), size 5 mm, for our oem project plant in Nagpur. Need delivery in 26 days.",Sheet Metal Parts,Stainless Steel,MS,5 mm,4068,units,Nagpur,26,OEM project,Flexible,0.06,163165.98,Low
R04483,B0184,"Please quote for 5370 conveyor belts, Rubber, Food Grade, 500 mm. Location: Mumbai. Required by 4 days.",Conveyor Belts,Rubber,Food Grade,500 mm,5370,units,Mumbai,4,OEM project,Urgent,0.42,649747.95,High
R04484,B1195,"Need 11344 conveyor belts for industrial plant, PU Grade A, 800 mm. Delivery required in Hyderabad within 42 days. Please share quotation.",Conveyor Belts,PU,Grade A,800 mm,11344,units,Hyderabad,42,Industrial plant,Flexible,0.68,2345579.61,Medium
R04485,B1281,"Looking for 8223 units of Stainless Steel industrial pumps (CI), size 5 HP, for our industrial plant plant in Pune. Need delivery in 33 days.",Industrial Pumps,Stainless Steel,CI,5 HP,8223,units,Pune,33,Industrial plant,Flexible,0.12,3984049.41,Medium
R04486,B0641,"Looking for 4569 units of Carbon Steel ball valves (CS), size 1 inch, for our automotive plant in Kolkata. Need delivery in 28 days.",Ball Valves,Carbon Steel,CS,1 inch,4569,units,Kolkata,28,Automotive,Flexible,0.37,1701948.34,Medium
R04487,B1173,"Need 5970 industrial pumps for general manufacturing, Cast Iron CI, 20 HP. Delivery required in Hyderabad within 35 days. Please share quotation.",Industrial Pumps,Cast Iron,CI,20 HP,5970,units,Hyderabad,35,General manufacturing,Flexible,0.78,2795161.09,Medium
R04488,B0186,"Need 9195 industrial pumps for oem project, Stainless Steel CI, 5 HP. Delivery required in Kolkata within 26 days. Please share quotation.",Industrial Pumps,Stainless Steel,CI,5 HP,9195,units,Kolkata,26,OEM project,Flexible,0.62,2737316.8,Medium
R04489,B1376,"Looking for 5351 units of Stainless Steel ball valves (SS316), size 1 inch, for our general manufacturing plant in Nagpur. Need delivery in 21 days.",Ball Valves,Stainless Steel,SS316,1 inch,5351,units,Nagpur,21,General manufacturing,Normal,0.58,771039.68,Medium
R04490,B1367,"Looking for 9783 units of Mild Steel sheet metal parts (MS), size 5 mm, for our automotive plant in Ahmedabad. Need delivery in 36 days.",Sheet Metal Parts,Mild Steel,MS,5 mm,9783,units,Ahmedabad,36,Automotive,Flexible,0.74,800399.99,Medium
R04491,B0494,"Need 4778 electric motors for automotive, Aluminium IE2, 10 HP. Delivery required in Bengaluru within 17 days. Please share quotation.",Electric Motors,Aluminium,IE2,10 HP,4778,units,Bengaluru,17,Automotive,Normal,0.69,2203539.24,Medium
R04492,B1496,"Looking for 9167 units of Steel gearboxes (Worm), size 2 HP, for our oem project plant in Nagpur. Need delivery in 40 days.",Gearboxes,Steel,Worm,2 HP,9167,units,Nagpur,40,OEM project,Flexible,0.05,3811219.6,Medium
R04493,B1106,"Looking for 9169 units of Carbon Steel ball valves (CS), size 2 inch, for our industrial plant plant in Delhi. Need delivery in 16 days.",Ball Valves,Carbon Steel,CS,2 inch,9169,units,Delhi,16,Industrial plant,Normal,0.51,3135291.31,Medium
R04494,B0836,"Please quote for 1983 electric motors, Cast Iron, IE2, 25 HP. Location: Bengaluru. Required by 26 days.",Electric Motors,Cast Iron,IE2,25 HP,1983,units,Bengaluru,26,Automotive,Flexible,0.14,762678.27,Medium
R04495,B0529,"Need 2335 industrial pumps for general manufacturing, Stainless Steel CI, 10 HP. Delivery required in Hyderabad within 4 days. Please share quotation.",Industrial Pumps,Stainless Steel,CI,10 HP,2335,units,Hyderabad,4,General manufacturing,Urgent,0.33,103016.01,Medium
R04496,B1290,"Need 7948 steel brackets for oem project, Stainless Steel MS, 3 mm. Delivery required in Nagpur within 39 days. Please share quotation.",Steel Brackets,Stainless Steel,MS,3 mm,7948,units,Nagpur,39,OEM project,Flexible,0.8,1220023.89,Medium
R04497,B0080,"Need 2995 ball valves for general manufacturing, Stainless Steel SS316, 2 inch. Delivery required in Nagpur within 17 days. Please share quotation.",Ball Valves,Stainless Steel,SS316,2 inch,2995,units,Nagpur,17,General manufacturing,Normal,0.79,588605.47,Medium
R04498,B0122,"Looking for 3677 units of Mild Steel steel brackets (MS), size 3 mm, for our industrial plant plant in Ahmedabad. Need delivery in 40 days.",Steel Brackets,Mild Steel,MS,3 mm,3677,units,Ahmedabad,40,Industrial plant,Flexible,0.6,911885.2,Medium
R04499,B1201,"Please quote for 9999 sheet metal parts, Stainless Steel, SS304, 10 mm. Location: Delhi. Required by 29 days.",Sheet Metal Parts,Stainless Steel,SS304,10 mm,9999,units,Delhi,29,OEM project,Flexible,0.31,1098168.59,Medium
R04500,B0447,"Looking for 7683 units of PU conveyor belts (Food Grade), size 800 mm, for our construction plant in Ahmedabad. Need delivery in 9 days.",Conveyor Belts,PU,Food Grade,800 mm,7683,units,Ahmedabad,9,Construction,Urgent,0.68,876652.87,High
R04501,B0299,"Need 9089 ball valves for oem project, Stainless Steel SS304, 1 inch. Delivery required in Pune within 14 days. Please share quotation.",Ball Valves,Stainless Steel,SS304,1 inch,9089,units,Pune,14,OEM project,Normal,0.9,4366764.52,High
R04502,B0162,"Please quote for 5913 electric motors, Aluminium, IE2, 10 HP. Location: Nagpur. Required by 32 days.",Electric Motors,Aluminium,IE2,10 HP,5913,units,Nagpur,32,Industrial plant,Flexible,0.14,1410076.82,Medium
R04503,B1081,"Please quote for 602 gearboxes, Cast Iron, Worm, 5 HP. Location: Pune. Required by 39 days.",Gearboxes,Cast Iron,Worm,5 HP,602,units,Pune,39,General manufacturing,Flexible,0.94,269314.69,Low
R04504,B1272,"Please quote for 3878 industrial pumps, Cast Iron, CI, 10 HP. Location: Delhi. Required by 36 days.",Industrial Pumps,Cast Iron,CI,10 HP,3878,units,Delhi,36,Industrial plant,Flexible,0.08,1264654.59,Medium
R04505,B1241,"Need 3001 sheet metal parts for automotive, Mild Steel MS, 5 mm. Delivery required in Kolkata within 37 days. Please share quotation.",Sheet Metal Parts,Mild Steel,MS,5 mm,3001,units,Kolkata,37,Automotive,Flexible,0.51,918573.25,Medium
R04506,B1424,"Looking for 3463 units of Stainless Steel ball valves (SS304), size 1 inch, for our general manufacturing plant in Nagpur. Need delivery in 33 days.",Ball Valves,Stainless Steel,SS304,1 inch,3463,units,Nagpur,33,General manufacturing,Flexible,0.06,554250.18,Medium
R04507,B0160,"Need 10017 conveyor belts for automotive, Rubber Grade A, 1000 mm. Delivery required in Nagpur within 31 days. Please share quotation.",Conveyor Belts,Rubber,Grade A,1000 mm,10017,units,Nagpur,31,Automotive,Flexible,0.08,3153712.7,Medium
R04508,B0222,"Please quote for 11241 industrial pumps, Stainless Steel, SS316, 10 HP. Location: Pune. Required by 37 days.",Industrial Pumps,Stainless Steel,SS316,10 HP,11241,units,Pune,37,OEM project,Flexible,0.12,3478196.55,Medium
R04509,B1294,"Looking for 4380 units of Carbon Steel ball valves (SS316), size 1 inch, for our construction plant in Delhi. Need delivery in 38 days.",Ball Valves,Carbon Steel,SS316,1 inch,4380,units,Delhi,38,Construction,Flexible,0.03,800361.45,Medium
R04510,B1271,"Looking for 6979 units of Rubber conveyor belts (Food Grade), size 1000 mm, for our automotive plant in Nagpur. Need delivery in 6 days.",Conveyor Belts,Rubber,Food Grade,1000 mm,6979,units,Nagpur,6,Automotive,Urgent,0.88,821623.5,High
R04511,B0362,"Looking for 6891 units of Stainless Steel sheet metal parts (MS), size 10 mm, for our general manufacturing plant in Nagpur. Need delivery in 36 days.",Sheet Metal Parts,Stainless Steel,MS,10 mm,6891,units,Nagpur,36,General manufacturing,Flexible,0.05,1773447.72,Medium
R04512,B1127,"Need 5055 electric motors for general manufacturing, Aluminium IE3, 25 HP. Delivery required in Bengaluru within 18 days. Please share quotation.",Electric Motors,Aluminium,IE3,25 HP,5055,units,Bengaluru,18,General manufacturing,Normal,0.4,2108496.57,Medium
R04513,B0448,"Need 9205 industrial pumps for automotive, Cast Iron CI, 5 HP. Delivery required in Pune within 22 days. Please share quotation.",Industrial Pumps,Cast Iron,CI,5 HP,9205,units,Pune,22,Automotive,Normal,0.24,3156792.03,Medium
R04514,B0428,"Please quote for 7294 hydraulic cylinders, Steel, MS, 50 mm. Location: Hyderabad. Required by 28 days.",Hydraulic Cylinders,Steel,MS,50 mm,7294,units,Hyderabad,28,Automotive,Flexible,0.87,1293153.63,High
R04515,B0884,"Looking for 6896 units of Cast Iron electric motors (IE2), size 5 HP, for our oem project plant in Kolkata. Need delivery in 44 days.",Electric Motors,Cast Iron,IE2,5 HP,6896,units,Kolkata,44,OEM project,Flexible,0.83,1687446.47,Medium
R04516,B1357,"Need 11048 steel brackets for oem project, Stainless Steel SS304, 3 mm. Delivery required in Mumbai within 4 days. Please share quotation.",Steel Brackets,Stainless Steel,SS304,3 mm,11048,units,Mumbai,4,OEM project,Urgent,0.25,2685263.93,High
R04517,B0695,"Need 3683 ball valves for automotive, Stainless Steel SS304, 2 inch. Delivery required in Pune within 37 days. Please share quotation.",Ball Valves,Stainless Steel,SS304,2 inch,3683,units,Pune,37,Automotive,Flexible,0.13,220035.74,Low
R04518,B0497,"Looking for 7202 units of Mild Steel sheet metal parts (SS304), size 10 mm, for our general manufacturing plant in Chennai. Need delivery in 14 days.",Sheet Metal Parts,Mild Steel,SS304,10 mm,7202,units,Chennai,14,General manufacturing,Normal,0.11,1213409.46,High
R04519,B0015,"Please quote for 9216 steel brackets, Mild Steel, SS304, 5 mm. Location: Bengaluru. Required by 37 days.",Steel Brackets,Mild Steel,SS304,5 mm,9216,units,Bengaluru,37,Industrial plant,Flexible,0.33,815471.22,Medium
R04520,B0005,"Need 2818 gearboxes for automotive, Cast Iron Helical, 5 HP. Delivery required in Delhi within 39 days. Please share quotation.",Gearboxes,Cast Iron,Helical,5 HP,2818,units,Delhi,39,Automotive,Flexible,0.31,1060963.05,Medium
R04521,B0983,"Need 6425 hydraulic cylinders for automotive, Stainless Steel MS, 100 mm. Delivery required in Kolkata within 31 days. Please share quotation.",Hydraulic Cylinders,Stainless Steel,MS,100 mm,6425,units,Kolkata,31,Automotive,Flexible,0.8,765503.32,Medium
R04522,B0819,"Looking for 1551 units of Stainless Steel steel brackets (MS), size 5 mm, for our industrial plant plant in Delhi. Need delivery in 32 days.",Steel Brackets,Stainless Steel,MS,5 mm,1551,units,Delhi,32,Industrial plant,Flexible,0.23,357484.49,Low
R04523,B0338,"Please quote for 6746 gearboxes, Steel, Helical, 2 HP. Location: Kolkata. Required by 19 days.",Gearboxes,Steel,Helical,2 HP,6746,units,Kolkata,19,Automotive,Normal,0.05,245504.91,Medium
R04524,B0638,"Please quote for 2260 ball valves, Stainless Steel, SS304, 1 inch. Location: Bengaluru. Required by 37 days.",Ball Valves,Stainless Steel,SS304,1 inch,2260,units,Bengaluru,37,Construction,Flexible,0.86,613204.7,Medium
R04525,B0957,"Please quote for 8309 electric motors, Aluminium, IE3, 25 HP. Location: Pune. Required by 11 days.",Electric Motors,Aluminium,IE3,25 HP,8309,units,Pune,11,Industrial plant,Normal,0.66,1656089.81,High
R04526,B0768,"Need 4399 ball valves for construction, Stainless Steel SS316, 3 inch. Delivery required in Nashik within 9 days. Please share quotation.",Ball Valves,Stainless Steel,SS316,3 inch,4399,units,Nashik,9,Construction,Urgent,0.86,1286588.49,High
R04527,B0595,"Please quote for 5641 industrial pumps, Cast Iron, SS316, 5 HP. Location: Nagpur. Required by 37 days.",Industrial Pumps,Cast Iron,SS316,5 HP,5641,units,Nagpur,37,OEM project,Flexible,0.92,1935374.09,Medium
R04528,B0851,"Please quote for 4372 gearboxes, Cast Iron, Worm, 10 HP. Location: Delhi. Required by 21 days.",Gearboxes,Cast Iron,Worm,10 HP,4372,units,Delhi,21,Automotive,Normal,0.1,1705305.75,Medium
R04529,B0647,"Looking for 4236 units of Cast Iron electric motors (IE3), size 10 HP, for our industrial plant plant in Bengaluru. Need delivery in 13 days.",Electric Motors,Cast Iron,IE3,10 HP,4236,units,Bengaluru,13,Industrial plant,Normal,0.0,340025.69,Medium
R04530,B1254,"Please quote for 1644 hydraulic cylinders, Steel, SS304, 50 mm. Location: Pune. Required by 36 days.",Hydraulic Cylinders,Steel,SS304,50 mm,1644,units,Pune,36,General manufacturing,Flexible,0.17,654305.03,Low
R04531,B0760,"Please quote for 2770 conveyor belts, PU, Food Grade, 800 mm. Location: Nagpur. Required by 31 days.",Conveyor Belts,PU,Food Grade,800 mm,2770,units,Nagpur,31,Industrial plant,Flexible,0.6,524691.29,Medium
R04532,B0512,"Please quote for 3412 hydraulic cylinders, Stainless Steel, MS, 100 mm. Location: Ahmedabad. Required by 36 days.",Hydraulic Cylinders,Stainless Steel,MS,100 mm,3412,units,Ahmedabad,36,Construction,Flexible,0.79,146831.71,Low
R04533,B0671,"Please quote for 7507 sheet metal parts, Mild Steel, SS304, 10 mm. Location: Kolkata. Required by 13 days.",Sheet Metal Parts,Mild Steel,SS304,10 mm,7507,units,Kolkata,13,OEM project,Normal,0.02,3320988.95,High
R04534,B0036,"Need 9347 industrial pumps for construction, Cast Iron SS304, 5 HP. Delivery required in Ahmedabad within 17 days. Please share quotation.",Industrial Pumps,Cast Iron,SS304,5 HP,9347,units,Ahmedabad,17,Construction,Normal,0.78,3408871.19,High
R04535,B0836,"Looking for 4021 units of Rubber conveyor belts (Grade A), size 500 mm, for our industrial plant plant in Nashik. Need delivery in 27 days.",Conveyor Belts,Rubber,Grade A,500 mm,4021,units,Nashik,27,Industrial plant,Flexible,0.42,656585.5,Medium
R04536,B0168,"Please quote for 8410 gearboxes, Steel, Helical, 5 HP. Location: Mumbai. Required by 25 days.",Gearboxes,Steel,Helical,5 HP,8410,units,Mumbai,25,Industrial plant,Normal,0.01,906420.99,Medium
R04537,B0522,"Looking for 6893 units of PU conveyor belts (Grade A), size 800 mm, for our construction plant in Nagpur. Need delivery in 6 days.",Conveyor Belts,PU,Grade A,800 mm,6893,units,Nagpur,6,Construction,Urgent,0.72,1140794.87,High
R04538,B0738,"Need 10642 gearboxes for automotive, Steel Worm, 2 HP. Delivery required in Mumbai within 7 days. Please share quotation.",Gearboxes,Steel,Worm,2 HP,10642,units,Mumbai,7,Automotive,Urgent,0.63,441541.39,High
R04539,B1386,"Looking for 10287 units of Stainless Steel industrial pumps (SS304), size 10 HP, for our automotive plant in Mumbai. Need delivery in 24 days.",Industrial Pumps,Stainless Steel,SS304,10 HP,10287,units,Mumbai,24,Automotive,Normal,0.28,1476027.34,Medium
R04540,B0631,"Please quote for 8724 gearboxes, Steel, Worm, 2 HP. Location: Nagpur. Required by 38 days.",Gearboxes,Steel,Worm,2 HP,8724,units,Nagpur,38,OEM project,Flexible,0.26,449286.49,Low
R04541,B0499,"Need 8109 sheet metal parts for oem project, Mild Steel SS304, 10 mm. Delivery required in Delhi within 23 days. Please share quotation.",Sheet Metal Parts,Mild Steel,SS304,10 mm,8109,units,Delhi,23,OEM project,Normal,0.51,588811.69,Medium
R04542,B1251,"Please quote for 47 steel brackets, Mild Steel, MS, 3 mm. Location: Hyderabad. Required by 45 days.",Steel Brackets,Mild Steel,MS,3 mm,47,units,Hyderabad,45,OEM project,Flexible,0.02,8494.17,Low
R04543,B0913,"Please quote for 6845 industrial pumps, Cast Iron, SS304, 20 HP. Location: Chennai. Required by 21 days.",Industrial Pumps,Cast Iron,SS304,20 HP,6845,units,Chennai,21,OEM project,Normal,0.84,2681422.43,High
R04544,B1047,"Need 3858 industrial pumps for oem project, Stainless Steel CI, 20 HP. Delivery required in Pune within 18 days. Please share quotation.",Industrial Pumps,Stainless Steel,CI,20 HP,3858,units,Pune,18,OEM project,Normal,0.78,1611483.75,Medium
R04545,B1104,"Need 7546 industrial pumps for oem project, Stainless Steel SS304, 5 HP. Delivery required in Pune within 42 days. Please share quotation.",Industrial Pumps,Stainless Steel,SS304,5 HP,7546,units,Pune,42,OEM project,Flexible,0.21,1826723.11,Medium
R04546,B0682,"Need 464 ball valves for general manufacturing, Stainless Steel SS304, 3 inch. Delivery required in Hyderabad within 10 days. Please share quotation.",Ball Valves,Stainless Steel,SS304,3 inch,464,units,Hyderabad,10,General manufacturing,Urgent,0.42,214707.27,Low
R04547,B1274,"Need 483 ball valves for oem project, Stainless Steel SS316, 2 inch. Delivery required in Chennai within 28 days. Please share quotation.",Ball Valves,Stainless Steel,SS316,2 inch,483,units,Chennai,28,OEM project,Flexible,0.85,173616.16,Low
R04548,B0146,"Need 3995 sheet metal parts for oem project, Mild Steel SS304, 5 mm. Delivery required in Nashik within 28 days. Please share quotation.",Sheet Metal Parts,Mild Steel,SS304,5 mm,3995,units,Nashik,28,OEM project,Flexible,0.79,1027832.62,Medium
R04549,B1357,"Looking for 10857 units of Mild Steel steel brackets (SS304), size 5 mm, for our industrial plant plant in Kolkata. Need delivery in 30 days.",Steel Brackets,Mild Steel,SS304,5 mm,10857,units,Kolkata,30,Industrial plant,Flexible,0.42,2153191.19,Medium
R04550,B0780,"Please quote for 10837 gearboxes, Steel, Worm, 10 HP. Location: Pune. Required by 23 days.",Gearboxes,Steel,Worm,10 HP,10837,units,Pune,23,Construction,Normal,0.9,3680364.16,High
R04551,B0843,"Please quote for 360 ball valves, Carbon Steel, SS304, 2 inch. Location: Bengaluru. Required by 12 days.",Ball Valves,Carbon Steel,SS304,2 inch,360,units,Bengaluru,12,Construction,Normal,0.94,139999.34,Low
R04552,B0244,"Looking for 7019 units of Steel gearboxes (Worm), size 10 HP, for our automotive plant in Nagpur. Need delivery in 39 days.",Gearboxes,Steel,Worm,10 HP,7019,units,Nagpur,39,Automotive,Flexible,0.82,2855135.33,Medium
R04553,B0986,"Need 8147 industrial pumps for general manufacturing, Cast Iron SS304, 5 HP. Delivery required in Nagpur within 44 days. Please share quotation.",Industrial Pumps,Cast Iron,SS304,5 HP,8147,units,Nagpur,44,General manufacturing,Flexible,0.21,3933891.78,Medium
R04554,B0143,"Please quote for 3925 conveyor belts, PU, Grade A, 500 mm. Location: Mumbai. Required by 9 days.",Conveyor Belts,PU,Grade A,500 mm,3925,units,Mumbai,9,Automotive,Urgent,0.22,984893.1,High
R04555,B0312,"Need 2983 sheet metal parts for general manufacturing, Stainless Steel MS, 10 mm. Delivery required in Ahmedabad within 25 days. Please share quotation.",Sheet Metal Parts,Stainless Steel,MS,10 mm,2983,units,Ahmedabad,25,General manufacturing,Normal,0.12,1377408.39,Medium
R04556,B0478,"Need 3243 conveyor belts for industrial plant, Rubber Grade A, 500 mm. Delivery required in Nagpur within 43 days. Please share quotation.",Conveyor Belts,Rubber,Grade A,500 mm,3243,units,Nagpur,43,Industrial plant,Flexible,0.76,766808.42,Medium
R04557,B0642,"Please quote for 10283 electric motors, Cast Iron, IE3, 5 HP. Location: Chennai. Required by 38 days.",Electric Motors,Cast Iron,IE3,5 HP,10283,units,Chennai,38,Automotive,Flexible,0.83,3411816.02,Medium
R04558,B0891,"Looking for 5296 units of Mild Steel sheet metal parts (SS304), size 2 mm, for our general manufacturing plant in Ahmedabad. Need delivery in 39 days.",Sheet Metal Parts,Mild Steel,SS304,2 mm,5296,units,Ahmedabad,39,General manufacturing,Flexible,0.27,1896145.79,Medium
R04559,B0220,"Please quote for 4759 ball valves, Stainless Steel, SS316, 1 inch. Location: Hyderabad. Required by 44 days.",Ball Valves,Stainless Steel,SS316,1 inch,4759,units,Hyderabad,44,OEM project,Flexible,0.33,1136262.26,Medium
R04560,B0475,"Please quote for 8366 sheet metal parts, Mild Steel, MS, 5 mm. Location: Delhi. Required by 12 days.",Sheet Metal Parts,Mild Steel,MS,5 mm,8366,units,Delhi,12,General manufacturing,Normal,0.9,379076.01,Medium
R04561,B1468,"Please quote for 10367 ball valves, Carbon Steel, CS, 3 inch. Location: Nashik. Required by 8 days.",Ball Valves,Carbon Steel,CS,3 inch,10367,units,Nashik,8,Automotive,Urgent,0.92,5014652.8,High
R04562,B0787,"Looking for 3783 units of Mild Steel steel brackets (MS), size 8 mm, for our automotive plant in Ahmedabad. Need delivery in 23 days.",Steel Brackets,Mild Steel,MS,8 mm,3783,units,Ahmedabad,23,Automotive,Normal,0.09,176659.2,Low
R04563,B0470,"Looking for 2820 units of Stainless Steel ball valves (CS), size 1 inch, for our industrial plant plant in Nashik. Need delivery in 29 days.",Ball Valves,Stainless Steel,CS,1 inch,2820,units,Nashik,29,Industrial plant,Flexible,0.72,748004.78,Medium
R04564,B1396,"Please quote for 564 gearboxes, Cast Iron, Worm, 2 HP. Location: Ahmedabad. Required by 37 days.",Gearboxes,Cast Iron,Worm,2 HP,564,units,Ahmedabad,37,OEM project,Flexible,0.08,194773.02,Low
R04565,B0954,"Need 8260 conveyor belts for construction, PU Grade A, 800 mm. Delivery required in Hyderabad within 39 days. Please share quotation.",Conveyor Belts,PU,Grade A,800 mm,8260,units,Hyderabad,39,Construction,Flexible,0.53,3606958.88,Medium
R04566,B0017,"Please quote for 117 steel brackets, Stainless Steel, MS, 8 mm. Location: Chennai. Required by 28 days.",Steel Brackets,Stainless Steel,MS,8 mm,117,units,Chennai,28,General manufacturing,Flexible,0.95,31481.73,Low
R04567,B0740,"Looking for 466 units of Cast Iron gearboxes (Worm), size 2 HP, for our general manufacturing plant in Mumbai. Need delivery in 16 days.",Gearboxes,Cast Iron,Worm,2 HP,466,units,Mumbai,16,General manufacturing,Normal,0.39,103528.08,Low
R04568,B0207,"Please quote for 10596 ball valves, Stainless Steel, SS316, 2 inch. Location: Chennai. Required by 14 days.",Ball Valves,Stainless Steel,SS316,2 inch,10596,units,Chennai,14,Construction,Normal,0.17,1585325.74,High
R04569,B0945,"Need 1692 hydraulic cylinders for automotive, Steel SS304, 100 mm. Delivery required in Ahmedabad within 18 days. Please share quotation.",Hydraulic Cylinders,Steel,SS304,100 mm,1692,units,Ahmedabad,18,Automotive,Normal,0.4,178944.61,Low
R04570,B0184,"Need 3922 steel brackets for construction, Mild Steel SS304, 5 mm. Delivery required in Mumbai within 5 days. Please share quotation.",Steel Brackets,Mild Steel,SS304,5 mm,3922,units,Mumbai,5,Construction,Urgent,0.77,681756.53,High
R04571,B1157,"Looking for 7371 units of Mild Steel steel brackets (SS304), size 5 mm, for our general manufacturing plant in Bengaluru. Need delivery in 21 days.",Steel Brackets,Mild Steel,SS304,5 mm,7371,units,Bengaluru,21,General manufacturing,Normal,0.07,925401.43,Medium
R04572,B0311,"Looking for 2476 units of Cast Iron electric motors (IE2), size 10 HP, for our general manufacturing plant in Kolkata. Need delivery in 22 days.",Electric Motors,Cast Iron,IE2,10 HP,2476,units,Kolkata,22,General manufacturing,Normal,0.17,1187715.9,Medium
R04573,B0923,"Looking for 3315 units of Aluminium electric motors (IE3), size 25 HP, for our industrial plant plant in Delhi. Need delivery in 17 days.",Electric Motors,Aluminium,IE3,25 HP,3315,units,Delhi,17,Industrial plant,Normal,0.07,1053958.56,Medium
R04574,B0936,"Please quote for 2295 hydraulic cylinders, Stainless Steel, MS, 150 mm. Location: Pune. Required by 12 days.",Hydraulic Cylinders,Stainless Steel,MS,150 mm,2295,units,Pune,12,Industrial plant,Normal,0.03,771606.46,Medium
R04575,B1222,"Please quote for 9048 ball valves, Stainless Steel, CS, 1 inch. Location: Bengaluru. Required by 24 days.",Ball Valves,Stainless Steel,CS,1 inch,9048,units,Bengaluru,24,Automotive,Normal,0.25,2558505.65,Medium
R04576,B0813,"Looking for 9391 units of Stainless Steel ball valves (CS), size 3 inch, for our industrial plant plant in Hyderabad. Need delivery in 38 days.",Ball Valves,Stainless Steel,CS,3 inch,9391,units,Hyderabad,38,Industrial plant,Flexible,0.02,1648790.62,Medium
R04577,B1179,"Need 5054 gearboxes for oem project, Cast Iron Worm, 5 HP. Delivery required in Delhi within 11 days. Please share quotation.",Gearboxes,Cast Iron,Worm,5 HP,5054,units,Delhi,11,OEM project,Normal,0.33,2399617.42,High
R04578,B0332,"Looking for 7077 units of Mild Steel steel brackets (MS), size 3 mm, for our general manufacturing plant in Delhi. Need delivery in 45 days.",Steel Brackets,Mild Steel,MS,3 mm,7077,units,Delhi,45,General manufacturing,Flexible,0.01,3081007.94,Medium
R04579,B1171,"Looking for 1550 units of PU conveyor belts (Food Grade), size 500 mm, for our construction plant in Nashik. Need delivery in 15 days.",Conveyor Belts,PU,Food Grade,500 mm,1550,units,Nashik,15,Construction,Normal,0.09,768279.11,Medium
R04580,B1302,"Please quote for 11682 electric motors, Cast Iron, IE3, 10 HP. Location: Nashik. Required by 5 days.",Electric Motors,Cast Iron,IE3,10 HP,11682,units,Nashik,5,Construction,Urgent,0.47,4349279.48,High
R04581,B1320,"Need 10981 sheet metal parts for automotive, Mild Steel MS, 2 mm. Delivery required in Nagpur within 13 days. Please share quotation.",Sheet Metal Parts,Mild Steel,MS,2 mm,10981,units,Nagpur,13,Automotive,Normal,0.66,4784200.33,High
R04582,B0173,"Please quote for 3532 conveyor belts, Rubber, Food Grade, 800 mm. Location: Kolkata. Required by 24 days.",Conveyor Belts,Rubber,Food Grade,800 mm,3532,units,Kolkata,24,General manufacturing,Normal,0.43,300979.02,Low
R04583,B0900,"Looking for 10513 units of Carbon Steel ball valves (SS316), size 2 inch, for our industrial plant plant in Chennai. Need delivery in 18 days.",Ball Valves,Carbon Steel,SS316,2 inch,10513,units,Chennai,18,Industrial plant,Normal,0.66,906009.08,High
R04584,B0073,"Looking for 9952 units of Stainless Steel sheet metal parts (SS304), size 10 mm, for our industrial plant plant in Chennai. Need delivery in 18 days.",Sheet Metal Parts,Stainless Steel,SS304,10 mm,9952,units,Chennai,18,Industrial plant,Normal,0.02,3788884.7,Medium
R04585,B1460,"Please quote for 2260 steel brackets, Stainless Steel, SS304, 8 mm. Location: Bengaluru. Required by 3 days.",Steel Brackets,Stainless Steel,SS304,8 mm,2260,units,Bengaluru,3,Construction,Urgent,0.87,282439.18,High
R04586,B0769,"Looking for 10471 units of Steel hydraulic cylinders (SS304), size 50 mm, for our construction plant in Nashik. Need delivery in 20 days.",Hydraulic Cylinders,Steel,SS304,50 mm,10471,units,Nashik,20,Construction,Normal,0.91,4211045.3,High
R04587,B0403,"Need 3127 gearboxes for industrial plant, Cast Iron Worm, 5 HP. Delivery required in Nashik within 11 days. Please share quotation.",Gearboxes,Cast Iron,Worm,5 HP,3127,units,Nashik,11,Industrial plant,Normal,0.19,174050.48,Medium
R04588,B0615,"Looking for 520 units of Mild Steel sheet metal parts (MS), size 2 mm, for our oem project plant in Ahmedabad. Need delivery in 22 days.",Sheet Metal Parts,Mild Steel,MS,2 mm,520,units,Ahmedabad,22,OEM project,Normal,0.27,99079.97,Low
R04589,B0538,"Looking for 9922 units of Stainless Steel steel brackets (MS), size 8 mm, for our automotive plant in Nashik. Need delivery in 35 days.",Steel Brackets,Stainless Steel,MS,8 mm,9922,units,Nashik,35,Automotive,Flexible,0.45,1352490.99,Medium
R04590,B0309,"Looking for 4335 units of Cast Iron industrial pumps (CI), size 20 HP, for our general manufacturing plant in Ahmedabad. Need delivery in 18 days.",Industrial Pumps,Cast Iron,CI,20 HP,4335,units,Ahmedabad,18,General manufacturing,Normal,0.68,1236546.47,Medium
R04591,B1294,"Please quote for 8149 electric motors, Cast Iron, IE2, 25 HP. Location: Bengaluru. Required by 39 days.",Electric Motors,Cast Iron,IE2,25 HP,8149,units,Bengaluru,39,General manufacturing,Flexible,0.94,3188273.57,Medium
R04592,B0225,"Looking for 70 units of Aluminium electric motors (IE2), size 5 HP, for our automotive plant in Kolkata. Need delivery in 31 days.",Electric Motors,Aluminium,IE2,5 HP,70,units,Kolkata,31,Automotive,Flexible,0.56,21835.27,Low
R04593,B1360,"Looking for 4551 units of Stainless Steel ball valves (CS), size 2 inch, for our oem project plant in Hyderabad. Need delivery in 21 days.",Ball Valves,Stainless Steel,CS,2 inch,4551,units,Hyderabad,21,OEM project,Normal,0.4,928566.55,Medium
R04594,B1496,"Need 479 gearboxes for industrial plant, Cast Iron Helical, 10 HP. Delivery required in Chennai within 30 days. Please share quotation.",Gearboxes,Cast Iron,Helical,10 HP,479,units,Chennai,30,Industrial plant,Flexible,0.58,217238.02,Low
R04595,B1280,"Looking for 3718 units of Stainless Steel ball valves (SS316), size 3 inch, for our construction plant in Ahmedabad. Need delivery in 36 days.",Ball Valves,Stainless Steel,SS316,3 inch,3718,units,Ahmedabad,36,Construction,Flexible,0.07,626292.17,Medium
R04596,B0720,"Looking for 5268 units of Cast Iron electric motors (IE2), size 10 HP, for our construction plant in Ahmedabad. Need delivery in 40 days.",Electric Motors,Cast Iron,IE2,10 HP,5268,units,Ahmedabad,40,Construction,Flexible,0.62,2324511.4,Medium
R04597,B0675,"Need 5052 ball valves for automotive, Carbon Steel CS, 2 inch. Delivery required in Ahmedabad within 41 days. Please share quotation.",Ball Valves,Carbon Steel,CS,2 inch,5052,units,Ahmedabad,41,Automotive,Flexible,0.74,1872716.72,Medium
R04598,B0636,"Please quote for 1418 hydraulic cylinders, Stainless Steel, SS304, 150 mm. Location: Mumbai. Required by 27 days.",Hydraulic Cylinders,Stainless Steel,SS304,150 mm,1418,units,Mumbai,27,Construction,Flexible,0.06,441817.44,Low
R04599,B1182,"Need 7641 sheet metal parts for automotive, Stainless Steel MS, 5 mm. Delivery required in Ahmedabad within 38 days. Please share quotation.",Sheet Metal Parts,Stainless Steel,MS,5 mm,7641,units,Ahmedabad,38,Automotive,Flexible,0.53,1714649.05,Medium
R04600,B0487,"Looking for 11954 units of Stainless Steel industrial pumps (SS316), size 10 HP, for our industrial plant plant in Kolkata. Need delivery in 12 days.",Industrial Pumps,Stainless Steel,SS316,10 HP,11954,units,Kolkata,12,Industrial plant,Normal,0.13,4699943.07,High
R04601,B0832,"Need 4863 sheet metal parts for industrial plant, Stainless Steel SS304, 10 mm. Delivery required in Chennai within 23 days. Please share quotation.",Sheet Metal Parts,Stainless Steel,SS304,10 mm,4863,units,Chennai,23,Industrial plant,Normal,0.83,277945.21,Medium
R04602,B0286,"Looking for 9723 units of Aluminium electric motors (IE3), size 5 HP, for our industrial plant plant in Nagpur. Need delivery in 23 days.",Electric Motors,Aluminium,IE3,5 HP,9723,units,Nagpur,23,Industrial plant,Normal,0.86,462422.74,Medium
R04603,B0700,"Looking for 3019 units of Stainless Steel sheet metal parts (SS304), size 10 mm, for our construction plant in Nagpur. Need delivery in 35 days.",Sheet Metal Parts,Stainless Steel,SS304,10 mm,3019,units,Nagpur,35,Construction,Flexible,0.41,1230924.64,Medium
R04604,B1270,"Need 5296 industrial pumps for oem project, Cast Iron SS304, 20 HP. Delivery required in Chennai within 26 days. Please share quotation.",Industrial Pumps,Cast Iron,SS304,20 HP,5296,units,Chennai,26,OEM project,Flexible,0.82,606183.75,High
R04605,B1189,"Need 688 ball valves for oem project, Stainless Steel CS, 2 inch. Delivery required in Bengaluru within 20 days. Please share quotation.",Ball Valves,Stainless Steel,CS,2 inch,688,units,Bengaluru,20,OEM project,Normal,0.7,317377.69,Low
R04606,B0652,"Looking for 8968 units of PU conveyor belts (Grade A), size 800 mm, for our general manufacturing plant in Delhi. Need delivery in 6 days.",Conveyor Belts,PU,Grade A,800 mm,8968,units,Delhi,6,General manufacturing,Urgent,0.86,185703.34,High
R04607,B0789,"Need 4535 gearboxes for automotive, Cast Iron Helical, 5 HP. Delivery required in Nashik within 10 days. Please share quotation.",Gearboxes,Cast Iron,Helical,5 HP,4535,units,Nashik,10,Automotive,Urgent,0.73,703623.34,High
R04608,B0285,"Need 11853 electric motors for construction, Aluminium IE3, 25 HP. Delivery required in Ahmedabad within 37 days. Please share quotation.",Electric Motors,Aluminium,IE3,25 HP,11853,units,Ahmedabad,37,Construction,Flexible,0.23,4221821.72,Medium
R04609,B0884,"Need 11428 hydraulic cylinders for general manufacturing, Steel SS304, 100 mm. Delivery required in Pune within 26 days. Please share quotation.",Hydraulic Cylinders,Steel,SS304,100 mm,11428,units,Pune,26,General manufacturing,Flexible,0.03,4771328.82,Medium
R04610,B0842,"Please quote for 10665 industrial pumps, Stainless Steel, SS304, 5 HP. Location: Mumbai. Required by 6 days.",Industrial Pumps,Stainless Steel,SS304,5 HP,10665,units,Mumbai,6,Construction,Urgent,0.04,4971000.31,High
R04611,B1029,"Looking for 2666 units of Cast Iron gearboxes (Helical), size 10 HP, for our oem project plant in Bengaluru. Need delivery in 5 days.",Gearboxes,Cast Iron,Helical,10 HP,2666,units,Bengaluru,5,OEM project,Urgent,0.34,841494.0,High
R04612,B0261,"Looking for 8479 units of Cast Iron gearboxes (Worm), size 2 HP, for our automotive plant in Nashik. Need delivery in 34 days.",Gearboxes,Cast Iron,Worm,2 HP,8479,units,Nashik,34,Automotive,Flexible,0.58,1690627.75,Medium
R04613,B0023,"Need 3007 gearboxes for oem project, Cast Iron Worm, 2 HP. Delivery required in Chennai within 10 days. Please share quotation.",Gearboxes,Cast Iron,Worm,2 HP,3007,units,Chennai,10,OEM project,Urgent,0.52,1204202.18,High
R04614,B1360,"Please quote for 4294 electric motors, Cast Iron, IE2, 10 HP. Location: Pune. Required by 3 days.",Electric Motors,Cast Iron,IE2,10 HP,4294,units,Pune,3,Industrial plant,Urgent,0.55,317080.64,Medium
R04615,B0792,"Please quote for 6316 conveyor belts, PU, Food Grade, 800 mm. Location: Ahmedabad. Required by 39 days.",Conveyor Belts,PU,Food Grade,800 mm,6316,units,Ahmedabad,39,Construction,Flexible,0.75,2008623.02,Medium
R04616,B0882,"Need 11335 ball valves for construction, Stainless Steel SS316, 3 inch. Delivery required in Mumbai within 29 days. Please share quotation.",Ball Valves,Stainless Steel,SS316,3 inch,11335,units,Mumbai,29,Construction,Flexible,0.67,1229017.29,High
R04617,B1037,"Looking for 8268 units of Stainless Steel ball valves (CS), size 2 inch, for our oem project plant in Chennai. Need delivery in 27 days.",Ball Valves,Stainless Steel,CS,2 inch,8268,units,Chennai,27,OEM project,Flexible,0.09,2698886.69,Medium
R04618,B0709,"Looking for 5645 units of Cast Iron gearboxes (Worm), size 2 HP, for our construction plant in Chennai. Need delivery in 23 days.",Gearboxes,Cast Iron,Worm,2 HP,5645,units,Chennai,23,Construction,Normal,0.79,924494.78,High
R04619,B0390,"Need 4365 gearboxes for construction, Cast Iron Helical, 2 HP. Delivery required in Nashik within 10 days. Please share quotation.",Gearboxes,Cast Iron,Helical,2 HP,4365,units,Nashik,10,Construction,Urgent,0.45,155001.81,Medium
R04620,B0459,"Need 159 hydraulic cylinders for construction, Stainless Steel SS304, 100 mm. Delivery required in Nashik within 34 days. Please share quotation.",Hydraulic Cylinders,Stainless Steel,SS304,100 mm,159,units,Nashik,34,Construction,Flexible,0.99,16407.92,Low
R04621,B0198,"Please quote for 7826 hydraulic cylinders, Steel, MS, 150 mm. Location: Nagpur. Required by 3 days.",Hydraulic Cylinders,Steel,MS,150 mm,7826,units,Nagpur,3,Construction,Urgent,0.74,2697704.0,High
R04622,B0645,"Please quote for 5046 gearboxes, Steel, Worm, 2 HP. Location: Kolkata. Required by 26 days.",Gearboxes,Steel,Worm,2 HP,5046,units,Kolkata,26,Industrial plant,Flexible,0.01,1575371.78,Medium
R04623,B0660,"Please quote for 3739 ball valves, Stainless Steel, SS304, 1 inch. Location: Nashik. Required by 33 days.",Ball Valves,Stainless Steel,SS304,1 inch,3739,units,Nashik,33,OEM project,Flexible,0.16,1532024.96,Medium
R04624,B0435,"Please quote for 9050 ball valves, Carbon Steel, SS316, 3 inch. Location: Pune. Required by 3 days.",Ball Valves,Carbon Steel,SS316,3 inch,9050,units,Pune,3,Industrial plant,Urgent,0.02,2628526.92,High
R04625,B0381,"Please quote for 11763 conveyor belts, Rubber, Food Grade, 800 mm. Location: Mumbai. Required by 27 days.",Conveyor Belts,Rubber,Food Grade,800 mm,11763,units,Mumbai,27,General manufacturing,Flexible,0.76,1937654.47,High
R04626,B0250,"Need 4539 industrial pumps for automotive, Cast Iron CI, 5 HP. Delivery required in Pune within 9 days. Please share quotation.",Industrial Pumps,Cast Iron,CI,5 HP,4539,units,Pune,9,Automotive,Urgent,0.59,119684.0,Medium
R04627,B0766,"Need 7067 hydraulic cylinders for construction, Steel MS, 150 mm. Delivery required in Pune within 35 days. Please share quotation.",Hydraulic Cylinders,Steel,MS,150 mm,7067,units,Pune,35,Construction,Flexible,0.78,448846.28,Medium
R04628,B0953,"Looking for 7943 units of Aluminium electric motors (IE2), size 25 HP, for our construction plant in Nashik. Need delivery in 32 days.",Electric Motors,Aluminium,IE2,25 HP,7943,units,Nashik,32,Construction,Flexible,0.43,3197974.15,Medium
R04629,B0623,"Please quote for 1914 ball valves, Stainless Steel, SS316, 1 inch. Location: Mumbai. Required by 26 days.",Ball Valves,Stainless Steel,SS316,1 inch,1914,units,Mumbai,26,OEM project,Flexible,0.68,614380.69,Medium
R04630,B0875,"Looking for 8111 units of Mild Steel sheet metal parts (SS304), size 5 mm, for our construction plant in Hyderabad. Need delivery in 18 days.",Sheet Metal Parts,Mild Steel,SS304,5 mm,8111,units,Hyderabad,18,Construction,Normal,0.03,1029432.66,Medium
R04631,B0199,"Please quote for 9422 steel brackets, Stainless Steel, MS, 3 mm. Location: Delhi. Required by 6 days.",Steel Brackets,Stainless Steel,MS,3 mm,9422,units,Delhi,6,Construction,Urgent,0.13,4246381.86,High
R04632,B1303,"Need 7887 gearboxes for construction, Cast Iron Helical, 5 HP. Delivery required in Nagpur within 4 days. Please share quotation.",Gearboxes,Cast Iron,Helical,5 HP,7887,units,Nagpur,4,Construction,Urgent,0.95,472002.05,High
R04633,B0930,"Please quote for 1630 sheet metal parts, Stainless Steel, SS304, 2 mm. Location: Chennai. Required by 45 days.",Sheet Metal Parts,Stainless Steel,SS304,2 mm,1630,units,Chennai,45,OEM project,Flexible,0.95,153223.57,Low
R04634,B0473,"Looking for 10276 units of Steel gearboxes (Helical), size 2 HP, for our industrial plant plant in Delhi. Need delivery in 8 days.",Gearboxes,Steel,Helical,2 HP,10276,units,Delhi,8,Industrial plant,Urgent,0.42,5068390.65,High
R04635,B0700,"Looking for 1867 units of Steel hydraulic cylinders (SS304), size 100 mm, for our industrial plant plant in Kolkata. Need delivery in 16 days.",Hydraulic Cylinders,Steel,SS304,100 mm,1867,units,Kolkata,16,Industrial plant,Normal,0.57,169654.85,Low
R04636,B0732,"Please quote for 10295 steel brackets, Stainless Steel, SS304, 8 mm. Location: Delhi. Required by 9 days.",Steel Brackets,Stainless Steel,SS304,8 mm,10295,units,Delhi,9,Construction,Urgent,0.09,4959054.22,High
R04637,B1422,"Please quote for 7923 hydraulic cylinders, Steel, SS304, 150 mm. Location: Nashik. Required by 13 days.",Hydraulic Cylinders,Steel,SS304,150 mm,7923,units,Nashik,13,OEM project,Normal,0.44,583096.0,High
R04638,B0475,"Looking for 3635 units of Steel hydraulic cylinders (MS), size 50 mm, for our oem project plant in Kolkata. Need delivery in 38 days.",Hydraulic Cylinders,Steel,MS,50 mm,3635,units,Kolkata,38,OEM project,Flexible,0.02,1630586.18,Medium
R04639,B0923,"Need 8100 gearboxes for general manufacturing, Cast Iron Helical, 2 HP. Delivery required in Ahmedabad within 39 days. Please share quotation.",Gearboxes,Cast Iron,Helical,2 HP,8100,units,Ahmedabad,39,General manufacturing,Flexible,0.79,3363255.15,Medium
R04640,B0321,"Need 11400 industrial pumps for general manufacturing, Cast Iron CI, 5 HP. Delivery required in Ahmedabad within 21 days. Please share quotation.",Industrial Pumps,Cast Iron,CI,5 HP,11400,units,Ahmedabad,21,General manufacturing,Normal,0.08,846475.79,Medium
R04641,B0518,"Please quote for 4412 conveyor belts, PU, Grade A, 800 mm. Location: Hyderabad. Required by 3 days.",Conveyor Belts,PU,Grade A,800 mm,4412,units,Hyderabad,3,Automotive,Urgent,0.17,1368522.96,High
R04642,B1085,"Need 7976 hydraulic cylinders for automotive, Steel MS, 50 mm. Delivery required in Delhi within 45 days. Please share quotation.",Hydraulic Cylinders,Steel,MS,50 mm,7976,units,Delhi,45,Automotive,Flexible,0.33,2329721.68,Medium
R04643,B0707,"Need 3611 industrial pumps for automotive, Stainless Steel SS316, 10 HP. Delivery required in Pune within 9 days. Please share quotation.",Industrial Pumps,Stainless Steel,SS316,10 HP,3611,units,Pune,9,Automotive,Urgent,0.14,120391.07,Medium
R04644,B0505,"Looking for 4039 units of Stainless Steel ball valves (SS316), size 2 inch, for our construction plant in Bengaluru. Need delivery in 15 days.",Ball Valves,Stainless Steel,SS316,2 inch,4039,units,Bengaluru,15,Construction,Normal,0.37,405936.92,Medium
R04645,B0376,"Looking for 8743 units of PU conveyor belts (Food Grade), size 800 mm, for our automotive plant in Ahmedabad. Need delivery in 41 days.",Conveyor Belts,PU,Food Grade,800 mm,8743,units,Ahmedabad,41,Automotive,Flexible,0.57,3638718.02,Medium
R04646,B0457,"Please quote for 8329 electric motors, Cast Iron, IE3, 5 HP. Location: Nagpur. Required by 21 days.",Electric Motors,Cast Iron,IE3,5 HP,8329,units,Nagpur,21,General manufacturing,Normal,0.97,3094759.8,High
R04647,B0163,"Need 1968 conveyor belts for oem project, Rubber Grade A, 800 mm. Delivery required in Nashik within 33 days. Please share quotation.",Conveyor Belts,Rubber,Grade A,800 mm,1968,units,Nashik,33,OEM project,Flexible,0.83,526130.86,Medium
R04648,B0572,"Looking for 8729 units of Cast Iron industrial pumps (SS304), size 10 HP, for our industrial plant plant in Nagpur. Need delivery in 11 days.",Industrial Pumps,Cast Iron,SS304,10 HP,8729,units,Nagpur,11,Industrial plant,Normal,0.93,642977.88,High
R04649,B1350,"Need 5174 hydraulic cylinders for construction, Steel MS, 50 mm. Delivery required in Chennai within 6 days. Please share quotation.",Hydraulic Cylinders,Steel,MS,50 mm,5174,units,Chennai,6,Construction,Urgent,0.15,787177.69,High
R04650,B0290,"Please quote for 10182 sheet metal parts, Stainless Steel, SS304, 10 mm. Location: Nagpur. Required by 10 days.",Sheet Metal Parts,Stainless Steel,SS304,10 mm,10182,units,Nagpur,10,OEM project,Urgent,0.53,1574602.9,High
R04651,B1226,"Looking for 695 units of Mild Steel steel brackets (SS304), size 3 mm, for our construction plant in Nagpur. Need delivery in 24 days.",Steel Brackets,Mild Steel,SS304,3 mm,695,units,Nagpur,24,Construction,Normal,0.61,111971.75,Low
R04652,B0372,"Need 2303 gearboxes for industrial plant, Steel Worm, 5 HP. Delivery required in Hyderabad within 18 days. Please share quotation.",Gearboxes,Steel,Worm,5 HP,2303,units,Hyderabad,18,Industrial plant,Normal,0.88,440414.49,Medium
R04653,B1240,"Looking for 11297 units of Stainless Steel sheet metal parts (MS), size 10 mm, for our construction plant in Ahmedabad. Need delivery in 3 days.",Sheet Metal Parts,Stainless Steel,MS,10 mm,11297,units,Ahmedabad,3,Construction,Urgent,0.47,923625.43,High
R04654,B0633,"Looking for 11045 units of Stainless Steel steel brackets (MS), size 3 mm, for our industrial plant plant in Hyderabad. Need delivery in 40 days.",Steel Brackets,Stainless Steel,MS,3 mm,11045,units,Hyderabad,40,Industrial plant,Flexible,0.25,683388.16,Medium
R04655,B1288,"Looking for 10823 units of Mild Steel sheet metal parts (MS), size 5 mm, for our industrial plant plant in Nagpur. Need delivery in 24 days.",Sheet Metal Parts,Mild Steel,MS,5 mm,10823,units,Nagpur,24,Industrial plant,Normal,0.28,1597524.88,Medium
R04656,B1036,"Need 3464 conveyor belts for general manufacturing, PU Grade A, 800 mm. Delivery required in Pune within 15 days. Please share quotation.",Conveyor Belts,PU,Grade A,800 mm,3464,units,Pune,15,General manufacturing,Normal,0.98,1729973.18,High
R04657,B0457,"Looking for 1713 units of Steel gearboxes (Worm), size 2 HP, for our oem project plant in Nashik. Need delivery in 10 days.",Gearboxes,Steel,Worm,2 HP,1713,units,Nashik,10,OEM project,Urgent,0.66,378210.18,Medium
R04658,B0771,"Need 9227 hydraulic cylinders for general manufacturing, Steel MS, 100 mm. Delivery required in Ahmedabad within 8 days. Please share quotation.",Hydraulic Cylinders,Steel,MS,100 mm,9227,units,Ahmedabad,8,General manufacturing,Urgent,0.84,1683447.82,High
R04659,B0311,"Please quote for 11311 ball valves, Carbon Steel, SS316, 3 inch. Location: Bengaluru. Required by 20 days.",Ball Valves,Carbon Steel,SS316,3 inch,11311,units,Bengaluru,20,Automotive,Normal,0.94,1643182.62,High
R04660,B0510,"Please quote for 8985 conveyor belts, PU, Grade A, 1000 mm. Location: Nashik. Required by 6 days.",Conveyor Belts,PU,Grade A,1000 mm,8985,units,Nashik,6,OEM project,Urgent,0.33,4465651.45,High
R04661,B1351,"Looking for 1974 units of PU conveyor belts (Grade A), size 500 mm, for our industrial plant plant in Delhi. Need delivery in 44 days.",Conveyor Belts,PU,Grade A,500 mm,1974,units,Delhi,44,Industrial plant,Flexible,0.22,696592.87,Low
R04662,B0502,"Looking for 9470 units of Stainless Steel hydraulic cylinders (MS), size 150 mm, for our construction plant in Delhi. Need delivery in 41 days.",Hydraulic Cylinders,Stainless Steel,MS,150 mm,9470,units,Delhi,41,Construction,Flexible,0.26,4566172.56,Medium
R04663,B1003,"Need 4216 steel brackets for construction, Stainless Steel SS304, 8 mm. Delivery required in Pune within 42 days. Please share quotation.",Steel Brackets,Stainless Steel,SS304,8 mm,4216,units,Pune,42,Construction,Flexible,0.35,1499397.55,Medium
R04664,B1138,"Need 6131 electric motors for industrial plant, Cast Iron IE3, 5 HP. Delivery required in Delhi within 27 days. Please share quotation.",Electric Motors,Cast Iron,IE3,5 HP,6131,units,Delhi,27,Industrial plant,Flexible,0.87,2524184.09,High
R04665,B0138,"Looking for 327 units of PU conveyor belts (Food Grade), size 1000 mm, for our construction plant in Hyderabad. Need delivery in 35 days.",Conveyor Belts,PU,Food Grade,1000 mm,327,units,Hyderabad,35,Construction,Flexible,0.87,28195.05,Low
R04666,B1157,"Please quote for 11774 steel brackets, Mild Steel, MS, 5 mm. Location: Hyderabad. Required by 23 days.",Steel Brackets,Mild Steel,MS,5 mm,11774,units,Hyderabad,23,Construction,Normal,0.47,5369909.76,Medium
R04667,B1421,"Looking for 31 units of Rubber conveyor belts (Food Grade), size 500 mm, for our general manufacturing plant in Ahmedabad. Need delivery in 28 days.",Conveyor Belts,Rubber,Food Grade,500 mm,31,units,Ahmedabad,28,General manufacturing,Flexible,0.68,12077.54,Low
R04668,B1454,"Need 4938 steel brackets for industrial plant, Mild Steel SS304, 3 mm. Delivery required in Chennai within 10 days. Please share quotation.",Steel Brackets,Mild Steel,SS304,3 mm,4938,units,Chennai,10,Industrial plant,Urgent,0.95,1034755.55,High
R04669,B1342,"Need 247 ball valves for oem project, Stainless Steel CS, 2 inch. Delivery required in Hyderabad within 30 days. Please share quotation.",Ball Valves,Stainless Steel,CS,2 inch,247,units,Hyderabad,30,OEM project,Flexible,0.87,17595.15,Low
R04670,B1072,"Need 486 ball valves for construction, Stainless Steel SS316, 3 inch. Delivery required in Nagpur within 8 days. Please share quotation.",Ball Valves,Stainless Steel,SS316,3 inch,486,units,Nagpur,8,Construction,Urgent,0.23,220144.93,Low
R04671,B0831,"Need 8497 sheet metal parts for general manufacturing, Mild Steel SS304, 10 mm. Delivery required in Delhi within 23 days. Please share quotation.",Sheet Metal Parts,Mild Steel,SS304,10 mm,8497,units,Delhi,23,General manufacturing,Normal,0.8,362480.96,Medium
R04672,B0371,"Looking for 2264 units of Rubber conveyor belts (Food Grade), size 800 mm, for our general manufacturing plant in Bengaluru. Need delivery in 32 days.",Conveyor Belts,Rubber,Food Grade,800 mm,2264,units,Bengaluru,32,General manufacturing,Flexible,0.27,1057385.75,Medium
R04673,B0244,"Looking for 5540 units of Stainless Steel sheet metal parts (SS304), size 10 mm, for our construction plant in Nashik. Need delivery in 24 days.",Sheet Metal Parts,Stainless Steel,SS304,10 mm,5540,units,Nashik,24,Construction,Normal,0.53,2299785.48,Medium
R04674,B0952,"Looking for 5103 units of Steel hydraulic cylinders (SS304), size 50 mm, for our construction plant in Nagpur. Need delivery in 21 days.",Hydraulic Cylinders,Steel,SS304,50 mm,5103,units,Nagpur,21,Construction,Normal,0.79,1808621.84,High
R04675,B1261,"Please quote for 10375 electric motors, Aluminium, IE3, 25 HP. Location: Bengaluru. Required by 10 days.",Electric Motors,Aluminium,IE3,25 HP,10375,units,Bengaluru,10,Automotive,Urgent,0.53,241439.21,Medium
R04676,B0260,"Looking for 11211 units of Mild Steel sheet metal parts (SS304), size 10 mm, for our oem project plant in Pune. Need delivery in 25 days.",Sheet Metal Parts,Mild Steel,SS304,10 mm,11211,units,Pune,25,OEM project,Normal,0.83,1259777.85,High
R04677,B1187,"Looking for 11807 units of Steel gearboxes (Worm), size 10 HP, for our automotive plant in Nagpur. Need delivery in 35 days.",Gearboxes,Steel,Worm,10 HP,11807,units,Nagpur,35,Automotive,Flexible,0.5,260348.56,Low
R04678,B1013,"Looking for 5414 units of Rubber conveyor belts (Grade A), size 1000 mm, for our general manufacturing plant in Ahmedabad. Need delivery in 42 days.",Conveyor Belts,Rubber,Grade A,1000 mm,5414,units,Ahmedabad,42,General manufacturing,Flexible,0.5,1739250.24,Medium
R04679,B1196,"Please quote for 6663 industrial pumps, Stainless Steel, SS304, 20 HP. Location: Chennai. Required by 19 days.",Industrial Pumps,Stainless Steel,SS304,20 HP,6663,units,Chennai,19,Automotive,Normal,0.36,2566875.85,Medium
R04680,B0610,"Need 5959 electric motors for automotive, Cast Iron IE2, 10 HP. Delivery required in Hyderabad within 29 days. Please share quotation.",Electric Motors,Cast Iron,IE2,10 HP,5959,units,Hyderabad,29,Automotive,Flexible,0.84,2288141.49,High
R04681,B0069,"Looking for 10483 units of Mild Steel steel brackets (SS304), size 5 mm, for our general manufacturing plant in Ahmedabad. Need delivery in 5 days.",Steel Brackets,Mild Steel,SS304,5 mm,10483,units,Ahmedabad,5,General manufacturing,Urgent,0.98,2856577.84,High
R04682,B0526,"Need 7917 ball valves for industrial plant, Carbon Steel CS, 1 inch. Delivery required in Delhi within 4 days. Please share quotation.",Ball Valves,Carbon Steel,CS,1 inch,7917,units,Delhi,4,Industrial plant,Urgent,0.88,2046615.28,High
R04683,B1002,"Looking for 517 units of Stainless Steel steel brackets (MS), size 3 mm, for our construction plant in Pune. Need delivery in 41 days.",Steel Brackets,Stainless Steel,MS,3 mm,517,units,Pune,41,Construction,Flexible,0.28,195040.12,Low
R04684,B0610,"Looking for 3484 units of Stainless Steel hydraulic cylinders (MS), size 50 mm, for our automotive plant in Delhi. Need delivery in 30 days.",Hydraulic Cylinders,Stainless Steel,MS,50 mm,3484,units,Delhi,30,Automotive,Flexible,0.13,391620.68,Low
R04685,B1283,"Need 5427 gearboxes for oem project, Cast Iron Helical, 2 HP. Delivery required in Nashik within 39 days. Please share quotation.",Gearboxes,Cast Iron,Helical,2 HP,5427,units,Nashik,39,OEM project,Flexible,0.94,2194825.64,Medium
R04686,B1390,"Please quote for 8390 hydraulic cylinders, Stainless Steel, MS, 150 mm. Location: Nashik. Required by 30 days.",Hydraulic Cylinders,Stainless Steel,MS,150 mm,8390,units,Nashik,30,Construction,Flexible,0.25,225790.56,Medium
R04687,B1493,"Looking for 2295 units of Mild Steel steel brackets (MS), size 5 mm, for our industrial plant plant in Ahmedabad. Need delivery in 30 days.",Steel Brackets,Mild Steel,MS,5 mm,2295,units,Ahmedabad,30,Industrial plant,Flexible,0.83,639065.84,Medium
R04688,B0080,"Looking for 9367 units of Aluminium electric motors (IE2), size 25 HP, for our general manufacturing plant in Ahmedabad. Need delivery in 18 days.",Electric Motors,Aluminium,IE2,25 HP,9367,units,Ahmedabad,18,General manufacturing,Normal,0.31,4057612.7,Medium
R04689,B1030,"Need 3704 sheet metal parts for oem project, Mild Steel SS304, 2 mm. Delivery required in Pune within 30 days. Please share quotation.",Sheet Metal Parts,Mild Steel,SS304,2 mm,3704,units,Pune,30,OEM project,Flexible,0.88,470371.0,Medium
R04690,B0760,"Please quote for 11390 sheet metal parts, Stainless Steel, MS, 5 mm. Location: Nashik. Required by 20 days.",Sheet Metal Parts,Stainless Steel,MS,5 mm,11390,units,Nashik,20,Construction,Normal,0.07,1275553.86,Medium
R04691,B0475,"Looking for 9097 units of Carbon Steel ball valves (SS304), size 1 inch, for our industrial plant plant in Kolkata. Need delivery in 11 days.",Ball Valves,Carbon Steel,SS304,1 inch,9097,units,Kolkata,11,Industrial plant,Normal,0.72,2119752.39,High
R04692,B1416,"Looking for 769 units of Rubber conveyor belts (Grade A), size 500 mm, for our construction plant in Mumbai. Need delivery in 41 days.",Conveyor Belts,Rubber,Grade A,500 mm,769,units,Mumbai,41,Construction,Flexible,0.25,208031.63,Low
R04693,B0231,"Looking for 4184 units of Steel hydraulic cylinders (MS), size 50 mm, for our automotive plant in Hyderabad. Need delivery in 31 days.",Hydraulic Cylinders,Steel,MS,50 mm,4184,units,Hyderabad,31,Automotive,Flexible,0.06,1429277.17,Medium
R04694,B0804,"Need 5726 steel brackets for automotive, Stainless Steel MS, 8 mm. Delivery required in Hyderabad within 14 days. Please share quotation.",Steel Brackets,Stainless Steel,MS,8 mm,5726,units,Hyderabad,14,Automotive,Normal,0.77,2051725.74,High
R04695,B0213,"Need 2457 industrial pumps for oem project, Stainless Steel CI, 20 HP. Delivery required in Delhi within 39 days. Please share quotation.",Industrial Pumps,Stainless Steel,CI,20 HP,2457,units,Delhi,39,OEM project,Flexible,0.51,1060199.82,Medium
R04696,B1404,"Need 7909 ball valves for industrial plant, Carbon Steel SS304, 3 inch. Delivery required in Bengaluru within 44 days. Please share quotation.",Ball Valves,Carbon Steel,SS304,3 inch,7909,units,Bengaluru,44,Industrial plant,Flexible,0.26,786689.66,Medium
R04697,B1202,"Please quote for 4626 gearboxes, Cast Iron, Helical, 2 HP. Location: Mumbai. Required by 11 days.",Gearboxes,Cast Iron,Helical,2 HP,4626,units,Mumbai,11,OEM project,Normal,0.64,1014106.03,Medium
R04698,B0442,"Need 11526 conveyor belts for general manufacturing, Rubber Grade A, 800 mm. Delivery required in Ahmedabad within 26 days. Please share quotation.",Conveyor Belts,Rubber,Grade A,800 mm,11526,units,Ahmedabad,26,General manufacturing,Flexible,0.31,4464659.39,Medium
R04699,B0279,"Need 1301 sheet metal parts for automotive, Mild Steel SS304, 10 mm. Delivery required in Mumbai within 26 days. Please share quotation.",Sheet Metal Parts,Mild Steel,SS304,10 mm,1301,units,Mumbai,26,Automotive,Flexible,0.54,150402.44,Low
R04700,B0103,"Looking for 4124 units of Stainless Steel ball valves (SS316), size 2 inch, for our oem project plant in Kolkata. Need delivery in 45 days.",Ball Valves,Stainless Steel,SS316,2 inch,4124,units,Kolkata,45,OEM project,Flexible,0.05,1269462.93,Medium
R04701,B1301,"Need 9485 sheet metal parts for oem project, Stainless Steel MS, 2 mm. Delivery required in Kolkata within 18 days. Please share quotation.",Sheet Metal Parts,Stainless Steel,MS,2 mm,9485,units,Kolkata,18,OEM project,Normal,0.14,851978.76,Medium
R04702,B0334,"Looking for 11258 units of Steel hydraulic cylinders (MS), size 100 mm, for our automotive plant in Kolkata. Need delivery in 22 days.",Hydraulic Cylinders,Steel,MS,100 mm,11258,units,Kolkata,22,Automotive,Normal,0.45,1500333.47,Medium
R04703,B0462,"Need 1540 ball valves for automotive, Carbon Steel SS316, 3 inch. Delivery required in Kolkata within 25 days. Please share quotation.",Ball Valves,Carbon Steel,SS316,3 inch,1540,units,Kolkata,25,Automotive,Normal,0.02,545195.75,Medium
R04704,B1472,"Looking for 4783 units of Cast Iron gearboxes (Worm), size 2 HP, for our general manufacturing plant in Nagpur. Need delivery in 36 days.",Gearboxes,Cast Iron,Worm,2 HP,4783,units,Nagpur,36,General manufacturing,Flexible,0.78,2251541.12,Medium
R04705,B1249,"Need 7657 hydraulic cylinders for automotive, Stainless Steel SS304, 150 mm. Delivery required in Hyderabad within 16 days. Please share quotation.",Hydraulic Cylinders,Stainless Steel,SS304,150 mm,7657,units,Hyderabad,16,Automotive,Normal,0.62,522235.19,Medium
R04706,B0722,"Need 3747 conveyor belts for general manufacturing, Rubber Grade A, 1000 mm. Delivery required in Nagpur within 22 days. Please share quotation.",Conveyor Belts,Rubber,Grade A,1000 mm,3747,units,Nagpur,22,General manufacturing,Normal,0.92,148816.99,Medium
R04707,B0130,"Need 6172 gearboxes for general manufacturing, Steel Helical, 5 HP. Delivery required in Hyderabad within 16 days. Please share quotation.",Gearboxes,Steel,Helical,5 HP,6172,units,Hyderabad,16,General manufacturing,Normal,0.58,2091620.43,Medium
R04708,B0262,"Please quote for 11082 sheet metal parts, Mild Steel, SS304, 10 mm. Location: Nashik. Required by 42 days.",Sheet Metal Parts,Mild Steel,SS304,10 mm,11082,units,Nashik,42,Automotive,Flexible,0.41,2839776.58,Medium
R04709,B1189,"Need 6831 gearboxes for oem project, Cast Iron Helical, 5 HP. Delivery required in Nashik within 25 days. Please share quotation.",Gearboxes,Cast Iron,Helical,5 HP,6831,units,Nashik,25,OEM project,Normal,0.95,1700853.41,High
R04710,B0082,"Please quote for 8888 electric motors, Aluminium, IE3, 10 HP. Location: Delhi. Required by 8 days.",Electric Motors,Aluminium,IE3,10 HP,8888,units,Delhi,8,General manufacturing,Urgent,0.11,2995560.4,High
R04711,B0477,"Please quote for 2826 conveyor belts, Rubber, Food Grade, 800 mm. Location: Hyderabad. Required by 11 days.",Conveyor Belts,Rubber,Food Grade,800 mm,2826,units,Hyderabad,11,OEM project,Normal,0.81,457705.84,Medium
R04712,B0768,"Please quote for 6097 steel brackets, Stainless Steel, MS, 8 mm. Location: Kolkata. Required by 6 days.",Steel Brackets,Stainless Steel,MS,8 mm,6097,units,Kolkata,6,Industrial plant,Urgent,0.59,2153042.73,High
R04713,B1124,"Looking for 496 units of Mild Steel sheet metal parts (SS304), size 2 mm, for our general manufacturing plant in Kolkata. Need delivery in 41 days.",Sheet Metal Parts,Mild Steel,SS304,2 mm,496,units,Kolkata,41,General manufacturing,Flexible,0.69,175815.51,Low
R04714,B0749,"Need 3793 ball valves for construction, Carbon Steel CS, 2 inch. Delivery required in Nagpur within 20 days. Please share quotation.",Ball Valves,Carbon Steel,CS,2 inch,3793,units,Nagpur,20,Construction,Normal,0.11,1677016.63,Medium
R04715,B0379,"Need 1330 gearboxes for construction, Cast Iron Helical, 10 HP. Delivery required in Pune within 26 days. Please share quotation.",Gearboxes,Cast Iron,Helical,10 HP,1330,units,Pune,26,Construction,Flexible,0.91,482268.5,Low
R04716,B0435,"Looking for 2411 units of PU conveyor belts (Grade A), size 500 mm, for our general manufacturing plant in Ahmedabad. Need delivery in 13 days.",Conveyor Belts,PU,Grade A,500 mm,2411,units,Ahmedabad,13,General manufacturing,Normal,0.32,671372.08,Medium
R04717,B1180,"Please quote for 4560 hydraulic cylinders, Stainless Steel, SS304, 150 mm. Location: Bengaluru. Required by 29 days.",Hydraulic Cylinders,Stainless Steel,SS304,150 mm,4560,units,Bengaluru,29,Automotive,Flexible,0.62,1170038.34,Medium
R04718,B0353,"Need 10783 electric motors for automotive, Aluminium IE3, 10 HP. Delivery required in Bengaluru within 32 days. Please share quotation.",Electric Motors,Aluminium,IE3,10 HP,10783,units,Bengaluru,32,Automotive,Flexible,0.05,3227226.94,Medium
R04719,B1153,"Need 3205 steel brackets for industrial plant, Mild Steel MS, 5 mm. Delivery required in Chennai within 4 days. Please share quotation.",Steel Brackets,Mild Steel,MS,5 mm,3205,units,Chennai,4,Industrial plant,Urgent,0.99,797177.06,High
R04720,B0438,"Need 7603 steel brackets for industrial plant, Mild Steel MS, 8 mm. Delivery required in Mumbai within 33 days. Please share quotation.",Steel Brackets,Mild Steel,MS,8 mm,7603,units,Mumbai,33,Industrial plant,Flexible,0.78,1943040.93,Medium
R04721,B1286,"Need 5812 steel brackets for industrial plant, Mild Steel SS304, 8 mm. Delivery required in Mumbai within 16 days. Please share quotation.",Steel Brackets,Mild Steel,SS304,8 mm,5812,units,Mumbai,16,Industrial plant,Normal,0.78,1480495.47,High
R04722,B0227,"Need 7913 conveyor belts for automotive, PU Food Grade, 500 mm. Delivery required in Ahmedabad within 13 days. Please share quotation.",Conveyor Belts,PU,Food Grade,500 mm,7913,units,Ahmedabad,13,Automotive,Normal,0.68,544101.46,High
R04723,B0272,"Need 4461 ball valves for general manufacturing, Carbon Steel CS, 2 inch. Delivery required in Chennai within 42 days. Please share quotation.",Ball Valves,Carbon Steel,CS,2 inch,4461,units,Chennai,42,General manufacturing,Flexible,0.63,1374426.53,Medium
R04724,B0613,"Looking for 8289 units of Stainless Steel sheet metal parts (SS304), size 10 mm, for our automotive plant in Chennai. Need delivery in 19 days.",Sheet Metal Parts,Stainless Steel,SS304,10 mm,8289,units,Chennai,19,Automotive,Normal,0.37,549170.31,Medium
R04725,B1000,"Need 7736 electric motors for industrial plant, Aluminium IE3, 5 HP. Delivery required in Ahmedabad within 34 days. Please share quotation.",Electric Motors,Aluminium,IE3,5 HP,7736,units,Ahmedabad,34,Industrial plant,Flexible,0.51,2474010.27,Medium
R04726,B1492,"Looking for 10045 units of PU conveyor belts (Food Grade), size 1000 mm, for our general manufacturing plant in Kolkata. Need delivery in 25 days.",Conveyor Belts,PU,Food Grade,1000 mm,10045,units,Kolkata,25,General manufacturing,Normal,0.32,1388596.47,Medium
R04727,B0860,"Please quote for 5603 hydraulic cylinders, Stainless Steel, SS304, 50 mm. Location: Nagpur. Required by 14 days.",Hydraulic Cylinders,Stainless Steel,SS304,50 mm,5603,units,Nagpur,14,Industrial plant,Normal,0.12,972615.3,High
R04728,B0176,"Need 3717 conveyor belts for industrial plant, Rubber Food Grade, 1000 mm. Delivery required in Mumbai within 43 days. Please share quotation.",Conveyor Belts,Rubber,Food Grade,1000 mm,3717,units,Mumbai,43,Industrial plant,Flexible,0.89,500255.33,Medium
R04729,B1455,"Please quote for 6426 industrial pumps, Cast Iron, CI, 5 HP. Location: Chennai. Required by 8 days.",Industrial Pumps,Cast Iron,CI,5 HP,6426,units,Chennai,8,Construction,Urgent,0.73,2716740.68,High
R04730,B0193,"Need 263 steel brackets for oem project, Stainless Steel MS, 3 mm. Delivery required in Kolkata within 33 days. Please share quotation.",Steel Brackets,Stainless Steel,MS,3 mm,263,units,Kolkata,33,OEM project,Flexible,0.83,118841.89,Low
R04731,B1072,"Looking for 6037 units of Mild Steel steel brackets (MS), size 3 mm, for our general manufacturing plant in Kolkata. Need delivery in 11 days.",Steel Brackets,Mild Steel,MS,3 mm,6037,units,Kolkata,11,General manufacturing,Normal,0.35,2915290.41,High
R04732,B0485,"Need 2981 steel brackets for construction, Stainless Steel MS, 8 mm. Delivery required in Ahmedabad within 23 days. Please share quotation.",Steel Brackets,Stainless Steel,MS,8 mm,2981,units,Ahmedabad,23,Construction,Normal,0.48,194796.94,Low
R04733,B1472,"Please quote for 9642 conveyor belts, Rubber, Food Grade, 1000 mm. Location: Kolkata. Required by 23 days.",Conveyor Belts,Rubber,Food Grade,1000 mm,9642,units,Kolkata,23,General manufacturing,Normal,0.18,4219537.49,Medium
R04734,B0186,"Need 10543 hydraulic cylinders for construction, Steel SS304, 100 mm. Delivery required in Nagpur within 36 days. Please share quotation.",Hydraulic Cylinders,Steel,SS304,100 mm,10543,units,Nagpur,36,Construction,Flexible,0.7,3611479.1,Medium
R04735,B1294,"Looking for 10609 units of Stainless Steel steel brackets (MS), size 3 mm, for our construction plant in Pune. Need delivery in 8 days.",Steel Brackets,Stainless Steel,MS,3 mm,10609,units,Pune,8,Construction,Urgent,0.35,3983244.63,High
R04736,B1024,"Looking for 10188 units of Stainless Steel sheet metal parts (SS304), size 5 mm, for our industrial plant plant in Delhi. Need delivery in 45 days.",Sheet Metal Parts,Stainless Steel,SS304,5 mm,10188,units,Delhi,45,Industrial plant,Flexible,0.16,364932.74,Low
R04737,B0555,"Need 11449 conveyor belts for oem project, Rubber Grade A, 500 mm. Delivery required in Pune within 22 days. Please share quotation.",Conveyor Belts,Rubber,Grade A,500 mm,11449,units,Pune,22,OEM project,Normal,0.41,3331035.78,Medium
R04738,B1241,"Need 10879 conveyor belts for general manufacturing, PU Grade A, 500 mm. Delivery required in Delhi within 30 days. Please share quotation.",Conveyor Belts,PU,Grade A,500 mm,10879,units,Delhi,30,General manufacturing,Flexible,0.73,4072479.49,High
R04739,B1241,"Need 7118 steel brackets for industrial plant, Stainless Steel MS, 8 mm. Delivery required in Delhi within 36 days. Please share quotation.",Steel Brackets,Stainless Steel,MS,8 mm,7118,units,Delhi,36,Industrial plant,Flexible,0.45,1569559.05,Medium
R04740,B0079,"Need 3991 hydraulic cylinders for oem project, Stainless Steel SS304, 50 mm. Delivery required in Delhi within 5 days. Please share quotation.",Hydraulic Cylinders,Stainless Steel,SS304,50 mm,3991,units,Delhi,5,OEM project,Urgent,0.04,516195.56,High
R04741,B0793,"Need 4209 hydraulic cylinders for industrial plant, Steel MS, 100 mm. Delivery required in Delhi within 22 days. Please share quotation.",Hydraulic Cylinders,Steel,MS,100 mm,4209,units,Delhi,22,Industrial plant,Normal,0.19,765600.64,Medium
R04742,B0858,"Need 3247 hydraulic cylinders for general manufacturing, Stainless Steel SS304, 100 mm. Delivery required in Nagpur within 4 days. Please share quotation.",Hydraulic Cylinders,Stainless Steel,SS304,100 mm,3247,units,Nagpur,4,General manufacturing,Urgent,0.83,553732.04,High
R04743,B0627,"Please quote for 4846 ball valves, Stainless Steel, SS304, 3 inch. Location: Nagpur. Required by 3 days.",Ball Valves,Stainless Steel,SS304,3 inch,4846,units,Nagpur,3,Construction,Urgent,0.11,2328029.84,High
R04744,B1099,"Please quote for 8356 sheet metal parts, Stainless Steel, MS, 2 mm. Location: Kolkata. Required by 32 days.",Sheet Metal Parts,Stainless Steel,MS,2 mm,8356,units,Kolkata,32,Industrial plant,Flexible,0.35,1386856.8,Medium
R04745,B1080,"Please quote for 7790 steel brackets, Mild Steel, MS, 5 mm. Location: Chennai. Required by 45 days.",Steel Brackets,Mild Steel,MS,5 mm,7790,units,Chennai,45,General manufacturing,Flexible,0.39,2542734.87,Medium
R04746,B0134,"Looking for 6242 units of Rubber conveyor belts (Food Grade), size 500 mm, for our oem project plant in Bengaluru. Need delivery in 30 days.",Conveyor Belts,Rubber,Food Grade,500 mm,6242,units,Bengaluru,30,OEM project,Flexible,0.78,990529.8,High
R04747,B0110,"Need 7700 hydraulic cylinders for general manufacturing, Steel SS304, 50 mm. Delivery required in Kolkata within 12 days. Please share quotation.",Hydraulic Cylinders,Steel,SS304,50 mm,7700,units,Kolkata,12,General manufacturing,Normal,0.11,3514009.53,High
R04748,B0907,"Need 1453 steel brackets for oem project, Stainless Steel MS, 3 mm. Delivery required in Nagpur within 41 days. Please share quotation.",Steel Brackets,Stainless Steel,MS,3 mm,1453,units,Nagpur,41,OEM project,Flexible,0.15,514634.9,Low
R04749,B0489,"Need 4229 steel brackets for automotive, Stainless Steel SS304, 5 mm. Delivery required in Nashik within 42 days. Please share quotation.",Steel Brackets,Stainless Steel,SS304,5 mm,4229,units,Nashik,42,Automotive,Flexible,0.16,2017905.81,Medium
R04750,B0528,"Looking for 7708 units of Steel hydraulic cylinders (MS), size 50 mm, for our industrial plant plant in Nashik. Need delivery in 17 days.",Hydraulic Cylinders,Steel,MS,50 mm,7708,units,Nashik,17,Industrial plant,Normal,0.06,1149811.15,Medium
R04751,B1083,"Need 7359 hydraulic cylinders for oem project, Steel MS, 150 mm. Delivery required in Ahmedabad within 43 days. Please share quotation.",Hydraulic Cylinders,Steel,MS,150 mm,7359,units,Ahmedabad,43,OEM project,Flexible,0.05,2960316.97,Medium
R04752,B0332,"Need 9428 sheet metal parts for oem project, Mild Steel SS304, 2 mm. Delivery required in Ahmedabad within 22 days. Please share quotation.",Sheet Metal Parts,Mild Steel,SS304,2 mm,9428,units,Ahmedabad,22,OEM project,Normal,0.2,2537208.53,Medium
R04753,B1035,"Looking for 10928 units of Stainless Steel steel brackets (MS), size 3 mm, for our industrial plant plant in Nashik. Need delivery in 36 days.",Steel Brackets,Stainless Steel,MS,3 mm,10928,units,Nashik,36,Industrial plant,Flexible,0.71,474098.98,Medium
R04754,B0182,"Need 4716 gearboxes for automotive, Cast Iron Worm, 10 HP. Delivery required in Bengaluru within 27 days. Please share quotation.",Gearboxes,Cast Iron,Worm,10 HP,4716,units,Bengaluru,27,Automotive,Flexible,0.22,381571.99,Low
R04755,B0109,"Please quote for 910 electric motors, Cast Iron, IE2, 10 HP. Location: Nashik. Required by 13 days.",Electric Motors,Cast Iron,IE2,10 HP,910,units,Nashik,13,General manufacturing,Normal,0.69,389215.38,Medium
R04756,B0934,"Need 6274 steel brackets for construction, Mild Steel MS, 3 mm. Delivery required in Delhi within 8 days. Please share quotation.",Steel Brackets,Mild Steel,MS,3 mm,6274,units,Delhi,8,Construction,Urgent,0.95,2850979.81,High
R04757,B0398,"Looking for 10757 units of Stainless Steel hydraulic cylinders (SS304), size 50 mm, for our industrial plant plant in Hyderabad. Need delivery in 3 days.",Hydraulic Cylinders,Stainless Steel,SS304,50 mm,10757,units,Hyderabad,3,Industrial plant,Urgent,0.58,354193.17,High
R04758,B0034,"Looking for 254 units of Cast Iron industrial pumps (SS316), size 20 HP, for our automotive plant in Nashik. Need delivery in 17 days.",Industrial Pumps,Cast Iron,SS316,20 HP,254,units,Nashik,17,Automotive,Normal,0.24,69352.76,Low
R04759,B1081,"Please quote for 2119 steel brackets, Stainless Steel, MS, 3 mm. Location: Nagpur. Required by 29 days.",Steel Brackets,Stainless Steel,MS,3 mm,2119,units,Nagpur,29,Construction,Flexible,0.42,1011660.48,Medium
R04760,B1110,"Looking for 3761 units of Cast Iron electric motors (IE2), size 5 HP, for our oem project plant in Ahmedabad. Need delivery in 8 days.",Electric Motors,Cast Iron,IE2,5 HP,3761,units,Ahmedabad,8,OEM project,Urgent,0.89,1347330.71,High
R04761,B0778,"Looking for 6853 units of Cast Iron gearboxes (Worm), size 2 HP, for our oem project plant in Mumbai. Need delivery in 16 days.",Gearboxes,Cast Iron,Worm,2 HP,6853,units,Mumbai,16,OEM project,Normal,0.84,1626286.2,High
R04762,B0928,"Please quote for 9544 sheet metal parts, Mild Steel, MS, 2 mm. Location: Pune. Required by 40 days.",Sheet Metal Parts,Mild Steel,MS,2 mm,9544,units,Pune,40,Industrial plant,Flexible,0.4,239498.38,Low
R04763,B1425,"Need 1436 steel brackets for construction, Mild Steel MS, 3 mm. Delivery required in Hyderabad within 41 days. Please share quotation.",Steel Brackets,Mild Steel,MS,3 mm,1436,units,Hyderabad,41,Construction,Flexible,0.9,416640.04,Low
R04764,B0958,"Looking for 2490 units of Carbon Steel ball valves (CS), size 3 inch, for our automotive plant in Pune. Need delivery in 42 days.",Ball Valves,Carbon Steel,CS,3 inch,2490,units,Pune,42,Automotive,Flexible,0.95,561671.44,Medium
R04765,B1264,"Please quote for 3620 industrial pumps, Stainless Steel, SS316, 5 HP. Location: Chennai. Required by 32 days.",Industrial Pumps,Stainless Steel,SS316,5 HP,3620,units,Chennai,32,OEM project,Flexible,0.2,1695909.31,Medium
R04766,B1435,"Need 7761 hydraulic cylinders for oem project, Steel SS304, 100 mm. Delivery required in Ahmedabad within 44 days. Please share quotation.",Hydraulic Cylinders,Steel,SS304,100 mm,7761,units,Ahmedabad,44,OEM project,Flexible,0.65,3453868.82,Medium
R04767,B0211,"Looking for 3789 units of Stainless Steel hydraulic cylinders (SS304), size 100 mm, for our general manufacturing plant in Delhi. Need delivery in 37 days.",Hydraulic Cylinders,Stainless Steel,SS304,100 mm,3789,units,Delhi,37,General manufacturing,Flexible,0.15,533870.23,Medium
R04768,B0746,"Please quote for 11724 conveyor belts, Rubber, Grade A, 1000 mm. Location: Hyderabad. Required by 35 days.",Conveyor Belts,Rubber,Grade A,1000 mm,11724,units,Hyderabad,35,General manufacturing,Flexible,0.43,1574992.02,Medium
R04769,B0355,"Looking for 8152 units of Mild Steel sheet metal parts (MS), size 5 mm, for our industrial plant plant in Nagpur. Need delivery in 32 days.",Sheet Metal Parts,Mild Steel,MS,5 mm,8152,units,Nagpur,32,Industrial plant,Flexible,0.96,480836.81,Medium
R04770,B0277,"Looking for 1239 units of Stainless Steel hydraulic cylinders (MS), size 50 mm, for our oem project plant in Pune. Need delivery in 17 days.",Hydraulic Cylinders,Stainless Steel,MS,50 mm,1239,units,Pune,17,OEM project,Normal,0.63,499654.92,Low
R04771,B1287,"Please quote for 987 electric motors, Cast Iron, IE2, 5 HP. Location: Nashik. Required by 39 days.",Electric Motors,Cast Iron,IE2,5 HP,987,units,Nashik,39,General manufacturing,Flexible,0.15,297554.42,Low
R04772,B0087,"Looking for 3745 units of Stainless Steel sheet metal parts (MS), size 2 mm, for our automotive plant in Nagpur. Need delivery in 13 days.",Sheet Metal Parts,Stainless Steel,MS,2 mm,3745,units,Nagpur,13,Automotive,Normal,0.7,1634182.15,High
R04773,B0478,"Please quote for 1518 electric motors, Aluminium, IE2, 10 HP. Location: Bengaluru. Required by 27 days.",Electric Motors,Aluminium,IE2,10 HP,1518,units,Bengaluru,27,Industrial plant,Flexible,0.6,742416.83,Medium
R04774,B0194,"Please quote for 3103 steel brackets, Stainless Steel, SS304, 3 mm. Location: Pune. Required by 16 days.",Steel Brackets,Stainless Steel,SS304,3 mm,3103,units,Pune,16,Construction,Normal,0.66,1106672.46,Medium
R04775,B1366,"Looking for 6078 units of Mild Steel steel brackets (SS304), size 3 mm, for our automotive plant in Hyderabad. Need delivery in 24 days.",Steel Brackets,Mild Steel,SS304,3 mm,6078,units,Hyderabad,24,Automotive,Normal,0.79,1315948.37,High
R04776,B0700,"Looking for 9705 units of Stainless Steel hydraulic cylinders (SS304), size 150 mm, for our industrial plant plant in Pune. Need delivery in 16 days.",Hydraulic Cylinders,Stainless Steel,SS304,150 mm,9705,units,Pune,16,Industrial plant,Normal,0.31,774304.85,Medium
R04777,B1225,"Looking for 6884 units of Cast Iron electric motors (IE3), size 10 HP, for our industrial plant plant in Ahmedabad. Need delivery in 43 days.",Electric Motors,Cast Iron,IE3,10 HP,6884,units,Ahmedabad,43,Industrial plant,Flexible,0.05,2067145.67,Medium
R04778,B0437,"Looking for 6960 units of Rubber conveyor belts (Grade A), size 1000 mm, for our industrial plant plant in Mumbai. Need delivery in 8 days.",Conveyor Belts,Rubber,Grade A,1000 mm,6960,units,Mumbai,8,Industrial plant,Urgent,0.57,1043472.84,High
R04779,B1257,"Looking for 3118 units of Steel hydraulic cylinders (SS304), size 50 mm, for our construction plant in Chennai. Need delivery in 11 days.",Hydraulic Cylinders,Steel,SS304,50 mm,3118,units,Chennai,11,Construction,Normal,0.55,942503.1,Medium
R04780,B0518,"Need 11278 sheet metal parts for general manufacturing, Stainless Steel MS, 5 mm. Delivery required in Mumbai within 45 days. Please share quotation.",Sheet Metal Parts,Stainless Steel,MS,5 mm,11278,units,Mumbai,45,General manufacturing,Flexible,0.99,4601824.55,Medium
R04781,B1333,"Please quote for 8061 hydraulic cylinders, Steel, SS304, 100 mm. Location: Kolkata. Required by 22 days.",Hydraulic Cylinders,Steel,SS304,100 mm,8061,units,Kolkata,22,Industrial plant,Normal,0.55,1835665.9,Medium
R04782,B0785,"Need 6474 sheet metal parts for general manufacturing, Mild Steel MS, 10 mm. Delivery required in Chennai within 19 days. Please share quotation.",Sheet Metal Parts,Mild Steel,MS,10 mm,6474,units,Chennai,19,General manufacturing,Normal,0.66,2873008.79,High
R04783,B0507,"Need 6241 sheet metal parts for oem project, Stainless Steel MS, 5 mm. Delivery required in Nagpur within 42 days. Please share quotation.",Sheet Metal Parts,Stainless Steel,MS,5 mm,6241,units,Nagpur,42,OEM project,Flexible,0.55,980747.92,Medium
R04784,B0334,"Please quote for 7454 steel brackets, Mild Steel, SS304, 5 mm. Location: Bengaluru. Required by 18 days.",Steel Brackets,Mild Steel,SS304,5 mm,7454,units,Bengaluru,18,General manufacturing,Normal,0.94,3573068.3,High
R04785,B0703,"Looking for 4737 units of Cast Iron electric motors (IE2), size 25 HP, for our construction plant in Bengaluru. Need delivery in 23 days.",Electric Motors,Cast Iron,IE2,25 HP,4737,units,Bengaluru,23,Construction,Normal,0.78,1763155.91,Medium
R04786,B1445,"Please quote for 5735 hydraulic cylinders, Steel, MS, 50 mm. Location: Chennai. Required by 4 days.",Hydraulic Cylinders,Steel,MS,50 mm,5735,units,Chennai,4,OEM project,Urgent,0.35,2593175.21,High
R04787,B0614,"Looking for 75 units of Steel gearboxes (Helical), size 2 HP, for our construction plant in Kolkata. Need delivery in 23 days.",Gearboxes,Steel,Helical,2 HP,75,units,Kolkata,23,Construction,Normal,0.58,16317.64,Low
R04788,B1123,"Need 221 sheet metal parts for general manufacturing, Stainless Steel SS304, 10 mm. Delivery required in Kolkata within 35 days. Please share quotation.",Sheet Metal Parts,Stainless Steel,SS304,10 mm,221,units,Kolkata,35,General manufacturing,Flexible,0.51,49999.24,Low
R04789,B1150,"Please quote for 7973 electric motors, Aluminium, IE3, 25 HP. Location: Mumbai. Required by 26 days.",Electric Motors,Aluminium,IE3,25 HP,7973,units,Mumbai,26,General manufacturing,Flexible,0.3,711490.86,Medium
R04790,B1004,"Please quote for 3561 industrial pumps, Cast Iron, SS304, 20 HP. Location: Bengaluru. Required by 8 days.",Industrial Pumps,Cast Iron,SS304,20 HP,3561,units,Bengaluru,8,OEM project,Urgent,0.94,871679.71,High
R04791,B0465,"Please quote for 7483 industrial pumps, Stainless Steel, CI, 10 HP. Location: Hyderabad. Required by 29 days.",Industrial Pumps,Stainless Steel,CI,10 HP,7483,units,Hyderabad,29,Automotive,Flexible,0.86,234766.19,Medium
R04792,B0887,"Need 2658 ball valves for automotive, Stainless Steel CS, 1 inch. Delivery required in Pune within 4 days. Please share quotation.",Ball Valves,Stainless Steel,CS,1 inch,2658,units,Pune,4,Automotive,Urgent,0.28,152283.66,Medium
R04793,B0622,"Need 10133 electric motors for general manufacturing, Cast Iron IE2, 5 HP. Delivery required in Pune within 17 days. Please share quotation.",Electric Motors,Cast Iron,IE2,5 HP,10133,units,Pune,17,General manufacturing,Normal,0.05,1674099.61,Medium
R04794,B1164,"Please quote for 10598 gearboxes, Steel, Helical, 5 HP. Location: Kolkata. Required by 6 days.",Gearboxes,Steel,Helical,5 HP,10598,units,Kolkata,6,OEM project,Urgent,0.17,2238966.54,High
R04795,B1370,"Please quote for 5434 electric motors, Cast Iron, IE2, 25 HP. Location: Bengaluru. Required by 24 days.",Electric Motors,Cast Iron,IE2,25 HP,5434,units,Bengaluru,24,General manufacturing,Normal,0.11,2569589.12,Medium
R04796,B0574,"Looking for 80 units of Stainless Steel sheet metal parts (SS304), size 10 mm, for our automotive plant in Mumbai. Need delivery in 45 days.",Sheet Metal Parts,Stainless Steel,SS304,10 mm,80,units,Mumbai,45,Automotive,Flexible,0.6,34738.19,Low
R04797,B1438,"Need 6127 electric motors for oem project, Aluminium IE3, 5 HP. Delivery required in Kolkata within 21 days. Please share quotation.",Electric Motors,Aluminium,IE3,5 HP,6127,units,Kolkata,21,OEM project,Normal,0.89,1612352.44,High
R04798,B0826,"Looking for 5378 units of Stainless Steel industrial pumps (SS316), size 5 HP, for our automotive plant in Kolkata. Need delivery in 10 days.",Industrial Pumps,Stainless Steel,SS316,5 HP,5378,units,Kolkata,10,Automotive,Urgent,0.9,203469.62,High
R04799,B0802,"Looking for 8832 units of Rubber conveyor belts (Grade A), size 500 mm, for our construction plant in Bengaluru. Need delivery in 8 days.",Conveyor Belts,Rubber,Grade A,500 mm,8832,units,Bengaluru,8,Construction,Urgent,0.48,734436.6,High
R04800,B1121,"Please quote for 3103 ball valves, Stainless Steel, SS304, 1 inch. Location: Hyderabad. Required by 38 days.",Ball Valves,Stainless Steel,SS304,1 inch,3103,units,Hyderabad,38,Industrial plant,Flexible,0.95,1227061.35,Medium
R04801,B1013,"Looking for 9566 units of Mild Steel sheet metal parts (SS304), size 10 mm, for our industrial plant plant in Ahmedabad. Need delivery in 34 days.",Sheet Metal Parts,Mild Steel,SS304,10 mm,9566,units,Ahmedabad,34,Industrial plant,Flexible,0.35,2916676.24,Medium
R04802,B0386,"Need 2379 industrial pumps for general manufacturing, Cast Iron SS304, 20 HP. Delivery required in Chennai within 32 days. Please share quotation.",Industrial Pumps,Cast Iron,SS304,20 HP,2379,units,Chennai,32,General manufacturing,Flexible,0.11,956494.28,Medium
R04803,B0239,"Need 115 electric motors for general manufacturing, Aluminium IE3, 25 HP. Delivery required in Ahmedabad within 18 days. Please share quotation.",Electric Motors,Aluminium,IE3,25 HP,115,units,Ahmedabad,18,General manufacturing,Normal,0.52,3373.44,Low
R04804,B0893,"Need 2078 conveyor belts for general manufacturing, PU Food Grade, 800 mm. Delivery required in Delhi within 7 days. Please share quotation.",Conveyor Belts,PU,Food Grade,800 mm,2078,units,Delhi,7,General manufacturing,Urgent,0.77,163481.88,High
R04805,B0854,"Need 10960 gearboxes for construction, Cast Iron Helical, 10 HP. Delivery required in Kolkata within 31 days. Please share quotation.",Gearboxes,Cast Iron,Helical,10 HP,10960,units,Kolkata,31,Construction,Flexible,1.0,3044770.12,Medium
R04806,B1460,"Looking for 5268 units of Stainless Steel ball valves (SS316), size 1 inch, for our industrial plant plant in Chennai. Need delivery in 40 days.",Ball Valves,Stainless Steel,SS316,1 inch,5268,units,Chennai,40,Industrial plant,Flexible,0.51,2015560.86,Medium
R04807,B0168,"Please quote for 875 sheet metal parts, Stainless Steel, MS, 5 mm. Location: Hyderabad. Required by 7 days.",Sheet Metal Parts,Stainless Steel,MS,5 mm,875,units,Hyderabad,7,Construction,Urgent,0.68,410741.19,Medium
R04808,B1109,"Need 10154 sheet metal parts for general manufacturing, Mild Steel MS, 2 mm. Delivery required in Chennai within 21 days. Please share quotation.",Sheet Metal Parts,Mild Steel,MS,2 mm,10154,units,Chennai,21,General manufacturing,Normal,0.9,1333577.73,High
R04809,B1474,"Looking for 292 units of Stainless Steel ball valves (SS316), size 2 inch, for our construction plant in Hyderabad. Need delivery in 22 days.",Ball Valves,Stainless Steel,SS316,2 inch,292,units,Hyderabad,22,Construction,Normal,0.41,124029.23,Low
R04810,B0539,"Looking for 3713 units of Mild Steel steel brackets (SS304), size 3 mm, for our oem project plant in Kolkata. Need delivery in 24 days.",Steel Brackets,Mild Steel,SS304,3 mm,3713,units,Kolkata,24,OEM project,Normal,0.53,1612755.7,Medium
R04811,B0292,"Need 2265 electric motors for industrial plant, Aluminium IE3, 25 HP. Delivery required in Nashik within 37 days. Please share quotation.",Electric Motors,Aluminium,IE3,25 HP,2265,units,Nashik,37,Industrial plant,Flexible,0.41,1013069.08,Medium
R04812,B0066,"Looking for 10240 units of Stainless Steel steel brackets (MS), size 8 mm, for our construction plant in Bengaluru. Need delivery in 44 days.",Steel Brackets,Stainless Steel,MS,8 mm,10240,units,Bengaluru,44,Construction,Flexible,0.52,4596188.31,Medium
R04813,B0145,"Need 96 electric motors for oem project, Aluminium IE2, 25 HP. Delivery required in Hyderabad within 33 days. Please share quotation.",Electric Motors,Aluminium,IE2,25 HP,96,units,Hyderabad,33,OEM project,Flexible,0.04,28322.99,Low
R04814,B0576,"Need 11265 ball valves for industrial plant, Stainless Steel SS304, 2 inch. Delivery required in Nashik within 36 days. Please share quotation.",Ball Valves,Stainless Steel,SS304,2 inch,11265,units,Nashik,36,Industrial plant,Flexible,0.87,4220849.37,Medium
R04815,B1253,"Need 11099 industrial pumps for oem project, Stainless Steel CI, 20 HP. Delivery required in Chennai within 3 days. Please share quotation.",Industrial Pumps,Stainless Steel,CI,20 HP,11099,units,Chennai,3,OEM project,Urgent,0.17,5322435.57,High
R04816,B0341,"Looking for 10772 units of Cast Iron industrial pumps (SS316), size 5 HP, for our oem project plant in Nashik. Need delivery in 9 days.",Industrial Pumps,Cast Iron,SS316,5 HP,10772,units,Nashik,9,OEM project,Urgent,0.87,2018923.14,High
R04817,B0262,"Please quote for 8878 sheet metal parts, Mild Steel, SS304, 10 mm. Location: Delhi. Required by 26 days.",Sheet Metal Parts,Mild Steel,SS304,10 mm,8878,units,Delhi,26,OEM project,Flexible,0.37,1337411.03,Medium
R04818,B0079,"Need 9036 steel brackets for construction, Stainless Steel SS304, 3 mm. Delivery required in Hyderabad within 43 days. Please share quotation.",Steel Brackets,Stainless Steel,SS304,3 mm,9036,units,Hyderabad,43,Construction,Flexible,0.62,240268.24,Low
R04819,B0472,"Looking for 8910 units of Rubber conveyor belts (Food Grade), size 1000 mm, for our automotive plant in Ahmedabad. Need delivery in 31 days.",Conveyor Belts,Rubber,Food Grade,1000 mm,8910,units,Ahmedabad,31,Automotive,Flexible,0.8,1540274.53,Medium
R04820,B0211,"Looking for 6988 units of Mild Steel steel brackets (SS304), size 3 mm, for our industrial plant plant in Pune. Need delivery in 10 days.",Steel Brackets,Mild Steel,SS304,3 mm,6988,units,Pune,10,Industrial plant,Urgent,0.43,158173.78,Medium
R04821,B0767,"Looking for 11301 units of Mild Steel steel brackets (SS304), size 3 mm, for our construction plant in Hyderabad. Need delivery in 18 days.",Steel Brackets,Mild Steel,SS304,3 mm,11301,units,Hyderabad,18,Construction,Normal,0.16,3431027.87,Medium
R04822,B0291,"Need 2252 ball valves for general manufacturing, Stainless Steel SS304, 2 inch. Delivery required in Nagpur within 7 days. Please share quotation.",Ball Valves,Stainless Steel,SS304,2 inch,2252,units,Nagpur,7,General manufacturing,Urgent,0.54,619760.38,High
R04823,B0087,"Need 3187 steel brackets for automotive, Mild Steel SS304, 8 mm. Delivery required in Ahmedabad within 5 days. Please share quotation.",Steel Brackets,Mild Steel,SS304,8 mm,3187,units,Ahmedabad,5,Automotive,Urgent,0.25,677300.78,High
R04824,B0921,"Looking for 448 units of Carbon Steel ball valves (SS304), size 2 inch, for our general manufacturing plant in Delhi. Need delivery in 12 days.",Ball Valves,Carbon Steel,SS304,2 inch,448,units,Delhi,12,General manufacturing,Normal,0.84,57079.28,Low
R04825,B0374,"Looking for 2724 units of Stainless Steel hydraulic cylinders (SS304), size 150 mm, for our construction plant in Chennai. Need delivery in 17 days.",Hydraulic Cylinders,Stainless Steel,SS304,150 mm,2724,units,Chennai,17,Construction,Normal,0.62,422692.48,Low
R04826,B0017,"Please quote for 988 sheet metal parts, Stainless Steel, SS304, 2 mm. Location: Bengaluru. Required by 45 days.",Sheet Metal Parts,Stainless Steel,SS304,2 mm,988,units,Bengaluru,45,Construction,Flexible,0.24,129223.05,Low
R04827,B1335,"Please quote for 9741 hydraulic cylinders, Steel, MS, 50 mm. Location: Mumbai. Required by 41 days.",Hydraulic Cylinders,Steel,MS,50 mm,9741,units,Mumbai,41,OEM project,Flexible,0.94,2149498.75,Medium
R04828,B0214,"Need 8132 sheet metal parts for oem project, Mild Steel MS, 10 mm. Delivery required in Ahmedabad within 38 days. Please share quotation.",Sheet Metal Parts,Mild Steel,MS,10 mm,8132,units,Ahmedabad,38,OEM project,Flexible,0.08,1110012.61,Medium
R04829,B0614,"Please quote for 1037 sheet metal parts, Mild Steel, MS, 2 mm. Location: Hyderabad. Required by 43 days.",Sheet Metal Parts,Mild Steel,MS,2 mm,1037,units,Hyderabad,43,Construction,Flexible,0.38,73115.1,Low
R04830,B1350,"Please quote for 7061 electric motors, Cast Iron, IE3, 25 HP. Location: Chennai. Required by 9 days.",Electric Motors,Cast Iron,IE3,25 HP,7061,units,Chennai,9,OEM project,Urgent,0.98,3526225.28,High
R04831,B0299,"Please quote for 10656 hydraulic cylinders, Steel, SS304, 50 mm. Location: Chennai. Required by 13 days.",Hydraulic Cylinders,Steel,SS304,50 mm,10656,units,Chennai,13,Construction,Normal,0.19,2551548.06,High
R04832,B1091,"Please quote for 3323 ball valves, Stainless Steel, SS304, 3 inch. Location: Hyderabad. Required by 9 days.",Ball Valves,Stainless Steel,SS304,3 inch,3323,units,Hyderabad,9,Construction,Urgent,0.91,1509642.2,High
R04833,B0133,"Looking for 3093 units of Mild Steel sheet metal parts (MS), size 5 mm, for our general manufacturing plant in Nagpur. Need delivery in 26 days.",Sheet Metal Parts,Mild Steel,MS,5 mm,3093,units,Nagpur,26,General manufacturing,Flexible,0.01,371782.1,Low
R04834,B0746,"Please quote for 7913 gearboxes, Cast Iron, Helical, 10 HP. Location: Pune. Required by 41 days.",Gearboxes,Cast Iron,Helical,10 HP,7913,units,Pune,41,Construction,Flexible,0.97,1969363.35,Medium
R04835,B0509,"Looking for 4295 units of Mild Steel steel brackets (SS304), size 5 mm, for our general manufacturing plant in Pune. Need delivery in 24 days.",Steel Brackets,Mild Steel,SS304,5 mm,4295,units,Pune,24,General manufacturing,Normal,0.25,1653518.85,Medium
R04836,B0598,"Please quote for 5427 electric motors, Aluminium, IE3, 25 HP. Location: Chennai. Required by 8 days.",Electric Motors,Aluminium,IE3,25 HP,5427,units,Chennai,8,Construction,Urgent,0.55,1675841.53,High
R04837,B1007,"Need 1324 hydraulic cylinders for general manufacturing, Steel SS304, 100 mm. Delivery required in Hyderabad within 9 days. Please share quotation.",Hydraulic Cylinders,Steel,SS304,100 mm,1324,units,Hyderabad,9,General manufacturing,Urgent,0.09,606701.51,Medium
R04838,B0399,"Need 265 hydraulic cylinders for automotive, Stainless Steel MS, 150 mm. Delivery required in Hyderabad within 39 days. Please share quotation.",Hydraulic Cylinders,Stainless Steel,MS,150 mm,265,units,Hyderabad,39,Automotive,Flexible,0.18,87220.29,Low
R04839,B0390,"Looking for 10460 units of Mild Steel steel brackets (MS), size 5 mm, for our industrial plant plant in Hyderabad. Need delivery in 36 days.",Steel Brackets,Mild Steel,MS,5 mm,10460,units,Hyderabad,36,Industrial plant,Flexible,0.81,3860146.35,Medium
R04840,B1340,"Looking for 2252 units of Cast Iron gearboxes (Helical), size 10 HP, for our industrial plant plant in Hyderabad. Need delivery in 16 days.",Gearboxes,Cast Iron,Helical,10 HP,2252,units,Hyderabad,16,Industrial plant,Normal,0.97,1104421.38,Medium
R04841,B1194,"Looking for 125 units of Stainless Steel steel brackets (SS304), size 3 mm, for our general manufacturing plant in Nagpur. Need delivery in 20 days.",Steel Brackets,Stainless Steel,SS304,3 mm,125,units,Nagpur,20,General manufacturing,Normal,0.32,27508.95,Low
R04842,B1225,"Please quote for 9061 gearboxes, Cast Iron, Worm, 10 HP. Location: Nagpur. Required by 43 days.",Gearboxes,Cast Iron,Worm,10 HP,9061,units,Nagpur,43,Automotive,Flexible,0.96,2569497.27,Medium
R04843,B0411,"Please quote for 3319 steel brackets, Stainless Steel, SS304, 3 mm. Location: Pune. Required by 38 days.",Steel Brackets,Stainless Steel,SS304,3 mm,3319,units,Pune,38,Industrial plant,Flexible,0.99,1368103.58,Medium
R04844,B0670,"Please quote for 6147 hydraulic cylinders, Stainless Steel, SS304, 150 mm. Location: Hyderabad. Required by 40 days.",Hydraulic Cylinders,Stainless Steel,SS304,150 mm,6147,units,Hyderabad,40,General manufacturing,Flexible,0.83,2869652.42,Medium
R04845,B0922,"Need 5225 steel brackets for construction, Stainless Steel MS, 8 mm. Delivery required in Pune within 44 days. Please share quotation.",Steel Brackets,Stainless Steel,MS,8 mm,5225,units,Pune,44,Construction,Flexible,0.11,2337418.11,Medium
R04846,B0610,"Please quote for 5006 gearboxes, Cast Iron, Worm, 10 HP. Location: Nagpur. Required by 45 days.",Gearboxes,Cast Iron,Worm,10 HP,5006,units,Nagpur,45,Automotive,Flexible,0.06,2434194.4,Medium
R04847,B1239,"Please quote for 8644 electric motors, Cast Iron, IE2, 10 HP. Location: Hyderabad. Required by 4 days.",Electric Motors,Cast Iron,IE2,10 HP,8644,units,Hyderabad,4,Construction,Urgent,0.74,2968071.91,High
R04848,B0122,"Need 8521 hydraulic cylinders for oem project, Steel MS, 50 mm. Delivery required in Delhi within 35 days. Please share quotation.",Hydraulic Cylinders,Steel,MS,50 mm,8521,units,Delhi,35,OEM project,Flexible,0.6,3191560.52,Medium
R04849,B0432,"Please quote for 2580 ball valves, Carbon Steel, CS, 2 inch. Location: Nashik. Required by 8 days.",Ball Valves,Carbon Steel,CS,2 inch,2580,units,Nashik,8,OEM project,Urgent,0.94,1196593.52,High
R04850,B1370,"Looking for 7608 units of Cast Iron industrial pumps (SS316), size 20 HP, for our industrial plant plant in Ahmedabad. Need delivery in 25 days.",Industrial Pumps,Cast Iron,SS316,20 HP,7608,units,Ahmedabad,25,Industrial plant,Normal,0.65,602160.42,High
R04851,B0808,"Looking for 6123 units of Stainless Steel industrial pumps (CI), size 20 HP, for our construction plant in Chennai. Need delivery in 15 days.",Industrial Pumps,Stainless Steel,CI,20 HP,6123,units,Chennai,15,Construction,Normal,0.44,296632.37,Medium
R04852,B1012,"Please quote for 5864 gearboxes, Steel, Helical, 2 HP. Location: Mumbai. Required by 27 days.",Gearboxes,Steel,Helical,2 HP,5864,units,Mumbai,27,Construction,Flexible,0.93,840412.6,High
R04853,B0891,"Looking for 3686 units of Carbon Steel ball valves (CS), size 1 inch, for our construction plant in Nagpur. Need delivery in 35 days.",Ball Valves,Carbon Steel,CS,1 inch,3686,units,Nagpur,35,Construction,Flexible,0.36,1840452.22,Medium
R04854,B0519,"Need 544 steel brackets for general manufacturing, Mild Steel MS, 3 mm. Delivery required in Delhi within 21 days. Please share quotation.",Steel Brackets,Mild Steel,MS,3 mm,544,units,Delhi,21,General manufacturing,Normal,0.92,64836.6,Low
R04855,B1034,"Looking for 3482 units of Stainless Steel industrial pumps (CI), size 10 HP, for our general manufacturing plant in Hyderabad. Need delivery in 25 days.",Industrial Pumps,Stainless Steel,CI,10 HP,3482,units,Hyderabad,25,General manufacturing,Normal,0.39,374700.38,Low
R04856,B0888,"Please quote for 5123 steel brackets, Mild Steel, MS, 3 mm. Location: Nashik. Required by 26 days.",Steel Brackets,Mild Steel,MS,3 mm,5123,units,Nashik,26,Industrial plant,Flexible,0.02,2335282.93,Medium
R04857,B0496,"Looking for 8729 units of Stainless Steel sheet metal parts (SS304), size 5 mm, for our construction plant in Chennai. Need delivery in 15 days.",Sheet Metal Parts,Stainless Steel,SS304,5 mm,8729,units,Chennai,15,Construction,Normal,0.17,1897133.09,High
R04858,B0676,"Please quote for 5078 hydraulic cylinders, Steel, SS304, 100 mm. Location: Hyderabad. Required by 12 days.",Hydraulic Cylinders,Steel,SS304,100 mm,5078,units,Hyderabad,12,Automotive,Normal,0.6,1296299.09,High
R04859,B1192,"Looking for 8703 units of Steel gearboxes (Worm), size 2 HP, for our automotive plant in Nagpur. Need delivery in 35 days.",Gearboxes,Steel,Worm,2 HP,8703,units,Nagpur,35,Automotive,Flexible,0.95,3130784.42,Medium
R04860,B1175,"Need 2061 gearboxes for industrial plant, Steel Worm, 10 HP. Delivery required in Bengaluru within 29 days. Please share quotation.",Gearboxes,Steel,Worm,10 HP,2061,units,Bengaluru,29,Industrial plant,Flexible,0.34,771703.31,Medium
R04861,B0040,"Need 6294 sheet metal parts for automotive, Stainless Steel SS304, 10 mm. Delivery required in Hyderabad within 38 days. Please share quotation.",Sheet Metal Parts,Stainless Steel,SS304,10 mm,6294,units,Hyderabad,38,Automotive,Flexible,0.45,2965462.09,Medium
R04862,B0285,"Looking for 6895 units of Stainless Steel ball valves (SS316), size 1 inch, for our industrial plant plant in Bengaluru. Need delivery in 7 days.",Ball Valves,Stainless Steel,SS316,1 inch,6895,units,Bengaluru,7,Industrial plant,Urgent,0.91,2185165.77,High
R04863,B0875,"Please quote for 11331 conveyor belts, PU, Grade A, 500 mm. Location: Mumbai. Required by 10 days.",Conveyor Belts,PU,Grade A,500 mm,11331,units,Mumbai,10,OEM project,Urgent,0.79,1371018.09,High
R04864,B0716,"Need 7475 sheet metal parts for oem project, Stainless Steel SS304, 5 mm. Delivery required in Chennai within 21 days. Please share quotation.",Sheet Metal Parts,Stainless Steel,SS304,5 mm,7475,units,Chennai,21,OEM project,Normal,0.21,307137.18,Medium
R04865,B0949,"Need 9502 steel brackets for oem project, Mild Steel SS304, 5 mm. Delivery required in Nashik within 9 days. Please share quotation.",Steel Brackets,Mild Steel,SS304,5 mm,9502,units,Nashik,9,OEM project,Urgent,0.79,2376255.5,High
R04866,B1114,"Need 9877 gearboxes for automotive, Steel Worm, 5 HP. Delivery required in Delhi within 38 days. Please share quotation.",Gearboxes,Steel,Worm,5 HP,9877,units,Delhi,38,Automotive,Flexible,0.71,2395686.75,Medium
R04867,B0905,"Please quote for 7119 hydraulic cylinders, Steel, SS304, 150 mm. Location: Nagpur. Required by 3 days.",Hydraulic Cylinders,Steel,SS304,150 mm,7119,units,Nagpur,3,Industrial plant,Urgent,0.67,727853.84,High
R04868,B0250,"Need 1542 ball valves for industrial plant, Carbon Steel CS, 2 inch. Delivery required in Hyderabad within 7 days. Please share quotation.",Ball Valves,Carbon Steel,CS,2 inch,1542,units,Hyderabad,7,Industrial plant,Urgent,0.02,533047.54,High
R04869,B0006,"Looking for 2801 units of Mild Steel sheet metal parts (SS304), size 5 mm, for our construction plant in Chennai. Need delivery in 35 days.",Sheet Metal Parts,Mild Steel,SS304,5 mm,2801,units,Chennai,35,Construction,Flexible,0.89,1002887.23,Medium
R04870,B0793,"Looking for 11122 units of Rubber conveyor belts (Food Grade), size 1000 mm, for our general manufacturing plant in Kolkata. Need delivery in 31 days.",Conveyor Belts,Rubber,Food Grade,1000 mm,11122,units,Kolkata,31,General manufacturing,Flexible,0.59,805834.22,Medium
R04871,B0510,"Need 7648 industrial pumps for construction, Cast Iron CI, 10 HP. Delivery required in Hyderabad within 11 days. Please share quotation.",Industrial Pumps,Cast Iron,CI,10 HP,7648,units,Hyderabad,11,Construction,Normal,0.31,760191.82,High
R04872,B0995,"Please quote for 9351 gearboxes, Cast Iron, Worm, 10 HP. Location: Mumbai. Required by 34 days.",Gearboxes,Cast Iron,Worm,10 HP,9351,units,Mumbai,34,General manufacturing,Flexible,0.43,458433.07,Low
R04873,B0826,"Please quote for 11238 ball valves, Stainless Steel, CS, 3 inch. Location: Ahmedabad. Required by 31 days.",Ball Valves,Stainless Steel,CS,3 inch,11238,units,Ahmedabad,31,Construction,Flexible,0.25,3066188.39,Medium
R04874,B0718,"Need 2660 sheet metal parts for oem project, Stainless Steel MS, 10 mm. Delivery required in Ahmedabad within 27 days. Please share quotation.",Sheet Metal Parts,Stainless Steel,MS,10 mm,2660,units,Ahmedabad,27,OEM project,Flexible,0.87,501777.96,Medium
R04875,B0177,"Looking for 10394 units of Rubber conveyor belts (Grade A), size 800 mm, for our automotive plant in Chennai. Need delivery in 16 days.",Conveyor Belts,Rubber,Grade A,800 mm,10394,units,Chennai,16,Automotive,Normal,0.61,4346009.27,Medium
R04876,B0793,"Need 10502 industrial pumps for oem project, Cast Iron SS304, 10 HP. Delivery required in Mumbai within 11 days. Please share quotation.",Industrial Pumps,Cast Iron,SS304,10 HP,10502,units,Mumbai,11,OEM project,Normal,0.6,804049.4,High
R04877,B1227,"Please quote for 2663 electric motors, Cast Iron, IE2, 25 HP. Location: Kolkata. Required by 24 days.",Electric Motors,Cast Iron,IE2,25 HP,2663,units,Kolkata,24,OEM project,Normal,0.85,694780.78,Medium
R04878,B0593,"Need 5366 sheet metal parts for oem project, Mild Steel MS, 10 mm. Delivery required in Nagpur within 45 days. Please share quotation.",Sheet Metal Parts,Mild Steel,MS,10 mm,5366,units,Nagpur,45,OEM project,Flexible,0.95,2017223.74,Medium
R04879,B0439,"Please quote for 1091 industrial pumps, Cast Iron, SS316, 10 HP. Location: Hyderabad. Required by 34 days.",Industrial Pumps,Cast Iron,SS316,10 HP,1091,units,Hyderabad,34,Automotive,Flexible,0.91,75419.34,Low
R04880,B1309,"Please quote for 10129 sheet metal parts, Stainless Steel, SS304, 10 mm. Location: Nagpur. Required by 34 days.",Sheet Metal Parts,Stainless Steel,SS304,10 mm,10129,units,Nagpur,34,Industrial plant,Flexible,0.8,1708779.07,Medium
R04881,B1048,"Please quote for 3341 gearboxes, Steel, Worm, 2 HP. Location: Bengaluru. Required by 29 days.",Gearboxes,Steel,Worm,2 HP,3341,units,Bengaluru,29,Industrial plant,Flexible,0.56,1169375.39,Medium
R04882,B0469,"Looking for 6854 units of Mild Steel sheet metal parts (MS), size 5 mm, for our automotive plant in Mumbai. Need delivery in 15 days.",Sheet Metal Parts,Mild Steel,MS,5 mm,6854,units,Mumbai,15,Automotive,Normal,0.97,2031751.35,High
R04883,B1324,"Looking for 1974 units of Cast Iron industrial pumps (SS316), size 5 HP, for our automotive plant in Kolkata. Need delivery in 32 days.",Industrial Pumps,Cast Iron,SS316,5 HP,1974,units,Kolkata,32,Automotive,Flexible,0.82,810220.34,Medium
R04884,B0835,"Please quote for 1949 electric motors, Aluminium, IE3, 10 HP. Location: Delhi. Required by 26 days.",Electric Motors,Aluminium,IE3,10 HP,1949,units,Delhi,26,Industrial plant,Flexible,0.6,891278.39,Medium
R04885,B0098,"Need 1188 sheet metal parts for general manufacturing, Mild Steel SS304, 2 mm. Delivery required in Nashik within 20 days. Please share quotation.",Sheet Metal Parts,Mild Steel,SS304,2 mm,1188,units,Nashik,20,General manufacturing,Normal,0.51,501705.78,Medium
R04886,B1303,"Looking for 2590 units of Rubber conveyor belts (Grade A), size 500 mm, for our oem project plant in Nagpur. Need delivery in 31 days.",Conveyor Belts,Rubber,Grade A,500 mm,2590,units,Nagpur,31,OEM project,Flexible,0.67,266732.54,Low
R04887,B0511,"Need 4996 gearboxes for industrial plant, Steel Helical, 10 HP. Delivery required in Nashik within 35 days. Please share quotation.",Gearboxes,Steel,Helical,10 HP,4996,units,Nashik,35,Industrial plant,Flexible,0.22,1325995.99,Medium
R04888,B0412,"Please quote for 2344 gearboxes, Steel, Worm, 2 HP. Location: Delhi. Required by 34 days.",Gearboxes,Steel,Worm,2 HP,2344,units,Delhi,34,OEM project,Flexible,0.19,982172.87,Medium
R04889,B1333,"Need 5121 gearboxes for general manufacturing, Steel Worm, 10 HP. Delivery required in Kolkata within 12 days. Please share quotation.",Gearboxes,Steel,Worm,10 HP,5121,units,Kolkata,12,General manufacturing,Normal,0.41,2138721.34,High
R04890,B1492,"Please quote for 7818 ball valves, Carbon Steel, CS, 3 inch. Location: Mumbai. Required by 4 days.",Ball Valves,Carbon Steel,CS,3 inch,7818,units,Mumbai,4,OEM project,Urgent,0.43,3494923.11,High
R04891,B1470,"Looking for 5721 units of Stainless Steel steel brackets (MS), size 8 mm, for our oem project plant in Nagpur. Need delivery in 6 days.",Steel Brackets,Stainless Steel,MS,8 mm,5721,units,Nagpur,6,OEM project,Urgent,0.38,2453455.14,High
R04892,B1347,"Looking for 8369 units of Mild Steel steel brackets (SS304), size 5 mm, for our construction plant in Kolkata. Need delivery in 35 days.",Steel Brackets,Mild Steel,SS304,5 mm,8369,units,Kolkata,35,Construction,Flexible,0.06,3813880.92,Medium
R04893,B1359,"Need 10909 conveyor belts for automotive, Rubber Food Grade, 500 mm. Delivery required in Ahmedabad within 42 days. Please share quotation.",Conveyor Belts,Rubber,Food Grade,500 mm,10909,units,Ahmedabad,42,Automotive,Flexible,0.67,1276449.92,Medium
R04894,B0599,"Looking for 6320 units of Stainless Steel hydraulic cylinders (MS), size 150 mm, for our construction plant in Delhi. Need delivery in 44 days.",Hydraulic Cylinders,Stainless Steel,MS,150 mm,6320,units,Delhi,44,Construction,Flexible,0.63,1873855.39,Medium
R04895,B1084,"Please quote for 11784 hydraulic cylinders, Stainless Steel, MS, 50 mm. Location: Chennai. Required by 13 days.",Hydraulic Cylinders,Stainless Steel,MS,50 mm,11784,units,Chennai,13,General manufacturing,Normal,0.73,3483552.11,High
R04896,B1145,"Need 7083 electric motors for construction, Cast Iron IE3, 5 HP. Delivery required in Ahmedabad within 10 days. Please share quotation.",Electric Motors,Cast Iron,IE3,5 HP,7083,units,Ahmedabad,10,Construction,Urgent,0.02,156617.15,Medium
R04897,B1244,"Need 11948 steel brackets for general manufacturing, Stainless Steel SS304, 3 mm. Delivery required in Mumbai within 4 days. Please share quotation.",Steel Brackets,Stainless Steel,SS304,3 mm,11948,units,Mumbai,4,General manufacturing,Urgent,0.98,2399104.91,High
R04898,B0713,"Looking for 9873 units of Cast Iron industrial pumps (SS304), size 5 HP, for our oem project plant in Delhi. Need delivery in 14 days.",Industrial Pumps,Cast Iron,SS304,5 HP,9873,units,Delhi,14,OEM project,Normal,0.18,830032.72,High
R04899,B0691,"Looking for 1231 units of Stainless Steel industrial pumps (CI), size 20 HP, for our industrial plant plant in Delhi. Need delivery in 24 days.",Industrial Pumps,Stainless Steel,CI,20 HP,1231,units,Delhi,24,Industrial plant,Normal,0.68,105159.37,Low
R04900,B1072,"Please quote for 6366 sheet metal parts, Stainless Steel, SS304, 10 mm. Location: Delhi. Required by 6 days.",Sheet Metal Parts,Stainless Steel,SS304,10 mm,6366,units,Delhi,6,Industrial plant,Urgent,0.95,1714523.43,High
R04901,B0195,"Please quote for 335 industrial pumps, Stainless Steel, SS304, 5 HP. Location: Ahmedabad. Required by 45 days.",Industrial Pumps,Stainless Steel,SS304,5 HP,335,units,Ahmedabad,45,General manufacturing,Flexible,0.34,120919.36,Low
R04902,B0097,"Please quote for 11448 sheet metal parts, Stainless Steel, SS304, 2 mm. Location: Delhi. Required by 15 days.",Sheet Metal Parts,Stainless Steel,SS304,2 mm,11448,units,Delhi,15,Construction,Normal,0.14,2531110.21,High
R04903,B0566,"Need 1629 industrial pumps for general manufacturing, Cast Iron CI, 10 HP. Delivery required in Bengaluru within 11 days. Please share quotation.",Industrial Pumps,Cast Iron,CI,10 HP,1629,units,Bengaluru,11,General manufacturing,Normal,0.73,577174.89,Medium
R04904,B0174,"Please quote for 4378 steel brackets, Mild Steel, MS, 5 mm. Location: Nashik. Required by 20 days.",Steel Brackets,Mild Steel,MS,5 mm,4378,units,Nashik,20,OEM project,Normal,0.15,955224.92,Medium
R04905,B1023,"Looking for 2494 units of Mild Steel steel brackets (MS), size 8 mm, for our industrial plant plant in Nashik. Need delivery in 10 days.",Steel Brackets,Mild Steel,MS,8 mm,2494,units,Nashik,10,Industrial plant,Urgent,0.1,79925.48,Medium
R04906,B0281,"Need 7058 steel brackets for general manufacturing, Stainless Steel MS, 3 mm. Delivery required in Bengaluru within 17 days. Please share quotation.",Steel Brackets,Stainless Steel,MS,3 mm,7058,units,Bengaluru,17,General manufacturing,Normal,0.84,424884.21,Medium
R04907,B1051,"Looking for 8581 units of Stainless Steel steel brackets (MS), size 8 mm, for our industrial plant plant in Pune. Need delivery in 12 days.",Steel Brackets,Stainless Steel,MS,8 mm,8581,units,Pune,12,Industrial plant,Normal,0.26,3221177.51,High
R04908,B1056,"Need 2104 electric motors for construction, Cast Iron IE2, 25 HP. Delivery required in Ahmedabad within 4 days. Please share quotation.",Electric Motors,Cast Iron,IE2,25 HP,2104,units,Ahmedabad,4,Construction,Urgent,0.24,575024.65,High
R04909,B0339,"Please quote for 8910 hydraulic cylinders, Steel, MS, 100 mm. Location: Nashik. Required by 33 days.",Hydraulic Cylinders,Steel,MS,100 mm,8910,units,Nashik,33,Automotive,Flexible,0.37,4153211.41,Medium
R04910,B0139,"Need 6913 steel brackets for industrial plant, Stainless Steel MS, 5 mm. Delivery required in Delhi within 16 days. Please share quotation.",Steel Brackets,Stainless Steel,MS,5 mm,6913,units,Delhi,16,Industrial plant,Normal,0.49,1735527.77,Medium
R04911,B0087,"Looking for 10472 units of Stainless Steel steel brackets (MS), size 3 mm, for our automotive plant in Mumbai. Need delivery in 40 days.",Steel Brackets,Stainless Steel,MS,3 mm,10472,units,Mumbai,40,Automotive,Flexible,0.63,3699662.84,Medium
R04912,B0893,"Looking for 6148 units of Stainless Steel steel brackets (MS), size 8 mm, for our general manufacturing plant in Bengaluru. Need delivery in 30 days.",Steel Brackets,Stainless Steel,MS,8 mm,6148,units,Bengaluru,30,General manufacturing,Flexible,0.97,258748.29,Medium
R04913,B0762,"Please quote for 2112 conveyor belts, Rubber, Grade A, 500 mm. Location: Pune. Required by 30 days.",Conveyor Belts,Rubber,Grade A,500 mm,2112,units,Pune,30,General manufacturing,Flexible,0.62,279155.96,Low
R04914,B1036,"Please quote for 11335 conveyor belts, Rubber, Food Grade, 800 mm. Location: Hyderabad. Required by 20 days.",Conveyor Belts,Rubber,Food Grade,800 mm,11335,units,Hyderabad,20,Automotive,Normal,0.22,3437139.99,Medium
R04915,B0487,"Need 1067 steel brackets for general manufacturing, Stainless Steel SS304, 3 mm. Delivery required in Chennai within 33 days. Please share quotation.",Steel Brackets,Stainless Steel,SS304,3 mm,1067,units,Chennai,33,General manufacturing,Flexible,0.32,323710.26,Low
R04916,B0097,"Looking for 10549 units of Cast Iron electric motors (IE2), size 10 HP, for our construction plant in Bengaluru. Need delivery in 44 days.",Electric Motors,Cast Iron,IE2,10 HP,10549,units,Bengaluru,44,Construction,Flexible,0.38,3500895.57,Medium
R04917,B0803,"Please quote for 6401 gearboxes, Steel, Helical, 10 HP. Location: Kolkata. Required by 25 days.",Gearboxes,Steel,Helical,10 HP,6401,units,Kolkata,25,Automotive,Normal,0.17,772693.06,Medium
R04918,B1241,"Looking for 10883 units of PU conveyor belts (Grade A), size 500 mm, for our oem project plant in Mumbai. Need delivery in 32 days.",Conveyor Belts,PU,Grade A,500 mm,10883,units,Mumbai,32,OEM project,Flexible,0.42,3846303.45,Medium
R04919,B1131,"Need 7007 gearboxes for oem project, Cast Iron Helical, 5 HP. Delivery required in Nashik within 15 days. Please share quotation.",Gearboxes,Cast Iron,Helical,5 HP,7007,units,Nashik,15,OEM project,Normal,0.48,1757254.3,High
R04920,B0113,"Please quote for 10935 electric motors, Cast Iron, IE2, 5 HP. Location: Nagpur. Required by 25 days.",Electric Motors,Cast Iron,IE2,5 HP,10935,units,Nagpur,25,Automotive,Normal,0.15,2606486.6,Medium
R04921,B0830,"Need 11086 conveyor belts for automotive, PU Food Grade, 800 mm. Delivery required in Mumbai within 42 days. Please share quotation.",Conveyor Belts,PU,Food Grade,800 mm,11086,units,Mumbai,42,Automotive,Flexible,0.74,3672654.58,Medium
R04922,B1126,"Need 10681 electric motors for oem project, Aluminium IE3, 25 HP. Delivery required in Chennai within 20 days. Please share quotation.",Electric Motors,Aluminium,IE3,25 HP,10681,units,Chennai,20,OEM project,Normal,0.56,2046437.81,Medium
R04923,B0764,"Need 1857 industrial pumps for automotive, Cast Iron CI, 5 HP. Delivery required in Kolkata within 11 days. Please share quotation.",Industrial Pumps,Cast Iron,CI,5 HP,1857,units,Kolkata,11,Automotive,Normal,0.97,499276.67,Medium
R04924,B1076,"Please quote for 7002 ball valves, Carbon Steel, CS, 3 inch. Location: Delhi. Required by 19 days.",Ball Valves,Carbon Steel,CS,3 inch,7002,units,Delhi,19,Construction,Normal,0.18,2899964.44,Medium
R04925,B1266,"Need 10070 sheet metal parts for industrial plant, Mild Steel MS, 2 mm. Delivery required in Chennai within 37 days. Please share quotation.",Sheet Metal Parts,Mild Steel,MS,2 mm,10070,units,Chennai,37,Industrial plant,Flexible,0.45,3000046.31,Medium
R04926,B1049,"Looking for 11096 units of Stainless Steel steel brackets (SS304), size 8 mm, for our oem project plant in Nagpur. Need delivery in 37 days.",Steel Brackets,Stainless Steel,SS304,8 mm,11096,units,Nagpur,37,OEM project,Flexible,0.79,4193212.39,Medium
R04927,B0431,"Looking for 8154 units of Steel hydraulic cylinders (MS), size 100 mm, for our automotive plant in Chennai. Need delivery in 33 days.",Hydraulic Cylinders,Steel,MS,100 mm,8154,units,Chennai,33,Automotive,Flexible,0.09,3545266.3,Medium
R04928,B0411,"Looking for 11408 units of Carbon Steel ball valves (SS304), size 2 inch, for our general manufacturing plant in Chennai. Need delivery in 30 days.",Ball Valves,Carbon Steel,SS304,2 inch,11408,units,Chennai,30,General manufacturing,Flexible,0.76,4994042.67,High
R04929,B0740,"Looking for 4786 units of Stainless Steel sheet metal parts (SS304), size 5 mm, for our automotive plant in Bengaluru. Need delivery in 7 days.",Sheet Metal Parts,Stainless Steel,SS304,5 mm,4786,units,Bengaluru,7,Automotive,Urgent,0.25,673360.71,High
R04930,B1064,"Please quote for 1158 gearboxes, Cast Iron, Helical, 2 HP. Location: Chennai. Required by 39 days.",Gearboxes,Cast Iron,Helical,2 HP,1158,units,Chennai,39,Automotive,Flexible,0.38,30431.02,Low
R04931,B0286,"Need 6677 conveyor belts for automotive, PU Food Grade, 500 mm. Delivery required in Mumbai within 34 days. Please share quotation.",Conveyor Belts,PU,Food Grade,500 mm,6677,units,Mumbai,34,Automotive,Flexible,0.84,706634.86,Medium
R04932,B0632,"Please quote for 11189 steel brackets, Mild Steel, MS, 5 mm. Location: Ahmedabad. Required by 30 days.",Steel Brackets,Mild Steel,MS,5 mm,11189,units,Ahmedabad,30,OEM project,Flexible,0.21,989249.73,Medium
R04933,B0844,"Please quote for 8126 electric motors, Aluminium, IE3, 10 HP. Location: Nashik. Required by 16 days.",Electric Motors,Aluminium,IE3,10 HP,8126,units,Nashik,16,Automotive,Normal,0.28,4027985.66,Medium
R04934,B0415,"Please quote for 7637 gearboxes, Steel, Worm, 2 HP. Location: Delhi. Required by 33 days.",Gearboxes,Steel,Worm,2 HP,7637,units,Delhi,33,Industrial plant,Flexible,0.61,2011061.39,Medium
R04935,B0968,"Looking for 4159 units of Stainless Steel hydraulic cylinders (SS304), size 150 mm, for our industrial plant plant in Hyderabad. Need delivery in 27 days.",Hydraulic Cylinders,Stainless Steel,SS304,150 mm,4159,units,Hyderabad,27,Industrial plant,Flexible,0.89,390640.59,Medium
R04936,B1038,"Need 7884 steel brackets for oem project, Mild Steel MS, 3 mm. Delivery required in Delhi within 26 days. Please share quotation.",Steel Brackets,Mild Steel,MS,3 mm,7884,units,Delhi,26,OEM project,Flexible,0.88,1481517.18,High
R04937,B0833,"Need 10320 electric motors for industrial plant, Cast Iron IE3, 10 HP. Delivery required in Hyderabad within 43 days. Please share quotation.",Electric Motors,Cast Iron,IE3,10 HP,10320,units,Hyderabad,43,Industrial plant,Flexible,0.32,2934314.11,Medium
R04938,B0169,"Looking for 9474 units of Stainless Steel steel brackets (SS304), size 5 mm, for our general manufacturing plant in Delhi. Need delivery in 17 days.",Steel Brackets,Stainless Steel,SS304,5 mm,9474,units,Delhi,17,General manufacturing,Normal,0.2,1044387.76,Medium
R04939,B0545,"Please quote for 6936 gearboxes, Steel, Helical, 5 HP. Location: Kolkata. Required by 37 days.",Gearboxes,Steel,Helical,5 HP,6936,units,Kolkata,37,Industrial plant,Flexible,0.79,2147255.31,Medium
R04940,B0394,"Need 4719 steel brackets for industrial plant, Stainless Steel MS, 8 mm. Delivery required in Chennai within 4 days. Please share quotation.",Steel Brackets,Stainless Steel,MS,8 mm,4719,units,Chennai,4,Industrial plant,Urgent,0.59,1471462.56,High
R04941,B0515,"Looking for 9882 units of Mild Steel steel brackets (MS), size 8 mm, for our oem project plant in Nashik. Need delivery in 38 days.",Steel Brackets,Mild Steel,MS,8 mm,9882,units,Nashik,38,OEM project,Flexible,0.62,619324.37,Medium
R04942,B0064,"Need 9404 hydraulic cylinders for automotive, Stainless Steel SS304, 50 mm. Delivery required in Nashik within 9 days. Please share quotation.",Hydraulic Cylinders,Stainless Steel,SS304,50 mm,9404,units,Nashik,9,Automotive,Urgent,0.07,2292520.17,High
R04943,B1007,"Looking for 8840 units of Stainless Steel steel brackets (MS), size 3 mm, for our oem project plant in Nashik. Need delivery in 11 days.",Steel Brackets,Stainless Steel,MS,3 mm,8840,units,Nashik,11,OEM project,Normal,0.02,1793236.77,High
R04944,B0420,"Please quote for 6632 sheet metal parts, Stainless Steel, MS, 5 mm. Location: Mumbai. Required by 11 days.",Sheet Metal Parts,Stainless Steel,MS,5 mm,6632,units,Mumbai,11,Industrial plant,Normal,0.63,1407229.84,High
R04945,B0201,"Looking for 6502 units of Steel gearboxes (Worm), size 2 HP, for our automotive plant in Chennai. Need delivery in 30 days.",Gearboxes,Steel,Worm,2 HP,6502,units,Chennai,30,Automotive,Flexible,0.78,472942.69,Medium
R04946,B1115,"Need 1342 gearboxes for oem project, Steel Helical, 10 HP. Delivery required in Mumbai within 4 days. Please share quotation.",Gearboxes,Steel,Helical,10 HP,1342,units,Mumbai,4,OEM project,Urgent,0.69,606224.51,High
R04947,B0002,"Looking for 7520 units of Mild Steel sheet metal parts (SS304), size 2 mm, for our general manufacturing plant in Delhi. Need delivery in 29 days.",Sheet Metal Parts,Mild Steel,SS304,2 mm,7520,units,Delhi,29,General manufacturing,Flexible,0.45,2924082.56,Medium
R04948,B0252,"Please quote for 8612 electric motors, Aluminium, IE3, 5 HP. Location: Delhi. Required by 31 days.",Electric Motors,Aluminium,IE3,5 HP,8612,units,Delhi,31,Industrial plant,Flexible,0.21,3989249.81,Medium
R04949,B1446,"Looking for 1737 units of Steel hydraulic cylinders (MS), size 100 mm, for our construction plant in Kolkata. Need delivery in 16 days.",Hydraulic Cylinders,Steel,MS,100 mm,1737,units,Kolkata,16,Construction,Normal,0.28,760033.6,Medium
R04950,B1456,"Looking for 9904 units of Stainless Steel ball valves (SS316), size 3 inch, for our construction plant in Nashik. Need delivery in 18 days.",Ball Valves,Stainless Steel,SS316,3 inch,9904,units,Nashik,18,Construction,Normal,0.65,984090.8,High
R04951,B0780,"Need 8102 hydraulic cylinders for industrial plant, Stainless Steel MS, 50 mm. Delivery required in Kolkata within 41 days. Please share quotation.",Hydraulic Cylinders,Stainless Steel,MS,50 mm,8102,units,Kolkata,41,Industrial plant,Flexible,0.16,1359388.66,Medium
R04952,B0874,"Need 275 steel brackets for automotive, Mild Steel SS304, 8 mm. Delivery required in Delhi within 9 days. Please share quotation.",Steel Brackets,Mild Steel,SS304,8 mm,275,units,Delhi,9,Automotive,Urgent,0.44,43540.07,Low
R04953,B0656,"Please quote for 9646 steel brackets, Mild Steel, MS, 8 mm. Location: Delhi. Required by 35 days.",Steel Brackets,Mild Steel,MS,8 mm,9646,units,Delhi,35,General manufacturing,Flexible,0.54,2610257.35,Medium
R04954,B1031,"Please quote for 7461 steel brackets, Stainless Steel, MS, 5 mm. Location: Nashik. Required by 31 days.",Steel Brackets,Stainless Steel,MS,5 mm,7461,units,Nashik,31,Automotive,Flexible,0.09,2531930.85,Medium
R04955,B1211,"Need 926 gearboxes for construction, Cast Iron Worm, 10 HP. Delivery required in Kolkata within 3 days. Please share quotation.",Gearboxes,Cast Iron,Worm,10 HP,926,units,Kolkata,3,Construction,Urgent,0.64,124430.52,Medium
R04956,B1036,"Need 6373 steel brackets for industrial plant, Stainless Steel SS304, 8 mm. Delivery required in Nashik within 20 days. Please share quotation.",Steel Brackets,Stainless Steel,SS304,8 mm,6373,units,Nashik,20,Industrial plant,Normal,0.71,411748.17,Medium
R04957,B0201,"Please quote for 3357 conveyor belts, PU, Food Grade, 500 mm. Location: Pune. Required by 27 days.",Conveyor Belts,PU,Food Grade,500 mm,3357,units,Pune,27,General manufacturing,Flexible,0.93,866910.66,Medium
R04958,B0267,"Looking for 10123 units of Stainless Steel steel brackets (SS304), size 5 mm, for our general manufacturing plant in Pune. Need delivery in 3 days.",Steel Brackets,Stainless Steel,SS304,5 mm,10123,units,Pune,3,General manufacturing,Urgent,0.54,3658996.55,High
R04959,B0524,"Please quote for 3414 gearboxes, Cast Iron, Helical, 2 HP. Location: Chennai. Required by 34 days.",Gearboxes,Cast Iron,Helical,2 HP,3414,units,Chennai,34,OEM project,Flexible,0.83,1617553.16,Medium
R04960,B0024,"Looking for 4166 units of Steel hydraulic cylinders (MS), size 50 mm, for our general manufacturing plant in Nagpur. Need delivery in 38 days.",Hydraulic Cylinders,Steel,MS,50 mm,4166,units,Nagpur,38,General manufacturing,Flexible,0.69,403193.18,Low
R04961,B0312,"Please quote for 5734 hydraulic cylinders, Steel, SS304, 100 mm. Location: Mumbai. Required by 17 days.",Hydraulic Cylinders,Steel,SS304,100 mm,5734,units,Mumbai,17,Automotive,Normal,0.47,2747641.54,Medium
R04962,B0506,"Looking for 3001 units of Stainless Steel steel brackets (MS), size 3 mm, for our oem project plant in Nashik. Need delivery in 30 days.",Steel Brackets,Stainless Steel,MS,3 mm,3001,units,Nashik,30,OEM project,Flexible,0.33,1139989.04,Medium
R04963,B0946,"Need 6986 industrial pumps for automotive, Cast Iron CI, 10 HP. Delivery required in Bengaluru within 21 days. Please share quotation.",Industrial Pumps,Cast Iron,CI,10 HP,6986,units,Bengaluru,21,Automotive,Normal,0.33,2720999.31,Medium
R04964,B1144,"Need 7288 ball valves for construction, Stainless Steel SS304, 1 inch. Delivery required in Nashik within 17 days. Please share quotation.",Ball Valves,Stainless Steel,SS304,1 inch,7288,units,Nashik,17,Construction,Normal,0.19,1286066.22,Medium
R04965,B0005,"Looking for 4635 units of Carbon Steel ball valves (CS), size 2 inch, for our construction plant in Bengaluru. Need delivery in 28 days.",Ball Valves,Carbon Steel,CS,2 inch,4635,units,Bengaluru,28,Construction,Flexible,0.49,535289.92,Medium
R04966,B0965,"Looking for 9470 units of PU conveyor belts (Grade A), size 1000 mm, for our industrial plant plant in Ahmedabad. Need delivery in 5 days.",Conveyor Belts,PU,Grade A,1000 mm,9470,units,Ahmedabad,5,Industrial plant,Urgent,0.99,2373954.8,High
R04967,B0229,"Please quote for 4172 ball valves, Stainless Steel, SS304, 2 inch. Location: Hyderabad. Required by 5 days.",Ball Valves,Stainless Steel,SS304,2 inch,4172,units,Hyderabad,5,OEM project,Urgent,0.79,361794.23,High
R04968,B0883,"Looking for 5801 units of Mild Steel steel brackets (SS304), size 5 mm, for our construction plant in Chennai. Need delivery in 24 days.",Steel Brackets,Mild Steel,SS304,5 mm,5801,units,Chennai,24,Construction,Normal,0.24,613719.76,Medium
R04969,B0183,"Need 3129 industrial pumps for construction, Stainless Steel SS304, 20 HP. Delivery required in Pune within 38 days. Please share quotation.",Industrial Pumps,Stainless Steel,SS304,20 HP,3129,units,Pune,38,Construction,Flexible,0.4,1088551.41,Medium
R04970,B1046,"Please quote for 4779 gearboxes, Cast Iron, Helical, 5 HP. Location: Nagpur. Required by 20 days.",Gearboxes,Cast Iron,Helical,5 HP,4779,units,Nagpur,20,Industrial plant,Normal,0.22,1294850.41,Medium
R04971,B0167,"Looking for 8805 units of Steel hydraulic cylinders (SS304), size 100 mm, for our automotive plant in Bengaluru. Need delivery in 16 days.",Hydraulic Cylinders,Steel,SS304,100 mm,8805,units,Bengaluru,16,Automotive,Normal,0.65,4209859.68,High
R04972,B0234,"Looking for 1459 units of Stainless Steel hydraulic cylinders (SS304), size 150 mm, for our automotive plant in Nagpur. Need delivery in 11 days.",Hydraulic Cylinders,Stainless Steel,SS304,150 mm,1459,units,Nagpur,11,Automotive,Normal,0.06,626187.71,Medium
R04973,B0318,"Need 9620 hydraulic cylinders for oem project, Stainless Steel SS304, 50 mm. Delivery required in Hyderabad within 7 days. Please share quotation.",Hydraulic Cylinders,Stainless Steel,SS304,50 mm,9620,units,Hyderabad,7,OEM project,Urgent,0.25,502652.49,High
R04974,B0397,"Need 9680 conveyor belts for automotive, PU Grade A, 800 mm. Delivery required in Nagpur within 26 days. Please share quotation.",Conveyor Belts,PU,Grade A,800 mm,9680,units,Nagpur,26,Automotive,Flexible,0.94,756718.07,High
R04975,B0945,"Looking for 3523 units of Cast Iron industrial pumps (CI), size 10 HP, for our oem project plant in Chennai. Need delivery in 19 days.",Industrial Pumps,Cast Iron,CI,10 HP,3523,units,Chennai,19,OEM project,Normal,0.64,1349930.72,Medium
R04976,B0022,"Please quote for 9497 steel brackets, Stainless Steel, SS304, 5 mm. Location: Delhi. Required by 39 days.",Steel Brackets,Stainless Steel,SS304,5 mm,9497,units,Delhi,39,Automotive,Flexible,0.84,1005701.6,Medium
R04977,B1422,"Need 3753 ball valves for oem project, Stainless Steel SS316, 2 inch. Delivery required in Chennai within 43 days. Please share quotation.",Ball Valves,Stainless Steel,SS316,2 inch,3753,units,Chennai,43,OEM project,Flexible,0.21,1378878.34,Medium
R04978,B0398,"Looking for 2069 units of Cast Iron industrial pumps (SS316), size 10 HP, for our general manufacturing plant in Bengaluru. Need delivery in 29 days.",Industrial Pumps,Cast Iron,SS316,10 HP,2069,units,Bengaluru,29,General manufacturing,Flexible,0.24,243007.79,Low
R04979,B1496,"Looking for 6967 units of Steel gearboxes (Helical), size 2 HP, for our construction plant in Chennai. Need delivery in 8 days.",Gearboxes,Steel,Helical,2 HP,6967,units,Chennai,8,Construction,Urgent,0.01,1746833.81,High
R04980,B1178,"Please quote for 1121 electric motors, Aluminium, IE3, 5 HP. Location: Pune. Required by 45 days.",Electric Motors,Aluminium,IE3,5 HP,1121,units,Pune,45,OEM project,Flexible,0.9,266163.92,Low
R04981,B0616,"Please quote for 8527 industrial pumps, Cast Iron, SS304, 20 HP. Location: Hyderabad. Required by 26 days.",Industrial Pumps,Cast Iron,SS304,20 HP,8527,units,Hyderabad,26,General manufacturing,Flexible,0.96,1931645.59,High
R04982,B0226,"Looking for 2314 units of Stainless Steel industrial pumps (SS304), size 20 HP, for our oem project plant in Bengaluru. Need delivery in 18 days.",Industrial Pumps,Stainless Steel,SS304,20 HP,2314,units,Bengaluru,18,OEM project,Normal,0.71,288353.59,Medium
R04983,B0174,"Please quote for 4818 gearboxes, Cast Iron, Worm, 2 HP. Location: Pune. Required by 11 days.",Gearboxes,Cast Iron,Worm,2 HP,4818,units,Pune,11,Construction,Normal,0.94,2038476.67,High
R04984,B1372,"Need 3887 electric motors for industrial plant, Cast Iron IE2, 25 HP. Delivery required in Mumbai within 24 days. Please share quotation.",Electric Motors,Cast Iron,IE2,25 HP,3887,units,Mumbai,24,Industrial plant,Normal,0.37,272699.14,Low
R04985,B0851,"Looking for 5311 units of Stainless Steel steel brackets (MS), size 8 mm, for our oem project plant in Delhi. Need delivery in 20 days.",Steel Brackets,Stainless Steel,MS,8 mm,5311,units,Delhi,20,OEM project,Normal,0.87,1337527.23,High
R04986,B0979,"Please quote for 2595 electric motors, Aluminium, IE3, 5 HP. Location: Nashik. Required by 23 days.",Electric Motors,Aluminium,IE3,5 HP,2595,units,Nashik,23,Automotive,Normal,0.91,545766.98,Medium
R04987,B0992,"Need 3702 ball valves for general manufacturing, Carbon Steel CS, 3 inch. Delivery required in Nashik within 11 days. Please share quotation.",Ball Valves,Carbon Steel,CS,3 inch,3702,units,Nashik,11,General manufacturing,Normal,0.82,212982.6,Medium
R04988,B0777,"Need 5048 sheet metal parts for construction, Stainless Steel SS304, 10 mm. Delivery required in Nashik within 27 days. Please share quotation.",Sheet Metal Parts,Stainless Steel,SS304,10 mm,5048,units,Nashik,27,Construction,Flexible,0.03,850981.95,Medium
R04989,B1327,"Looking for 4221 units of Mild Steel sheet metal parts (MS), size 2 mm, for our automotive plant in Nashik. Need delivery in 18 days.",Sheet Metal Parts,Mild Steel,MS,2 mm,4221,units,Nashik,18,Automotive,Normal,0.15,1547364.22,Medium
R04990,B1005,"Need 4986 gearboxes for automotive, Cast Iron Helical, 10 HP. Delivery required in Hyderabad within 15 days. Please share quotation.",Gearboxes,Cast Iron,Helical,10 HP,4986,units,Hyderabad,15,Automotive,Normal,0.63,1066682.68,Medium
R04991,B0937,"Please quote for 9514 gearboxes, Cast Iron, Worm, 10 HP. Location: Hyderabad. Required by 41 days.",Gearboxes,Cast Iron,Worm,10 HP,9514,units,Hyderabad,41,Automotive,Flexible,0.27,268667.03,Low
R04992,B0549,"Need 1540 conveyor belts for construction, Rubber Grade A, 500 mm. Delivery required in Nagpur within 33 days. Please share quotation.",Conveyor Belts,Rubber,Grade A,500 mm,1540,units,Nagpur,33,Construction,Flexible,0.03,87522.15,Low
R04993,B0374,"Looking for 1192 units of Steel hydraulic cylinders (MS), size 150 mm, for our automotive plant in Kolkata. Need delivery in 7 days.",Hydraulic Cylinders,Steel,MS,150 mm,1192,units,Kolkata,7,Automotive,Urgent,0.89,58359.6,Medium
R04994,B1298,"Looking for 166 units of Stainless Steel ball valves (CS), size 3 inch, for our general manufacturing plant in Ahmedabad. Need delivery in 21 days.",Ball Valves,Stainless Steel,CS,3 inch,166,units,Ahmedabad,21,General manufacturing,Normal,0.62,31567.56,Low
R04995,B0644,"Please quote for 5810 gearboxes, Steel, Worm, 5 HP. Location: Bengaluru. Required by 13 days.",Gearboxes,Steel,Worm,5 HP,5810,units,Bengaluru,13,Automotive,Normal,0.34,1641377.33,High
R04996,B1352,"Need 8903 electric motors for oem project, Cast Iron IE2, 10 HP. Delivery required in Chennai within 7 days. Please share quotation.",Electric Motors,Cast Iron,IE2,10 HP,8903,units,Chennai,7,OEM project,Urgent,0.92,327117.11,High
R04997,B1441,"Please quote for 8229 ball valves, Stainless Steel, CS, 3 inch. Location: Ahmedabad. Required by 23 days.",Ball Valves,Stainless Steel,CS,3 inch,8229,units,Ahmedabad,23,Industrial plant,Normal,0.71,510868.79,High
R04998,B0447,"Looking for 7926 units of Stainless Steel industrial pumps (SS316), size 5 HP, for our construction plant in Ahmedabad. Need delivery in 16 days.",Industrial Pumps,Stainless Steel,SS316,5 HP,7926,units,Ahmedabad,16,Construction,Normal,0.72,3547430.52,High
R04999,B0573,"Please quote for 5758 electric motors, Aluminium, IE3, 25 HP. Location: Delhi. Required by 41 days.",Electric Motors,Aluminium,IE3,25 HP,5758,units,Delhi,41,General manufacturing,Flexible,0.64,1750028.63,Medium
R05000,B1463,"Looking for 2170 units of Cast Iron electric motors (IE2), size 10 HP, for our general manufacturing plant in Bengaluru. Need delivery in 31 days.",Electric Motors,Cast Iron,IE2,10 HP,2170,units,Bengaluru,31,General manufacturing,Flexible,0.07,421698.88,Low
